0.00225
0.00275
0.00325
0.00375
0.00425
0.00475
0.00525
0.00575
0.00625
0.00675
0.00725
0.00775
0.00825
0.00875
0.00925
0.00975
0.01025
0.01075
0.01125
0.01175
0.01225
0.01275
0.01325
0.01375
0.01425
0.01475
0.01525
0.01575
0.01625
0.01675
0.01725
0.01775
0.01825
0.01875
0.01925
0.01975
0.02025
0.02075
0.02125
0.02175
0.02225
0.02275
0.02325
0.02375
0.02425
0.02475
0.02525
0.02575
0.026
0.02625
0.02675
0.02725
0.02775
0.02825
0.02875
0.02925
0.02975
0.03
0.03025
0.03075
0.03125
0.03175
0.03225
0.0325
0.03275
0.03325
0.03375
0.034
0.03425
0.03475
0.0375
0.038
0.042
0.0425
0.046
0.0475
0.05
0.0525
0.054
0.0575
0.058
0.062
0.0625
0.066
0.0675
0.07
0.0725
0.074
0.0775
0.078
0.0825
0.0875
0.0925
0.0975
0.1025
0.1075
0.1125
0.1175
0.1225
0.1275
0.1325
0.1375
0.1425
0.1475
0.1525
0.1575
0.1625
0.1675
0.1725
0.1775
0.1825
0.1875
0.1925
0.1975
0.2025
0.2075
0.2125
0.2175
0.2225
0.2275
0.2325
0.2375
0.2425
0.2475
0.2525
0.2575
0.2625
0.2675
0.2725
0.2775
0.2825
0.2875
0.2925
0.2975
0.3025
0.3075
0.3125
0.3175
0.46
0.48
0.5
0.52
0.54
0.56
0.58
0.6
0.62
0.64
0.66
0.68
0.7
0.73
0.77
0.81
0.85
0.89
0.93
0.97
1.01
1.05
1.09
1.13
1.17
1.21
1.25
1.29
1.33
1.37
1.41
1.45
1.49
1.53