10 1002 -12 -2 7829  0  157571
-12  34  
-11.99  40  
-11.98  37  
-11.97  35  
-11.96  35  
-11.95  47  
-11.94  43  
-11.93  38  
-11.92  33  
-11.91  40  
-11.9  32  
-11.89  45  
-11.88  35  
-11.87  43  
-11.86  36  
-11.85  50  
-11.84  47  
-11.83  67  
-11.82  37  
-11.81  36  
-11.8  47  
-11.79  35  
-11.78  43  
-11.77  36  
-11.76  36  
-11.75  43  
-11.74  40  
-11.73  36  
-11.72  45  
-11.71  42  
-11.7  53  
-11.69  43  
-11.68  37  
-11.67  40  
-11.66  47  
-11.65  34  
-11.64  51  
-11.63  41  
-11.62  39  
-11.61  45  
-11.6  39  
-11.59  55  
-11.58  47  
-11.57  38  
-11.56  52  
-11.55  40  
-11.54  38  
-11.53  42  
-11.52  43  
-11.51  55  
-11.5  55  
-11.49  42  
-11.48  50  
-11.47  43  
-11.46  59  
-11.45  50  
-11.44  48  
-11.43  51  
-11.42  67  
-11.41  52  
-11.4  51  
-11.39  52  
-11.38  60  
-11.37  41  
-11.36  57  
-11.35  51  
-11.34  53  
-11.33  50  
-11.32  56  
-11.31  44  
-11.3  41  
-11.29  49  
-11.28  56  
-11.27  42  
-11.26  59  
-11.25  68  
-11.24  48  
-11.23  52  
-11.22  43  
-11.21  53  
-11.2  44  
-11.19  45  
-11.18  57  
-11.17  64  
-11.16  56  
-11.15  55  
-11.14  62  
-11.13  65  
-11.12  60  
-11.11  68  
-11.1  56  
-11.09  59  
-11.08  63  
-11.07  69  
-11.06  65  
-11.05  62  
-11.04  71  
-11.03  62  
-11.02  59  
-11.01  78  
-11  59  
-10.99  63  
-10.98  42  
-10.97  78  
-10.96  80  
-10.95  70  
-10.94  70  
-10.93  58  
-10.92  65  
-10.91  56  
-10.9  82  
-10.89  66  
-10.88  61  
-10.87  77  
-10.86  80  
-10.85  59  
-10.84  59  
-10.83  72  
-10.82  74  
-10.81  58  
-10.8  73  
-10.79  70  
-10.78  70  
-10.77  72  
-10.76  75  
-10.75  61  
-10.74  65  
-10.73  76  
-10.72  70  
-10.71  82  
-10.7  87  
-10.69  84  
-10.68  82  
-10.67  75  
-10.66  79  
-10.65  75  
-10.64  67  
-10.63  79  
-10.62  76  
-10.61  78  
-10.6  88  
-10.59  75  
-10.58  90  
-10.57  92  
-10.56  98  
-10.55  99  
-10.54  88  
-10.53  89  
-10.52  99  
-10.51  75  
-10.5  76  
-10.49  113  
-10.48  89  
-10.47  92  
-10.46  107  
-10.45  90  
-10.44  90  
-10.43  104  
-10.42  92  
-10.41  109  
-10.4  104  
-10.39  108  
-10.38  101  
-10.37  96  
-10.36  84  
-10.35  134  
-10.34  113  
-10.33  89  
-10.32  122  
-10.31  106  
-10.3  117  
-10.29  110  
-10.28  111  
-10.27  94  
-10.26  85  
-10.25  106  
-10.24  113  
-10.23  133  
-10.22  109  
-10.21  121  
-10.2  110  
-10.19  108  
-10.18  131  
-10.17  124  
-10.16  112  
-10.15  125  
-10.14  112  
-10.13  128  
-10.12  105  
-10.11  129  
-10.1  121  
-10.09  124  
-10.08  123  
-10.07  142  
-10.06  125  
-10.05  114  
-10.04  125  
-10.03  115  
-10.02  131  
-10.01  144  
-10  133  
-9.99  140  
-9.98  133  
-9.97  145  
-9.96  118  
-9.95  150  
-9.94  165  
-9.93  144  
-9.92  150  
-9.91  141  
-9.9  136  
-9.89  145  
-9.88  155  
-9.87  167  
-9.86  142  
-9.85  176  
-9.84  157  
-9.83  168  
-9.82  133  
-9.81  153  
-9.8  118  
-9.79  176  
-9.78  187  
-9.77  172  
-9.76  151  
-9.75  170  
-9.74  171  
-9.73  159  
-9.72  187  
-9.71  186  
-9.7  161  
-9.69  182  
-9.68  174  
-9.67  188  
-9.66  164  
-9.65  187  
-9.64  200  
-9.63  173  
-9.62  193  
-9.61  176  
-9.6  167  
-9.59  187  
-9.58  204  
-9.57  172  
-9.56  189  
-9.55  194  
-9.54  182  
-9.53  183  
-9.52  167  
-9.51  191  
-9.5  188  
-9.49  208  
-9.48  178  
-9.47  215  
-9.46  227  
-9.45  190  
-9.44  221  
-9.43  200  
-9.42  216  
-9.41  193  
-9.4  203  
-9.39  216  
-9.38  217  
-9.37  223  
-9.36  170  
-9.35  231  
-9.34  241  
-9.33  223  
-9.32  223  
-9.31  206  
-9.3  236  
-9.29  219  
-9.28  246  
-9.27  217  
-9.26  231  
-9.25  256  
-9.24  216  
-9.23  222  
-9.22  225  
-9.21  248  
-9.2  242  
-9.19  260  
-9.18  235  
-9.17  234  
-9.16  215  
-9.15  236  
-9.14  234  
-9.13  234  
-9.12  233  
-9.11  266  
-9.1  240  
-9.09  265  
-9.08  226  
-9.07  226  
-9.06  261  
-9.05  241  
-9.04  226  
-9.03  227  
-9.02  259  
-9.01  257  
-9  237  
-8.99  259  
-8.98  265  
-8.97  264  
-8.96  238  
-8.95  251  
-8.94  262  
-8.93  285  
-8.92  254  
-8.91  243  
-8.9  261  
-8.89  252  
-8.88  252  
-8.87  251  
-8.86  226  
-8.85  252  
-8.84  258  
-8.83  268  
-8.82  241  
-8.81  247  
-8.8  258  
-8.79  235  
-8.78  253  
-8.77  274  
-8.76  251  
-8.75  224  
-8.74  265  
-8.73  247  
-8.72  244  
-8.71  240  
-8.7  230  
-8.69  216  
-8.68  254  
-8.67  250  
-8.66  226  
-8.65  213  
-8.64  245  
-8.63  257  
-8.62  248  
-8.61  204  
-8.6  226  
-8.59  220  
-8.58  243  
-8.57  260  
-8.56  240  
-8.55  229  
-8.54  253  
-8.53  240  
-8.52  228  
-8.51  247  
-8.5  233  
-8.49  228  
-8.48  237  
-8.47  205  
-8.46  251  
-8.45  217  
-8.44  259  
-8.43  215  
-8.42  225  
-8.41  225  
-8.4  224  
-8.39  239  
-8.38  226  
-8.37  237  
-8.36  219  
-8.35  221  
-8.34  207  
-8.33  237  
-8.32  200  
-8.31  223  
-8.3  233  
-8.29  227  
-8.28  212  
-8.27  218  
-8.26  239  
-8.25  199  
-8.24  208  
-8.23  197  
-8.22  215  
-8.21  216  
-8.2  214  
-8.19  213  
-8.18  196  
-8.17  198  
-8.16  215  
-8.15  197  
-8.14  203  
-8.13  207  
-8.12  203  
-8.11  198  
-8.1  200  
-8.09  207  
-8.08  199  
-8.07  200  
-8.06  214  
-8.05  206  
-8.04  226  
-8.03  204  
-8.02  215  
-8.01  197  
-8  227  
-7.99  227  
-7.98  240  
-7.97  180  
-7.96  208  
-7.95  205  
-7.94  205  
-7.93  203  
-7.92  220  
-7.91  210  
-7.9  210  
-7.89  209  
-7.88  204  
-7.87  205  
-7.86  221  
-7.85  233  
-7.84  207  
-7.83  217  
-7.82  202  
-7.81  183  
-7.8  216  
-7.79  220  
-7.78  199  
-7.77  239  
-7.76  207  
-7.75  225  
-7.74  211  
-7.73  197  
-7.72  228  
-7.71  212  
-7.7  212  
-7.69  210  
-7.68  221  
-7.67  202  
-7.66  232  
-7.65  216  
-7.64  259  
-7.63  210  
-7.62  228  
-7.61  215  
-7.6  251  
-7.59  219  
-7.58  224  
-7.57  222  
-7.56  215  
-7.55  225  
-7.54  233  
-7.53  247  
-7.52  202  
-7.51  208  
-7.5  258  
-7.49  216  
-7.48  230  
-7.47  203  
-7.46  212  
-7.45  203  
-7.44  177  
-7.43  189  
-7.42  190  
-7.41  187  
-7.4  169  
-7.39  151  
-7.38  165  
-7.37  150  
-7.36  130  
-7.35  159  
-7.34  138  
-7.33  130  
-7.32  123  
-7.31  112  
-7.3  101  
-7.29  95  
-7.28  91  
-7.27  73  
-7.26  72  
-7.25  74  
-7.24  53  
-7.23  65  
-7.22  51  
-7.21  46  
-7.2  46  
-7.19  33  
-7.18  22  
-7.17  26  
-7.16  26  
-7.15  22  
-7.14  17  
-7.13  12  
-7.12  18  
-7.11  9  
-7.1  7  
-7.09  4  
-7.08  6  
-7.07  7  
-7.06  8  
-7.05  6  
-7.04  6  
-7.03  6  
-7.02  4  
-7.01  5  
-7  11  
-6.99  2  
-6.98  2  
-6.97  2  
-6.96  1  
-6.95  3  
-6.94  0  
-6.93  2  
-6.92  0  
-6.91  4  
-6.9  2  
-6.89  1  
-6.88  0  
-6.87  1  
-6.86  0  
-6.85  1  
-6.84  2  
-6.83  0  
-6.82  0  
-6.81  0  
-6.8  0  
-6.79  0  
-6.78  0  
-6.77  0  
-6.76  0  
-6.75  0  
-6.74  0  
-6.73  0  
-6.72  0  
-6.71  0  
-6.7  0  
-6.69  0  
-6.68  0  
-6.67  0  
-6.66  0  
-6.65  0  
-6.64  0  
-6.63  0  
-6.62  0  
-6.61  0  
-6.6  0  
-6.59  0  
-6.58  0  
-6.57  0  
-6.56  0  
-6.55  0  
-6.54  0  
-6.53  0  
-6.52  0  
-6.51  0  
-6.5  0  
-6.49  0  
-6.48  0  
-6.47  0  
-6.46  0  
-6.45  0  
-6.44  0  
-6.43  0  
-6.42  0  
-6.41  0  
-6.4  0  
-6.39  0  
-6.38  0  
-6.37  0  
-6.36  0  
-6.35  0  
-6.34  0  
-6.33  0  
-6.32  0  
-6.31  0  
-6.3  0  
-6.29  0  
-6.28  0  
-6.27  0  
-6.26  0  
-6.25  0  
-6.24  0  
-6.23  0  
-6.22  0  
-6.21  0  
-6.2  0  
-6.19  0  
-6.18  0  
-6.17  0  
-6.16  0  
-6.15  0  
-6.14  0  
-6.13  0  
-6.12  0  
-6.11  0  
-6.1  0  
-6.09  0  
-6.08  0  
-6.07  0  
-6.06  0  
-6.05  0  
-6.04  0  
-6.03  0  
-6.02  0  
-6.01  0  
-6  0  
-5.99  0  
-5.98  0  
-5.97  0  
-5.96  0  
-5.95  0  
-5.94  0  
-5.93  0  
-5.92  0  
-5.91  0  
-5.9  0  
-5.89  0  
-5.88  0  
-5.87  0  
-5.86  0  
-5.85  0  
-5.84  0  
-5.83  0  
-5.82  0  
-5.81  0  
-5.8  0  
-5.79  0  
-5.78  0  
-5.77  0  
-5.76  0  
-5.75  0  
-5.74  0  
-5.73  0  
-5.72  0  
-5.71  0  
-5.7  0  
-5.69  0  
-5.68  0  
-5.67  0  
-5.66  0  
-5.65  0  
-5.64  0  
-5.63  0  
-5.62  0  
-5.61  0  
-5.6  0  
-5.59  0  
-5.58  0  
-5.57  0  
-5.56  0  
-5.55  0  
-5.54  0  
-5.53  0  
-5.52  0  
-5.51  0  
-5.5  0  
-5.49  0  
-5.48  0  
-5.47  0  
-5.46  0  
-5.45  0  
-5.44  0  
-5.43  0  
-5.42  0  
-5.41  0  
-5.4  0  
-5.39  0  
-5.38  0  
-5.37  0  
-5.36  0  
-5.35  0  
-5.34  0  
-5.33  0  
-5.32  0  
-5.31  0  
-5.3  0  
-5.29  0  
-5.28  0  
-5.27  0  
-5.26  0  
-5.25  0  
-5.24  0  
-5.23  0  
-5.22  0  
-5.21  0  
-5.2  0  
-5.19  0  
-5.18  0  
-5.17  0  
-5.16  0  
-5.15  0  
-5.14  0  
-5.13  0  
-5.12  0  
-5.11  0  
-5.1  0  
-5.09  0  
-5.08  0  
-5.07  0  
-5.06  0  
-5.05  0  
-5.04  0  
-5.03  0  
-5.02  0  
-5.01  0  
-5  0  
-4.99  0  
-4.98  0  
-4.97  0  
-4.96  0  
-4.95  0  
-4.94  0  
-4.93  0  
-4.92  0  
-4.91  0  
-4.9  0  
-4.89  0  
-4.88  0  
-4.87  0  
-4.86  0  
-4.85  0  
-4.84  0  
-4.83  0  
-4.82  0  
-4.81  0  
-4.8  0  
-4.79  0  
-4.78  0  
-4.77  0  
-4.76  0  
-4.75  0  
-4.74  0  
-4.73  0  
-4.72  0  
-4.71  0  
-4.7  0  
-4.69  0  
-4.68  0  
-4.67  0  
-4.66  0  
-4.65  0  
-4.64  0  
-4.63  0  
-4.62  0  
-4.61  0  
-4.6  0  
-4.59  0  
-4.58  0  
-4.57  0  
-4.56  0  
-4.55  0  
-4.54  0  
-4.53  0  
-4.52  0  
-4.51  0  
-4.5  0  
-4.49  0  
-4.48  0  
-4.47  0  
-4.46  0  
-4.45  0  
-4.44  0  
-4.43  0  
-4.42  0  
-4.41  0  
-4.4  0  
-4.39  0  
-4.38  0  
-4.37  0  
-4.36  0  
-4.35  0  
-4.34  0  
-4.33  0  
-4.32  0  
-4.31  0  
-4.3  0  
-4.29  0  
-4.28  0  
-4.27  0  
-4.26  0  
-4.25  0  
-4.24  0  
-4.23  0  
-4.22  0  
-4.21  0  
-4.2  0  
-4.19  0  
-4.18  0  
-4.17  0  
-4.16  0  
-4.15  0  
-4.14  0  
-4.13  0  
-4.12  0  
-4.11  0  
-4.1  0  
-4.09  0  
-4.08  0  
-4.07  0  
-4.06  0  
-4.05  0  
-4.04  0  
-4.03  0  
-4.02  0  
-4.01  0  
-4  0  
-3.99  0  
-3.98  0  
-3.97  0  
-3.96  0  
-3.95  0  
-3.94  0  
-3.93  0  
-3.92  0  
-3.91  0  
-3.9  0  
-3.89  0  
-3.88  0  
-3.87  0  
-3.86  0  
-3.85  0  
-3.84  0  
-3.83  0  
-3.82  0  
-3.81  0  
-3.8  0  
-3.79  0  
-3.78  0  
-3.77  0  
-3.76  0  
-3.75  0  
-3.74  0  
-3.73  0  
-3.72  0  
-3.71  0  
-3.7  0  
-3.69  0  
-3.68  0  
-3.67  0  
-3.66  0  
-3.65  0  
-3.64  0  
-3.63  0  
-3.62  0  
-3.61  0  
-3.6  0  
-3.59  0  
-3.58  0  
-3.57  0  
-3.56  0  
-3.55  0  
-3.54  0  
-3.53  0  
-3.52  0  
-3.51  0  
-3.5  0  
-3.49  0  
-3.48  0  
-3.47  0  
-3.46  0  
-3.45  0  
-3.44  0  
-3.43  0  
-3.42  0  
-3.41  0  
-3.4  0  
-3.39  0  
-3.38  0  
-3.37  0  
-3.36  0  
-3.35  0  
-3.34  0  
-3.33  0  
-3.32  0  
-3.31  0  
-3.3  0  
-3.29  0  
-3.28  0  
-3.27  0  
-3.26  0  
-3.25  0  
-3.24  0  
-3.23  0  
-3.22  0  
-3.21  0  
-3.2  0  
-3.19  0  
-3.18  0  
-3.17  0  
-3.16  0  
-3.15  0  
-3.14  0  
-3.13  0  
-3.12  0  
-3.11  0  
-3.1  0  
-3.09  0  
-3.08  0  
-3.07  0  
-3.06  0  
-3.05  0  
-3.04  0  
-3.03  0  
-3.02  0  
-3.01  0  
-3  0  
-2.99  0  
-2.98  0  
-2.97  0  
-2.96  0  
-2.95  0  
-2.94  0  
-2.93  0  
-2.92  0  
-2.91  0  
-2.9  0  
-2.89  0  
-2.88  0  
-2.87  0  
-2.86  0  
-2.85  0  
-2.84  0  
-2.83  0  
-2.82  0  
-2.81  0  
-2.8  0  
-2.79  0  
-2.78  0  
-2.77  0  
-2.76  0  
-2.75  0  
-2.74  0  
-2.73  0  
-2.72  0  
-2.71  0  
-2.7  0  
-2.69  0  
-2.68  0  
-2.67  0  
-2.66  0  
-2.65  0  
-2.64  0  
-2.63  0  
-2.62  0  
-2.61  0  
-2.6  0  
-2.59  0  
-2.58  0  
-2.57  0  
-2.56  0  
-2.55  0  
-2.54  0  
-2.53  0  
-2.52  0  
-2.51  0  
-2.5  0  
-2.49  0  
-2.48  0  
-2.47  0  
-2.46  0  
-2.45  0  
-2.44  0  
-2.43  0  
-2.42  0  
-2.41  0  
-2.4  0  
-2.39  0  
-2.38  0  
-2.37  0  
-2.36  0  
-2.35  0  
-2.34  0  
-2.33  0  
-2.32  0  
-2.31  0  
-2.3  0  
-2.29  0  
-2.28  0  
-2.27  0  
-2.26  0  
-2.25  0  
-2.24  0  
-2.23  0  
-2.22  0  
-2.21  0  
-2.2  0  
-2.19  0  
-2.18  0  
-2.17  0  
-2.16  0  
-2.15  0  
-2.14  0  
-2.13  0  
-2.12  0  
-2.11  0  
-2.1  0  
-2.09  0  
-2.08  0  
-2.07  0  
-2.06  0  
-2.05  0  
-2.04  0  
-2.03  0  
-2.02  0  
-2.01  0  
-2  0  
