10 1002 -12 -2 1580  0  157571
-12  22  
-11.99  13  
-11.98  15  
-11.97  13  
-11.96  21  
-11.95  19  
-11.94  16  
-11.93  16  
-11.92  18  
-11.91  27  
-11.9  25  
-11.89  21  
-11.88  17  
-11.87  33  
-11.86  10  
-11.85  16  
-11.84  26  
-11.83  16  
-11.82  15  
-11.81  15  
-11.8  23  
-11.79  20  
-11.78  19  
-11.77  17  
-11.76  17  
-11.75  27  
-11.74  28  
-11.73  23  
-11.72  23  
-11.71  29  
-11.7  25  
-11.69  16  
-11.68  18  
-11.67  23  
-11.66  25  
-11.65  18  
-11.64  16  
-11.63  16  
-11.62  18  
-11.61  22  
-11.6  30  
-11.59  30  
-11.58  26  
-11.57  30  
-11.56  22  
-11.55  21  
-11.54  17  
-11.53  34  
-11.52  32  
-11.51  36  
-11.5  22  
-11.49  24  
-11.48  29  
-11.47  28  
-11.46  22  
-11.45  21  
-11.44  30  
-11.43  27  
-11.42  23  
-11.41  29  
-11.4  31  
-11.39  29  
-11.38  27  
-11.37  26  
-11.36  35  
-11.35  25  
-11.34  35  
-11.33  29  
-11.32  25  
-11.31  33  
-11.3  32  
-11.29  30  
-11.28  27  
-11.27  30  
-11.26  27  
-11.25  25  
-11.24  28  
-11.23  31  
-11.22  20  
-11.21  31  
-11.2  41  
-11.19  35  
-11.18  38  
-11.17  33  
-11.16  26  
-11.15  31  
-11.14  27  
-11.13  40  
-11.12  29  
-11.11  30  
-11.1  30  
-11.09  32  
-11.08  35  
-11.07  27  
-11.06  32  
-11.05  39  
-11.04  38  
-11.03  29  
-11.02  40  
-11.01  34  
-11  42  
-10.99  46  
-10.98  38  
-10.97  30  
-10.96  28  
-10.95  30  
-10.94  38  
-10.93  40  
-10.92  38  
-10.91  52  
-10.9  34  
-10.89  41  
-10.88  37  
-10.87  48  
-10.86  38  
-10.85  37  
-10.84  38  
-10.83  37  
-10.82  26  
-10.81  53  
-10.8  40  
-10.79  45  
-10.78  32  
-10.77  36  
-10.76  44  
-10.75  46  
-10.74  38  
-10.73  34  
-10.72  34  
-10.71  42  
-10.7  34  
-10.69  42  
-10.68  46  
-10.67  39  
-10.66  33  
-10.65  52  
-10.64  53  
-10.63  46  
-10.62  31  
-10.61  40  
-10.6  40  
-10.59  43  
-10.58  38  
-10.57  40  
-10.56  37  
-10.55  30  
-10.54  35  
-10.53  34  
-10.52  44  
-10.51  44  
-10.5  47  
-10.49  52  
-10.48  52  
-10.47  50  
-10.46  50  
-10.45  51  
-10.44  51  
-10.43  53  
-10.42  43  
-10.41  53  
-10.4  36  
-10.39  50  
-10.38  43  
-10.37  47  
-10.36  33  
-10.35  46  
-10.34  54  
-10.33  45  
-10.32  46  
-10.31  45  
-10.3  36  
-10.29  46  
-10.28  45  
-10.27  39  
-10.26  58  
-10.25  50  
-10.24  54  
-10.23  58  
-10.22  56  
-10.21  50  
-10.2  45  
-10.19  54  
-10.18  37  
-10.17  40  
-10.16  54  
-10.15  54  
-10.14  53  
-10.13  53  
-10.12  54  
-10.11  54  
-10.1  48  
-10.09  58  
-10.08  52  
-10.07  62  
-10.06  52  
-10.05  60  
-10.04  41  
-10.03  52  
-10.02  53  
-10.01  46  
-10  44  
-9.99  51  
-9.98  47  
-9.97  62  
-9.96  67  
-9.95  56  
-9.94  63  
-9.93  53  
-9.92  63  
-9.91  52  
-9.9  51  
-9.89  44  
-9.88  53  
-9.87  62  
-9.86  60  
-9.85  66  
-9.84  53  
-9.83  60  
-9.82  51  
-9.81  55  
-9.8  38  
-9.79  51  
-9.78  61  
-9.77  44  
-9.76  57  
-9.75  52  
-9.74  47  
-9.73  49  
-9.72  62  
-9.71  66  
-9.7  66  
-9.69  54  
-9.68  54  
-9.67  48  
-9.66  55  
-9.65  54  
-9.64  58  
-9.63  54  
-9.62  56  
-9.61  63  
-9.6  62  
-9.59  52  
-9.58  41  
-9.57  54  
-9.56  57  
-9.55  50  
-9.54  70  
-9.53  70  
-9.52  60  
-9.51  47  
-9.5  51  
-9.49  62  
-9.48  49  
-9.47  63  
-9.46  61  
-9.45  58  
-9.44  68  
-9.43  52  
-9.42  67  
-9.41  64  
-9.4  57  
-9.39  55  
-9.38  62  
-9.37  65  
-9.36  60  
-9.35  62  
-9.34  63  
-9.33  69  
-9.32  47  
-9.31  53  
-9.3  74  
-9.29  75  
-9.28  80  
-9.27  62  
-9.26  82  
-9.25  88  
-9.24  74  
-9.23  64  
-9.22  89  
-9.21  91  
-9.2  78  
-9.19  75  
-9.18  94  
-9.17  92  
-9.16  91  
-9.15  91  
-9.14  111  
-9.13  111  
-9.12  93  
-9.11  113  
-9.1  101  
-9.09  95  
-9.08  88  
-9.07  99  
-9.06  102  
-9.05  112  
-9.04  128  
-9.03  127  
-9.02  115  
-9.01  115  
-9  115  
-8.99  134  
-8.98  113  
-8.97  134  
-8.96  128  
-8.95  159  
-8.94  140  
-8.93  150  
-8.92  126  
-8.91  139  
-8.9  155  
-8.89  153  
-8.88  130  
-8.87  164  
-8.86  149  
-8.85  159  
-8.84  163  
-8.83  176  
-8.82  164  
-8.81  182  
-8.8  162  
-8.79  152  
-8.78  195  
-8.77  159  
-8.76  177  
-8.75  170  
-8.74  203  
-8.73  190  
-8.72  158  
-8.71  195  
-8.7  196  
-8.69  189  
-8.68  167  
-8.67  173  
-8.66  184  
-8.65  170  
-8.64  167  
-8.63  201  
-8.62  225  
-8.61  197  
-8.6  196  
-8.59  186  
-8.58  170  
-8.57  198  
-8.56  210  
-8.55  220  
-8.54  225  
-8.53  212  
-8.52  153  
-8.51  192  
-8.5  194  
-8.49  207  
-8.48  226  
-8.47  210  
-8.46  180  
-8.45  196  
-8.44  223  
-8.43  204  
-8.42  195  
-8.41  192  
-8.4  209  
-8.39  162  
-8.38  203  
-8.37  194  
-8.36  189  
-8.35  208  
-8.34  184  
-8.33  181  
-8.32  208  
-8.31  210  
-8.3  184  
-8.29  187  
-8.28  189  
-8.27  188  
-8.26  171  
-8.25  185  
-8.24  182  
-8.23  179  
-8.22  168  
-8.21  185  
-8.2  220  
-8.19  171  
-8.18  183  
-8.17  173  
-8.16  156  
-8.15  184  
-8.14  165  
-8.13  173  
-8.12  154  
-8.11  188  
-8.1  169  
-8.09  185  
-8.08  177  
-8.07  169  
-8.06  184  
-8.05  176  
-8.04  175  
-8.03  169  
-8.02  192  
-8.01  183  
-8  150  
-7.99  184  
-7.98  144  
-7.97  160  
-7.96  192  
-7.95  178  
-7.94  183  
-7.93  174  
-7.92  155  
-7.91  188  
-7.9  168  
-7.89  171  
-7.88  185  
-7.87  176  
-7.86  175  
-7.85  175  
-7.84  176  
-7.83  175  
-7.82  168  
-7.81  210  
-7.8  176  
-7.79  182  
-7.78  209  
-7.77  180  
-7.76  202  
-7.75  184  
-7.74  175  
-7.73  187  
-7.72  206  
-7.71  219  
-7.7  209  
-7.69  195  
-7.68  187  
-7.67  191  
-7.66  196  
-7.65  213  
-7.64  206  
-7.63  208  
-7.62  208  
-7.61  239  
-7.6  204  
-7.59  222  
-7.58  198  
-7.57  229  
-7.56  216  
-7.55  238  
-7.54  214  
-7.53  238  
-7.52  224  
-7.51  249  
-7.5  256  
-7.49  238  
-7.48  256  
-7.47  264  
-7.46  251  
-7.45  298  
-7.44  304  
-7.43  275  
-7.42  297  
-7.41  296  
-7.4  314  
-7.39  314  
-7.38  324  
-7.37  327  
-7.36  355  
-7.35  372  
-7.34  350  
-7.33  371  
-7.32  399  
-7.31  390  
-7.3  399  
-7.29  418  
-7.28  438  
-7.27  470  
-7.26  489  
-7.25  446  
-7.24  545  
-7.23  520  
-7.22  529  
-7.21  541  
-7.2  521  
-7.19  512  
-7.18  585  
-7.17  556  
-7.16  567  
-7.15  617  
-7.14  664  
-7.13  649  
-7.12  699  
-7.11  625  
-7.1  700  
-7.09  666  
-7.08  702  
-7.07  669  
-7.06  670  
-7.05  704  
-7.04  715  
-7.03  701  
-7.02  647  
-7.01  680  
-7  624  
-6.99  689  
-6.98  646  
-6.97  627  
-6.96  614  
-6.95  607  
-6.94  579  
-6.93  562  
-6.92  572  
-6.91  525  
-6.9  505  
-6.89  498  
-6.88  421  
-6.87  434  
-6.86  454  
-6.85  385  
-6.84  336  
-6.83  345  
-6.82  318  
-6.81  307  
-6.8  277  
-6.79  231  
-6.78  237  
-6.77  188  
-6.76  204  
-6.75  182  
-6.74  171  
-6.73  139  
-6.72  142  
-6.71  149  
-6.7  120  
-6.69  121  
-6.68  97  
-6.67  79  
-6.66  81  
-6.65  69  
-6.64  80  
-6.63  53  
-6.62  53  
-6.61  59  
-6.6  47  
-6.59  30  
-6.58  30  
-6.57  28  
-6.56  31  
-6.55  33  
-6.54  25  
-6.53  28  
-6.52  22  
-6.51  12  
-6.5  25  
-6.49  15  
-6.48  12  
-6.47  13  
-6.46  8  
-6.45  9  
-6.44  11  
-6.43  7  
-6.42  8  
-6.41  7  
-6.4  3  
-6.39  5  
-6.38  6  
-6.37  1  
-6.36  1  
-6.35  1  
-6.34  0  
-6.33  1  
-6.32  0  
-6.31  1  
-6.3  1  
-6.29  3  
-6.28  0  
-6.27  1  
-6.26  1  
-6.25  0  
-6.24  1  
-6.23  1  
-6.22  0  
-6.21  0  
-6.2  1  
-6.19  0  
-6.18  0  
-6.17  0  
-6.16  0  
-6.15  0  
-6.14  0  
-6.13  1  
-6.12  0  
-6.11  0  
-6.1  0  
-6.09  0  
-6.08  0  
-6.07  0  
-6.06  0  
-6.05  0  
-6.04  1  
-6.03  0  
-6.02  0  
-6.01  0  
-6  0  
-5.99  0  
-5.98  0  
-5.97  0  
-5.96  0  
-5.95  0  
-5.94  0  
-5.93  0  
-5.92  0  
-5.91  0  
-5.9  0  
-5.89  0  
-5.88  0  
-5.87  0  
-5.86  0  
-5.85  0  
-5.84  0  
-5.83  0  
-5.82  0  
-5.81  0  
-5.8  0  
-5.79  0  
-5.78  0  
-5.77  0  
-5.76  0  
-5.75  0  
-5.74  0  
-5.73  0  
-5.72  0  
-5.71  0  
-5.7  0  
-5.69  0  
-5.68  0  
-5.67  0  
-5.66  0  
-5.65  0  
-5.64  0  
-5.63  0  
-5.62  0  
-5.61  0  
-5.6  0  
-5.59  0  
-5.58  0  
-5.57  0  
-5.56  0  
-5.55  0  
-5.54  0  
-5.53  0  
-5.52  0  
-5.51  0  
-5.5  0  
-5.49  0  
-5.48  0  
-5.47  0  
-5.46  0  
-5.45  0  
-5.44  0  
-5.43  0  
-5.42  0  
-5.41  0  
-5.4  0  
-5.39  0  
-5.38  0  
-5.37  0  
-5.36  0  
-5.35  0  
-5.34  0  
-5.33  0  
-5.32  0  
-5.31  0  
-5.3  0  
-5.29  0  
-5.28  0  
-5.27  0  
-5.26  0  
-5.25  0  
-5.24  0  
-5.23  0  
-5.22  0  
-5.21  0  
-5.2  0  
-5.19  0  
-5.18  0  
-5.17  0  
-5.16  0  
-5.15  0  
-5.14  0  
-5.13  0  
-5.12  0  
-5.11  0  
-5.1  0  
-5.09  0  
-5.08  0  
-5.07  0  
-5.06  0  
-5.05  0  
-5.04  0  
-5.03  0  
-5.02  0  
-5.01  0  
-5  0  
-4.99  0  
-4.98  0  
-4.97  0  
-4.96  0  
-4.95  0  
-4.94  0  
-4.93  0  
-4.92  0  
-4.91  0  
-4.9  0  
-4.89  0  
-4.88  0  
-4.87  0  
-4.86  0  
-4.85  0  
-4.84  0  
-4.83  0  
-4.82  0  
-4.81  0  
-4.8  0  
-4.79  0  
-4.78  0  
-4.77  0  
-4.76  0  
-4.75  0  
-4.74  0  
-4.73  0  
-4.72  0  
-4.71  0  
-4.7  0  
-4.69  0  
-4.68  0  
-4.67  0  
-4.66  0  
-4.65  0  
-4.64  0  
-4.63  0  
-4.62  0  
-4.61  0  
-4.6  0  
-4.59  0  
-4.58  0  
-4.57  0  
-4.56  0  
-4.55  0  
-4.54  0  
-4.53  0  
-4.52  0  
-4.51  0  
-4.5  0  
-4.49  0  
-4.48  0  
-4.47  0  
-4.46  0  
-4.45  0  
-4.44  0  
-4.43  0  
-4.42  0  
-4.41  0  
-4.4  0  
-4.39  0  
-4.38  0  
-4.37  0  
-4.36  0  
-4.35  0  
-4.34  0  
-4.33  0  
-4.32  0  
-4.31  0  
-4.3  0  
-4.29  0  
-4.28  0  
-4.27  0  
-4.26  0  
-4.25  0  
-4.24  0  
-4.23  0  
-4.22  0  
-4.21  0  
-4.2  0  
-4.19  0  
-4.18  0  
-4.17  0  
-4.16  0  
-4.15  0  
-4.14  0  
-4.13  0  
-4.12  0  
-4.11  0  
-4.1  0  
-4.09  0  
-4.08  0  
-4.07  0  
-4.06  0  
-4.05  0  
-4.04  0  
-4.03  0  
-4.02  0  
-4.01  0  
-4  0  
-3.99  0  
-3.98  0  
-3.97  0  
-3.96  0  
-3.95  0  
-3.94  0  
-3.93  0  
-3.92  0  
-3.91  0  
-3.9  0  
-3.89  0  
-3.88  0  
-3.87  0  
-3.86  0  
-3.85  0  
-3.84  0  
-3.83  0  
-3.82  0  
-3.81  0  
-3.8  0  
-3.79  0  
-3.78  0  
-3.77  0  
-3.76  0  
-3.75  0  
-3.74  0  
-3.73  0  
-3.72  0  
-3.71  0  
-3.7  0  
-3.69  0  
-3.68  0  
-3.67  0  
-3.66  0  
-3.65  0  
-3.64  0  
-3.63  0  
-3.62  0  
-3.61  0  
-3.6  0  
-3.59  0  
-3.58  0  
-3.57  0  
-3.56  0  
-3.55  0  
-3.54  0  
-3.53  0  
-3.52  0  
-3.51  0  
-3.5  0  
-3.49  0  
-3.48  0  
-3.47  0  
-3.46  0  
-3.45  0  
-3.44  0  
-3.43  0  
-3.42  0  
-3.41  0  
-3.4  0  
-3.39  0  
-3.38  0  
-3.37  0  
-3.36  0  
-3.35  0  
-3.34  0  
-3.33  0  
-3.32  0  
-3.31  0  
-3.3  0  
-3.29  0  
-3.28  0  
-3.27  0  
-3.26  0  
-3.25  0  
-3.24  0  
-3.23  0  
-3.22  0  
-3.21  0  
-3.2  0  
-3.19  0  
-3.18  0  
-3.17  0  
-3.16  0  
-3.15  0  
-3.14  0  
-3.13  0  
-3.12  0  
-3.11  0  
-3.1  0  
-3.09  0  
-3.08  0  
-3.07  0  
-3.06  0  
-3.05  0  
-3.04  0  
-3.03  0  
-3.02  0  
-3.01  0  
-3  0  
-2.99  0  
-2.98  0  
-2.97  0  
-2.96  0  
-2.95  0  
-2.94  0  
-2.93  0  
-2.92  0  
-2.91  0  
-2.9  0  
-2.89  0  
-2.88  0  
-2.87  0  
-2.86  0  
-2.85  0  
-2.84  0  
-2.83  0  
-2.82  0  
-2.81  0  
-2.8  0  
-2.79  0  
-2.78  0  
-2.77  0  
-2.76  0  
-2.75  0  
-2.74  0  
-2.73  0  
-2.72  0  
-2.71  0  
-2.7  0  
-2.69  0  
-2.68  0  
-2.67  0  
-2.66  0  
-2.65  0  
-2.64  0  
-2.63  0  
-2.62  0  
-2.61  0  
-2.6  0  
-2.59  0  
-2.58  0  
-2.57  0  
-2.56  0  
-2.55  0  
-2.54  0  
-2.53  0  
-2.52  0  
-2.51  0  
-2.5  0  
-2.49  0  
-2.48  0  
-2.47  0  
-2.46  0  
-2.45  0  
-2.44  0  
-2.43  0  
-2.42  0  
-2.41  0  
-2.4  0  
-2.39  0  
-2.38  0  
-2.37  0  
-2.36  0  
-2.35  0  
-2.34  0  
-2.33  0  
-2.32  0  
-2.31  0  
-2.3  0  
-2.29  0  
-2.28  0  
-2.27  0  
-2.26  0  
-2.25  0  
-2.24  0  
-2.23  0  
-2.22  0  
-2.21  0  
-2.2  0  
-2.19  0  
-2.18  0  
-2.17  0  
-2.16  0  
-2.15  0  
-2.14  0  
-2.13  0  
-2.12  0  
-2.11  0  
-2.1  0  
-2.09  0  
-2.08  0  
-2.07  0  
-2.06  0  
-2.05  0  
-2.04  0  
-2.03  0  
-2.02  0  
-2.01  0  
-2  0  
