10 1002 -13 -3 575  0  234169
-13  2  
-12.99  1  
-12.98  4  
-12.97  7  
-12.96  4  
-12.95  4  
-12.94  4  
-12.93  3  
-12.92  9  
-12.91  3  
-12.9  4  
-12.89  4  
-12.88  3  
-12.87  2  
-12.86  5  
-12.85  5  
-12.84  3  
-12.83  2  
-12.82  4  
-12.81  7  
-12.8  6  
-12.79  7  
-12.78  9  
-12.77  8  
-12.76  5  
-12.75  6  
-12.74  7  
-12.73  3  
-12.72  5  
-12.71  8  
-12.7  5  
-12.69  6  
-12.68  4  
-12.67  10  
-12.66  4  
-12.65  4  
-12.64  5  
-12.63  5  
-12.62  4  
-12.61  9  
-12.6  5  
-12.59  7  
-12.58  5  
-12.57  7  
-12.56  6  
-12.55  4  
-12.54  6  
-12.53  6  
-12.52  7  
-12.51  8  
-12.5  7  
-12.49  4  
-12.48  8  
-12.47  7  
-12.46  12  
-12.45  5  
-12.44  6  
-12.43  6  
-12.42  7  
-12.41  11  
-12.4  8  
-12.39  10  
-12.38  8  
-12.37  5  
-12.36  7  
-12.35  6  
-12.34  10  
-12.33  6  
-12.32  8  
-12.31  2  
-12.3  6  
-12.29  12  
-12.28  8  
-12.27  9  
-12.26  13  
-12.25  5  
-12.24  8  
-12.23  9  
-12.22  7  
-12.21  9  
-12.2  9  
-12.19  9  
-12.18  9  
-12.17  9  
-12.16  4  
-12.15  14  
-12.14  11  
-12.13  10  
-12.12  6  
-12.11  9  
-12.1  8  
-12.09  20  
-12.08  7  
-12.07  11  
-12.06  10  
-12.05  9  
-12.04  8  
-12.03  10  
-12.02  12  
-12.01  10  
-12  13  
-11.99  14  
-11.98  13  
-11.97  8  
-11.96  6  
-11.95  11  
-11.94  16  
-11.93  11  
-11.92  11  
-11.91  19  
-11.9  17  
-11.89  10  
-11.88  12  
-11.87  9  
-11.86  14  
-11.85  12  
-11.84  11  
-11.83  13  
-11.82  11  
-11.81  20  
-11.8  17  
-11.79  9  
-11.78  10  
-11.77  18  
-11.76  20  
-11.75  16  
-11.74  10  
-11.73  11  
-11.72  17  
-11.71  14  
-11.7  17  
-11.69  24  
-11.68  18  
-11.67  30  
-11.66  22  
-11.65  21  
-11.64  13  
-11.63  27  
-11.62  20  
-11.61  23  
-11.6  16  
-11.59  11  
-11.58  17  
-11.57  27  
-11.56  27  
-11.55  20  
-11.54  19  
-11.53  19  
-11.52  21  
-11.51  24  
-11.5  24  
-11.49  24  
-11.48  20  
-11.47  20  
-11.46  32  
-11.45  28  
-11.44  24  
-11.43  23  
-11.42  25  
-11.41  30  
-11.4  29  
-11.39  23  
-11.38  19  
-11.37  26  
-11.36  26  
-11.35  27  
-11.34  27  
-11.33  19  
-11.32  35  
-11.31  28  
-11.3  30  
-11.29  27  
-11.28  39  
-11.27  30  
-11.26  29  
-11.25  43  
-11.24  37  
-11.23  31  
-11.22  27  
-11.21  32  
-11.2  33  
-11.19  34  
-11.18  34  
-11.17  28  
-11.16  38  
-11.15  41  
-11.14  38  
-11.13  40  
-11.12  40  
-11.11  48  
-11.1  47  
-11.09  36  
-11.08  40  
-11.07  41  
-11.06  48  
-11.05  38  
-11.04  58  
-11.03  55  
-11.02  55  
-11.01  51  
-11  38  
-10.99  51  
-10.98  51  
-10.97  47  
-10.96  58  
-10.95  57  
-10.94  62  
-10.93  59  
-10.92  53  
-10.91  67  
-10.9  49  
-10.89  59  
-10.88  60  
-10.87  69  
-10.86  69  
-10.85  59  
-10.84  65  
-10.83  54  
-10.82  66  
-10.81  61  
-10.8  81  
-10.79  83  
-10.78  62  
-10.77  73  
-10.76  67  
-10.75  72  
-10.74  70  
-10.73  80  
-10.72  86  
-10.71  82  
-10.7  83  
-10.69  80  
-10.68  82  
-10.67  84  
-10.66  70  
-10.65  96  
-10.64  83  
-10.63  89  
-10.62  63  
-10.61  82  
-10.6  83  
-10.59  78  
-10.58  79  
-10.57  88  
-10.56  95  
-10.55  117  
-10.54  80  
-10.53  101  
-10.52  99  
-10.51  113  
-10.5  102  
-10.49  75  
-10.48  108  
-10.47  106  
-10.46  92  
-10.45  104  
-10.44  111  
-10.43  108  
-10.42  107  
-10.41  125  
-10.4  101  
-10.39  108  
-10.38  118  
-10.37  114  
-10.36  98  
-10.35  120  
-10.34  105  
-10.33  117  
-10.32  121  
-10.31  142  
-10.3  134  
-10.29  127  
-10.28  137  
-10.27  138  
-10.26  152  
-10.25  135  
-10.24  121  
-10.23  139  
-10.22  144  
-10.21  156  
-10.2  156  
-10.19  144  
-10.18  123  
-10.17  141  
-10.16  171  
-10.15  134  
-10.14  153  
-10.13  171  
-10.12  173  
-10.11  179  
-10.1  134  
-10.09  175  
-10.08  150  
-10.07  169  
-10.06  173  
-10.05  169  
-10.04  173  
-10.03  202  
-10.02  200  
-10.01  168  
-10  184  
-9.99  212  
-9.98  192  
-9.97  209  
-9.96  191  
-9.95  180  
-9.94  196  
-9.93  209  
-9.92  187  
-9.91  181  
-9.9  205  
-9.89  209  
-9.88  183  
-9.87  225  
-9.86  193  
-9.85  178  
-9.84  198  
-9.83  199  
-9.82  215  
-9.81  204  
-9.8  213  
-9.79  213  
-9.78  235  
-9.77  202  
-9.76  226  
-9.75  223  
-9.74  265  
-9.73  221  
-9.72  253  
-9.71  214  
-9.7  253  
-9.69  230  
-9.68  232  
-9.67  236  
-9.66  226  
-9.65  264  
-9.64  262  
-9.63  236  
-9.62  282  
-9.61  245  
-9.6  252  
-9.59  250  
-9.58  234  
-9.57  269  
-9.56  293  
-9.55  266  
-9.54  255  
-9.53  298  
-9.52  272  
-9.51  288  
-9.5  290  
-9.49  261  
-9.48  288  
-9.47  272  
-9.46  306  
-9.45  258  
-9.44  284  
-9.43  298  
-9.42  311  
-9.41  294  
-9.4  306  
-9.39  291  
-9.38  301  
-9.37  253  
-9.36  293  
-9.35  308  
-9.34  319  
-9.33  296  
-9.32  297  
-9.31  336  
-9.3  288  
-9.29  311  
-9.28  298  
-9.27  295  
-9.26  317  
-9.25  321  
-9.24  316  
-9.23  303  
-9.22  304  
-9.21  340  
-9.2  328  
-9.19  309  
-9.18  310  
-9.17  320  
-9.16  304  
-9.15  332  
-9.14  328  
-9.13  323  
-9.12  325  
-9.11  301  
-9.1  322  
-9.09  333  
-9.08  328  
-9.07  338  
-9.06  330  
-9.05  319  
-9.04  309  
-9.03  337  
-9.02  369  
-9.01  343  
-9  345  
-8.99  334  
-8.98  324  
-8.97  316  
-8.96  313  
-8.95  321  
-8.94  393  
-8.93  322  
-8.92  307  
-8.91  314  
-8.9  290  
-8.89  323  
-8.88  341  
-8.87  334  
-8.86  344  
-8.85  324  
-8.84  330  
-8.83  322  
-8.82  340  
-8.81  333  
-8.8  332  
-8.79  349  
-8.78  321  
-8.77  311  
-8.76  331  
-8.75  306  
-8.74  322  
-8.73  335  
-8.72  311  
-8.71  326  
-8.7  341  
-8.69  344  
-8.68  335  
-8.67  317  
-8.66  315  
-8.65  285  
-8.64  284  
-8.63  294  
-8.62  288  
-8.61  298  
-8.6  317  
-8.59  286  
-8.58  303  
-8.57  298  
-8.56  313  
-8.55  306  
-8.54  305  
-8.53  320  
-8.52  302  
-8.51  298  
-8.5  294  
-8.49  277  
-8.48  300  
-8.47  261  
-8.46  289  
-8.45  262  
-8.44  306  
-8.43  254  
-8.42  278  
-8.41  263  
-8.4  252  
-8.39  293  
-8.38  267  
-8.37  291  
-8.36  273  
-8.35  272  
-8.34  262  
-8.33  268  
-8.32  244  
-8.31  228  
-8.3  284  
-8.29  284  
-8.28  237  
-8.27  247  
-8.26  248  
-8.25  259  
-8.24  241  
-8.23  241  
-8.22  224  
-8.21  268  
-8.2  236  
-8.19  226  
-8.18  236  
-8.17  251  
-8.16  232  
-8.15  216  
-8.14  231  
-8.13  239  
-8.12  205  
-8.11  231  
-8.1  223  
-8.09  214  
-8.08  229  
-8.07  208  
-8.06  212  
-8.05  213  
-8.04  213  
-8.03  191  
-8.02  199  
-8.01  196  
-8  180  
-7.99  171  
-7.98  179  
-7.97  169  
-7.96  175  
-7.95  183  
-7.94  174  
-7.93  163  
-7.92  180  
-7.91  191  
-7.9  176  
-7.89  153  
-7.88  179  
-7.87  155  
-7.86  181  
-7.85  158  
-7.84  168  
-7.83  163  
-7.82  163  
-7.81  151  
-7.8  171  
-7.79  152  
-7.78  142  
-7.77  145  
-7.76  130  
-7.75  138  
-7.74  142  
-7.73  112  
-7.72  127  
-7.71  134  
-7.7  143  
-7.69  132  
-7.68  130  
-7.67  141  
-7.66  121  
-7.65  112  
-7.64  123  
-7.63  98  
-7.62  128  
-7.61  140  
-7.6  97  
-7.59  111  
-7.58  110  
-7.57  109  
-7.56  95  
-7.55  113  
-7.54  113  
-7.53  93  
-7.52  98  
-7.51  95  
-7.5  86  
-7.49  93  
-7.48  99  
-7.47  103  
-7.46  67  
-7.45  92  
-7.44  90  
-7.43  68  
-7.42  83  
-7.41  77  
-7.4  68  
-7.39  93  
-7.38  71  
-7.37  71  
-7.36  76  
-7.35  63  
-7.34  57  
-7.33  76  
-7.32  73  
-7.31  57  
-7.3  59  
-7.29  51  
-7.28  47  
-7.27  52  
-7.26  50  
-7.25  57  
-7.24  49  
-7.23  38  
-7.22  46  
-7.21  53  
-7.2  47  
-7.19  43  
-7.18  55  
-7.17  44  
-7.16  57  
-7.15  36  
-7.14  36  
-7.13  35  
-7.12  38  
-7.11  29  
-7.1  39  
-7.09  27  
-7.08  36  
-7.07  36  
-7.06  31  
-7.05  26  
-7.04  30  
-7.03  37  
-7.02  34  
-7.01  28  
-7  38  
-6.99  31  
-6.98  29  
-6.97  25  
-6.96  28  
-6.95  21  
-6.94  23  
-6.93  15  
-6.92  18  
-6.91  21  
-6.9  19  
-6.89  19  
-6.88  28  
-6.87  21  
-6.86  25  
-6.85  17  
-6.84  22  
-6.83  13  
-6.82  14  
-6.81  11  
-6.8  14  
-6.79  12  
-6.78  10  
-6.77  20  
-6.76  13  
-6.75  8  
-6.74  11  
-6.73  18  
-6.72  14  
-6.71  16  
-6.7  5  
-6.69  5  
-6.68  9  
-6.67  12  
-6.66  5  
-6.65  4  
-6.64  10  
-6.63  7  
-6.62  4  
-6.61  2  
-6.6  6  
-6.59  7  
-6.58  1  
-6.57  5  
-6.56  3  
-6.55  4  
-6.54  8  
-6.53  2  
-6.52  3  
-6.51  2  
-6.5  2  
-6.49  1  
-6.48  2  
-6.47  2  
-6.46  3  
-6.45  2  
-6.44  0  
-6.43  0  
-6.42  3  
-6.41  0  
-6.4  4  
-6.39  1  
-6.38  1  
-6.37  0  
-6.36  1  
-6.35  2  
-6.34  0  
-6.33  0  
-6.32  0  
-6.31  0  
-6.3  0  
-6.29  0  
-6.28  0  
-6.27  1  
-6.26  0  
-6.25  0  
-6.24  0  
-6.23  0  
-6.22  1  
-6.21  0  
-6.2  0  
-6.19  0  
-6.18  1  
-6.17  1  
-6.16  0  
-6.15  0  
-6.14  0  
-6.13  0  
-6.12  0  
-6.11  0  
-6.1  0  
-6.09  0  
-6.08  0  
-6.07  0  
-6.06  0  
-6.05  1  
-6.04  0  
-6.03  0  
-6.02  0  
-6.01  0  
-6  0  
-5.99  0  
-5.98  0  
-5.97  0  
-5.96  1  
-5.95  0  
-5.94  0  
-5.93  0  
-5.92  0  
-5.91  0  
-5.9  0  
-5.89  0  
-5.88  0  
-5.87  0  
-5.86  0  
-5.85  0  
-5.84  0  
-5.83  0  
-5.82  0  
-5.81  0  
-5.8  0  
-5.79  0  
-5.78  0  
-5.77  0  
-5.76  0  
-5.75  0  
-5.74  0  
-5.73  0  
-5.72  0  
-5.71  0  
-5.7  0  
-5.69  0  
-5.68  0  
-5.67  0  
-5.66  0  
-5.65  0  
-5.64  0  
-5.63  0  
-5.62  0  
-5.61  0  
-5.6  0  
-5.59  0  
-5.58  0  
-5.57  0  
-5.56  0  
-5.55  0  
-5.54  0  
-5.53  0  
-5.52  0  
-5.51  0  
-5.5  0  
-5.49  0  
-5.48  0  
-5.47  0  
-5.46  0  
-5.45  0  
-5.44  0  
-5.43  0  
-5.42  0  
-5.41  0  
-5.4  0  
-5.39  0  
-5.38  0  
-5.37  0  
-5.36  0  
-5.35  0  
-5.34  0  
-5.33  0  
-5.32  0  
-5.31  0  
-5.3  0  
-5.29  0  
-5.28  0  
-5.27  0  
-5.26  0  
-5.25  0  
-5.24  0  
-5.23  0  
-5.22  0  
-5.21  0  
-5.2  0  
-5.19  0  
-5.18  0  
-5.17  0  
-5.16  0  
-5.15  0  
-5.14  0  
-5.13  0  
-5.12  0  
-5.11  0  
-5.1  0  
-5.09  0  
-5.08  0  
-5.07  0  
-5.06  0  
-5.05  0  
-5.04  0  
-5.03  0  
-5.02  0  
-5.01  0  
-5  0  
-4.99  0  
-4.98  0  
-4.97  0  
-4.96  0  
-4.95  0  
-4.94  0  
-4.93  0  
-4.92  0  
-4.91  0  
-4.9  0  
-4.89  0  
-4.88  0  
-4.87  0  
-4.86  0  
-4.85  0  
-4.84  0  
-4.83  0  
-4.82  0  
-4.81  0  
-4.8  0  
-4.79  0  
-4.78  0  
-4.77  0  
-4.76  0  
-4.75  0  
-4.74  0  
-4.73  0  
-4.72  0  
-4.71  0  
-4.7  0  
-4.69  0  
-4.68  0  
-4.67  0  
-4.66  0  
-4.65  0  
-4.64  0  
-4.63  0  
-4.62  0  
-4.61  0  
-4.6  0  
-4.59  0  
-4.58  0  
-4.57  0  
-4.56  0  
-4.55  0  
-4.54  0  
-4.53  0  
-4.52  0  
-4.51  0  
-4.5  0  
-4.49  0  
-4.48  0  
-4.47  0  
-4.46  0  
-4.45  0  
-4.44  0  
-4.43  0  
-4.42  0  
-4.41  0  
-4.4  0  
-4.39  0  
-4.38  0  
-4.37  0  
-4.36  0  
-4.35  0  
-4.34  0  
-4.33  0  
-4.32  0  
-4.31  0  
-4.3  0  
-4.29  0  
-4.28  0  
-4.27  0  
-4.26  0  
-4.25  0  
-4.24  0  
-4.23  0  
-4.22  0  
-4.21  0  
-4.2  0  
-4.19  0  
-4.18  0  
-4.17  0  
-4.16  0  
-4.15  0  
-4.14  0  
-4.13  0  
-4.12  0  
-4.11  0  
-4.1  0  
-4.09  0  
-4.08  0  
-4.07  0  
-4.06  0  
-4.05  0  
-4.04  0  
-4.03  0  
-4.02  0  
-4.01  0  
-4  0  
-3.99  0  
-3.98  0  
-3.97  0  
-3.96  0  
-3.95  0  
-3.94  0  
-3.93  0  
-3.92  0  
-3.91  0  
-3.9  0  
-3.89  0  
-3.88  0  
-3.87  0  
-3.86  0  
-3.85  0  
-3.84  0  
-3.83  0  
-3.82  0  
-3.81  0  
-3.8  0  
-3.79  0  
-3.78  0  
-3.77  0  
-3.76  0  
-3.75  0  
-3.74  0  
-3.73  0  
-3.72  0  
-3.71  0  
-3.7  0  
-3.69  0  
-3.68  0  
-3.67  0  
-3.66  0  
-3.65  0  
-3.64  0  
-3.63  0  
-3.62  0  
-3.61  0  
-3.6  0  
-3.59  0  
-3.58  0  
-3.57  0  
-3.56  0  
-3.55  0  
-3.54  0  
-3.53  0  
-3.52  0  
-3.51  0  
-3.5  0  
-3.49  0  
-3.48  0  
-3.47  0  
-3.46  0  
-3.45  0  
-3.44  0  
-3.43  0  
-3.42  0  
-3.41  0  
-3.4  0  
-3.39  0  
-3.38  0  
-3.37  0  
-3.36  0  
-3.35  0  
-3.34  0  
-3.33  0  
-3.32  0  
-3.31  0  
-3.3  0  
-3.29  0  
-3.28  0  
-3.27  0  
-3.26  0  
-3.25  0  
-3.24  0  
-3.23  0  
-3.22  0  
-3.21  0  
-3.2  0  
-3.19  0  
-3.18  0  
-3.17  0  
-3.16  0  
-3.15  0  
-3.14  0  
-3.13  0  
-3.12  0  
-3.11  0  
-3.1  0  
-3.09  0  
-3.08  0  
-3.07  0  
-3.06  0  
-3.05  0  
-3.04  0  
-3.03  0  
-3.02  0  
-3.01  0  
-3  0  
