10 1002 -12 -2 8581  0  154230
-12  47  
-11.99  35  
-11.98  43  
-11.97  45  
-11.96  51  
-11.95  52  
-11.94  48  
-11.93  42  
-11.92  39  
-11.91  53  
-11.9  57  
-11.89  33  
-11.88  45  
-11.87  41  
-11.86  41  
-11.85  41  
-11.84  30  
-11.83  33  
-11.82  35  
-11.81  48  
-11.8  34  
-11.79  53  
-11.78  31  
-11.77  43  
-11.76  46  
-11.75  39  
-11.74  43  
-11.73  51  
-11.72  41  
-11.71  55  
-11.7  40  
-11.69  36  
-11.68  52  
-11.67  39  
-11.66  53  
-11.65  42  
-11.64  38  
-11.63  45  
-11.62  41  
-11.61  59  
-11.6  45  
-11.59  44  
-11.58  43  
-11.57  45  
-11.56  47  
-11.55  44  
-11.54  54  
-11.53  50  
-11.52  60  
-11.51  63  
-11.5  52  
-11.49  44  
-11.48  57  
-11.47  56  
-11.46  49  
-11.45  40  
-11.44  44  
-11.43  50  
-11.42  58  
-11.41  47  
-11.4  56  
-11.39  58  
-11.38  58  
-11.37  54  
-11.36  43  
-11.35  49  
-11.34  43  
-11.33  59  
-11.32  51  
-11.31  42  
-11.3  45  
-11.29  55  
-11.28  60  
-11.27  66  
-11.26  50  
-11.25  56  
-11.24  55  
-11.23  45  
-11.22  58  
-11.21  54  
-11.2  49  
-11.19  53  
-11.18  68  
-11.17  65  
-11.16  60  
-11.15  56  
-11.14  54  
-11.13  62  
-11.12  51  
-11.11  57  
-11.1  54  
-11.09  51  
-11.08  59  
-11.07  74  
-11.06  64  
-11.05  77  
-11.04  69  
-11.03  50  
-11.02  62  
-11.01  58  
-11  58  
-10.99  62  
-10.98  74  
-10.97  55  
-10.96  69  
-10.95  65  
-10.94  69  
-10.93  55  
-10.92  64  
-10.91  68  
-10.9  69  
-10.89  57  
-10.88  61  
-10.87  69  
-10.86  65  
-10.85  73  
-10.84  64  
-10.83  85  
-10.82  70  
-10.81  56  
-10.8  70  
-10.79  70  
-10.78  75  
-10.77  77  
-10.76  75  
-10.75  81  
-10.74  89  
-10.73  95  
-10.72  71  
-10.71  76  
-10.7  66  
-10.69  68  
-10.68  75  
-10.67  92  
-10.66  67  
-10.65  79  
-10.64  84  
-10.63  75  
-10.62  92  
-10.61  90  
-10.6  88  
-10.59  86  
-10.58  91  
-10.57  83  
-10.56  79  
-10.55  76  
-10.54  83  
-10.53  100  
-10.52  88  
-10.51  97  
-10.5  90  
-10.49  99  
-10.48  82  
-10.47  109  
-10.46  96  
-10.45  95  
-10.44  112  
-10.43  80  
-10.42  77  
-10.41  92  
-10.4  96  
-10.39  89  
-10.38  93  
-10.37  116  
-10.36  99  
-10.35  93  
-10.34  103  
-10.33  98  
-10.32  96  
-10.31  113  
-10.3  113  
-10.29  115  
-10.28  106  
-10.27  109  
-10.26  106  
-10.25  125  
-10.24  112  
-10.23  106  
-10.22  111  
-10.21  113  
-10.2  122  
-10.19  116  
-10.18  115  
-10.17  121  
-10.16  101  
-10.15  104  
-10.14  136  
-10.13  142  
-10.12  129  
-10.11  114  
-10.1  120  
-10.09  117  
-10.08  112  
-10.07  113  
-10.06  142  
-10.05  100  
-10.04  118  
-10.03  148  
-10.02  122  
-10.01  140  
-10  126  
-9.99  160  
-9.98  133  
-9.97  134  
-9.96  143  
-9.95  130  
-9.94  144  
-9.93  152  
-9.92  130  
-9.91  138  
-9.9  153  
-9.89  147  
-9.88  123  
-9.87  150  
-9.86  143  
-9.85  166  
-9.84  158  
-9.83  180  
-9.82  118  
-9.81  169  
-9.8  157  
-9.79  144  
-9.78  163  
-9.77  168  
-9.76  150  
-9.75  177  
-9.74  172  
-9.73  188  
-9.72  181  
-9.71  181  
-9.7  159  
-9.69  157  
-9.68  162  
-9.67  194  
-9.66  183  
-9.65  176  
-9.64  178  
-9.63  196  
-9.62  168  
-9.61  173  
-9.6  192  
-9.59  185  
-9.58  179  
-9.57  170  
-9.56  205  
-9.55  178  
-9.54  164  
-9.53  181  
-9.52  198  
-9.51  203  
-9.5  181  
-9.49  197  
-9.48  211  
-9.47  205  
-9.46  191  
-9.45  233  
-9.44  195  
-9.43  198  
-9.42  201  
-9.41  203  
-9.4  224  
-9.39  200  
-9.38  223  
-9.37  212  
-9.36  223  
-9.35  210  
-9.34  202  
-9.33  210  
-9.32  227  
-9.31  195  
-9.3  205  
-9.29  244  
-9.28  215  
-9.27  201  
-9.26  238  
-9.25  218  
-9.24  238  
-9.23  230  
-9.22  258  
-9.21  218  
-9.2  238  
-9.19  226  
-9.18  227  
-9.17  244  
-9.16  235  
-9.15  256  
-9.14  253  
-9.13  242  
-9.12  253  
-9.11  244  
-9.1  224  
-9.09  243  
-9.08  243  
-9.07  211  
-9.06  250  
-9.05  256  
-9.04  252  
-9.03  269  
-9.02  242  
-9.01  220  
-9  234  
-8.99  244  
-8.98  248  
-8.97  275  
-8.96  241  
-8.95  248  
-8.94  247  
-8.93  236  
-8.92  242  
-8.91  236  
-8.9  228  
-8.89  255  
-8.88  251  
-8.87  256  
-8.86  273  
-8.85  244  
-8.84  242  
-8.83  262  
-8.82  242  
-8.81  250  
-8.8  242  
-8.79  288  
-8.78  237  
-8.77  210  
-8.76  251  
-8.75  261  
-8.74  233  
-8.73  250  
-8.72  228  
-8.71  236  
-8.7  240  
-8.69  232  
-8.68  225  
-8.67  217  
-8.66  218  
-8.65  248  
-8.64  240  
-8.63  249  
-8.62  241  
-8.61  226  
-8.6  239  
-8.59  240  
-8.58  230  
-8.57  247  
-8.56  249  
-8.55  267  
-8.54  249  
-8.53  238  
-8.52  237  
-8.51  253  
-8.5  245  
-8.49  207  
-8.48  248  
-8.47  247  
-8.46  220  
-8.45  205  
-8.44  251  
-8.43  216  
-8.42  211  
-8.41  254  
-8.4  200  
-8.39  215  
-8.38  244  
-8.37  219  
-8.36  216  
-8.35  210  
-8.34  195  
-8.33  206  
-8.32  213  
-8.31  221  
-8.3  205  
-8.29  220  
-8.28  225  
-8.27  239  
-8.26  238  
-8.25  225  
-8.24  206  
-8.23  191  
-8.22  223  
-8.21  240  
-8.2  209  
-8.19  218  
-8.18  205  
-8.17  217  
-8.16  218  
-8.15  200  
-8.14  215  
-8.13  201  
-8.12  209  
-8.11  228  
-8.1  208  
-8.09  183  
-8.08  209  
-8.07  246  
-8.06  197  
-8.05  214  
-8.04  202  
-8.03  206  
-8.02  216  
-8.01  210  
-8  216  
-7.99  241  
-7.98  211  
-7.97  214  
-7.96  222  
-7.95  229  
-7.94  190  
-7.93  179  
-7.92  181  
-7.91  197  
-7.9  172  
-7.89  201  
-7.88  191  
-7.87  221  
-7.86  187  
-7.85  193  
-7.84  193  
-7.83  200  
-7.82  200  
-7.81  225  
-7.8  193  
-7.79  182  
-7.78  184  
-7.77  181  
-7.76  176  
-7.75  195  
-7.74  206  
-7.73  210  
-7.72  194  
-7.71  194  
-7.7  199  
-7.69  200  
-7.68  205  
-7.67  207  
-7.66  207  
-7.65  214  
-7.64  219  
-7.63  246  
-7.62  211  
-7.61  196  
-7.6  191  
-7.59  237  
-7.58  239  
-7.57  198  
-7.56  227  
-7.55  222  
-7.54  222  
-7.53  205  
-7.52  219  
-7.51  226  
-7.5  202  
-7.49  212  
-7.48  209  
-7.47  202  
-7.46  185  
-7.45  212  
-7.44  197  
-7.43  178  
-7.42  198  
-7.41  170  
-7.4  154  
-7.39  192  
-7.38  135  
-7.37  151  
-7.36  149  
-7.35  158  
-7.34  137  
-7.33  135  
-7.32  109  
-7.31  113  
-7.3  98  
-7.29  87  
-7.28  94  
-7.27  67  
-7.26  66  
-7.25  84  
-7.24  56  
-7.23  58  
-7.22  51  
-7.21  59  
-7.2  59  
-7.19  26  
-7.18  39  
-7.17  26  
-7.16  24  
-7.15  27  
-7.14  18  
-7.13  11  
-7.12  12  
-7.11  10  
-7.1  15  
-7.09  12  
-7.08  7  
-7.07  10  
-7.06  10  
-7.05  3  
-7.04  11  
-7.03  3  
-7.02  4  
-7.01  5  
-7  4  
-6.99  7  
-6.98  1  
-6.97  2  
-6.96  3  
-6.95  5  
-6.94  3  
-6.93  2  
-6.92  4  
-6.91  4  
-6.9  4  
-6.89  1  
-6.88  0  
-6.87  1  
-6.86  0  
-6.85  0  
-6.84  0  
-6.83  0  
-6.82  0  
-6.81  0  
-6.8  1  
-6.79  0  
-6.78  0  
-6.77  1  
-6.76  0  
-6.75  0  
-6.74  0  
-6.73  0  
-6.72  0  
-6.71  0  
-6.7  0  
-6.69  0  
-6.68  0  
-6.67  0  
-6.66  0  
-6.65  0  
-6.64  0  
-6.63  0  
-6.62  0  
-6.61  0  
-6.6  0  
-6.59  0  
-6.58  0  
-6.57  0  
-6.56  0  
-6.55  0  
-6.54  0  
-6.53  0  
-6.52  0  
-6.51  0  
-6.5  0  
-6.49  0  
-6.48  0  
-6.47  0  
-6.46  0  
-6.45  0  
-6.44  0  
-6.43  0  
-6.42  0  
-6.41  0  
-6.4  0  
-6.39  0  
-6.38  0  
-6.37  0  
-6.36  0  
-6.35  0  
-6.34  0  
-6.33  0  
-6.32  0  
-6.31  0  
-6.3  0  
-6.29  0  
-6.28  0  
-6.27  0  
-6.26  0  
-6.25  0  
-6.24  0  
-6.23  0  
-6.22  0  
-6.21  0  
-6.2  0  
-6.19  0  
-6.18  0  
-6.17  0  
-6.16  0  
-6.15  0  
-6.14  0  
-6.13  0  
-6.12  0  
-6.11  0  
-6.1  0  
-6.09  0  
-6.08  0  
-6.07  0  
-6.06  0  
-6.05  0  
-6.04  0  
-6.03  0  
-6.02  0  
-6.01  0  
-6  0  
-5.99  0  
-5.98  0  
-5.97  0  
-5.96  0  
-5.95  0  
-5.94  0  
-5.93  0  
-5.92  0  
-5.91  0  
-5.9  0  
-5.89  0  
-5.88  0  
-5.87  0  
-5.86  0  
-5.85  0  
-5.84  0  
-5.83  0  
-5.82  0  
-5.81  0  
-5.8  0  
-5.79  0  
-5.78  0  
-5.77  0  
-5.76  0  
-5.75  0  
-5.74  0  
-5.73  0  
-5.72  0  
-5.71  0  
-5.7  0  
-5.69  0  
-5.68  0  
-5.67  0  
-5.66  0  
-5.65  0  
-5.64  0  
-5.63  0  
-5.62  0  
-5.61  0  
-5.6  0  
-5.59  0  
-5.58  0  
-5.57  0  
-5.56  0  
-5.55  0  
-5.54  0  
-5.53  0  
-5.52  0  
-5.51  0  
-5.5  0  
-5.49  0  
-5.48  0  
-5.47  0  
-5.46  0  
-5.45  0  
-5.44  0  
-5.43  0  
-5.42  0  
-5.41  0  
-5.4  0  
-5.39  0  
-5.38  0  
-5.37  0  
-5.36  0  
-5.35  0  
-5.34  0  
-5.33  0  
-5.32  0  
-5.31  0  
-5.3  0  
-5.29  0  
-5.28  0  
-5.27  0  
-5.26  0  
-5.25  0  
-5.24  0  
-5.23  0  
-5.22  0  
-5.21  0  
-5.2  0  
-5.19  0  
-5.18  0  
-5.17  0  
-5.16  0  
-5.15  0  
-5.14  0  
-5.13  0  
-5.12  0  
-5.11  0  
-5.1  0  
-5.09  0  
-5.08  0  
-5.07  0  
-5.06  0  
-5.05  0  
-5.04  0  
-5.03  0  
-5.02  0  
-5.01  0  
-5  0  
-4.99  0  
-4.98  0  
-4.97  0  
-4.96  0  
-4.95  0  
-4.94  0  
-4.93  0  
-4.92  0  
-4.91  0  
-4.9  0  
-4.89  0  
-4.88  0  
-4.87  0  
-4.86  0  
-4.85  0  
-4.84  0  
-4.83  0  
-4.82  0  
-4.81  0  
-4.8  0  
-4.79  0  
-4.78  0  
-4.77  0  
-4.76  0  
-4.75  0  
-4.74  0  
-4.73  0  
-4.72  0  
-4.71  0  
-4.7  0  
-4.69  0  
-4.68  0  
-4.67  0  
-4.66  0  
-4.65  0  
-4.64  0  
-4.63  0  
-4.62  0  
-4.61  0  
-4.6  0  
-4.59  0  
-4.58  0  
-4.57  0  
-4.56  0  
-4.55  0  
-4.54  0  
-4.53  0  
-4.52  0  
-4.51  0  
-4.5  0  
-4.49  0  
-4.48  0  
-4.47  0  
-4.46  0  
-4.45  0  
-4.44  0  
-4.43  0  
-4.42  0  
-4.41  0  
-4.4  0  
-4.39  0  
-4.38  0  
-4.37  0  
-4.36  0  
-4.35  0  
-4.34  0  
-4.33  0  
-4.32  0  
-4.31  0  
-4.3  0  
-4.29  0  
-4.28  0  
-4.27  0  
-4.26  0  
-4.25  0  
-4.24  0  
-4.23  0  
-4.22  0  
-4.21  0  
-4.2  0  
-4.19  0  
-4.18  0  
-4.17  0  
-4.16  0  
-4.15  0  
-4.14  0  
-4.13  0  
-4.12  0  
-4.11  0  
-4.1  0  
-4.09  0  
-4.08  0  
-4.07  0  
-4.06  0  
-4.05  0  
-4.04  0  
-4.03  0  
-4.02  0  
-4.01  0  
-4  0  
-3.99  0  
-3.98  0  
-3.97  0  
-3.96  0  
-3.95  0  
-3.94  0  
-3.93  0  
-3.92  0  
-3.91  0  
-3.9  0  
-3.89  0  
-3.88  0  
-3.87  0  
-3.86  0  
-3.85  0  
-3.84  0  
-3.83  0  
-3.82  0  
-3.81  0  
-3.8  0  
-3.79  0  
-3.78  0  
-3.77  0  
-3.76  0  
-3.75  0  
-3.74  0  
-3.73  0  
-3.72  0  
-3.71  0  
-3.7  0  
-3.69  0  
-3.68  0  
-3.67  0  
-3.66  0  
-3.65  0  
-3.64  0  
-3.63  0  
-3.62  0  
-3.61  0  
-3.6  0  
-3.59  0  
-3.58  0  
-3.57  0  
-3.56  0  
-3.55  0  
-3.54  0  
-3.53  0  
-3.52  0  
-3.51  0  
-3.5  0  
-3.49  0  
-3.48  0  
-3.47  0  
-3.46  0  
-3.45  0  
-3.44  0  
-3.43  0  
-3.42  0  
-3.41  0  
-3.4  0  
-3.39  0  
-3.38  0  
-3.37  0  
-3.36  0  
-3.35  0  
-3.34  0  
-3.33  0  
-3.32  0  
-3.31  0  
-3.3  0  
-3.29  0  
-3.28  0  
-3.27  0  
-3.26  0  
-3.25  0  
-3.24  0  
-3.23  0  
-3.22  0  
-3.21  0  
-3.2  0  
-3.19  0  
-3.18  0  
-3.17  0  
-3.16  0  
-3.15  0  
-3.14  0  
-3.13  0  
-3.12  0  
-3.11  0  
-3.1  0  
-3.09  0  
-3.08  0  
-3.07  0  
-3.06  0  
-3.05  0  
-3.04  0  
-3.03  0  
-3.02  0  
-3.01  0  
-3  0  
-2.99  0  
-2.98  0  
-2.97  0  
-2.96  0  
-2.95  0  
-2.94  0  
-2.93  0  
-2.92  0  
-2.91  0  
-2.9  0  
-2.89  0  
-2.88  0  
-2.87  0  
-2.86  0  
-2.85  0  
-2.84  0  
-2.83  0  
-2.82  0  
-2.81  0  
-2.8  0  
-2.79  0  
-2.78  0  
-2.77  0  
-2.76  0  
-2.75  0  
-2.74  0  
-2.73  0  
-2.72  0  
-2.71  0  
-2.7  0  
-2.69  0  
-2.68  0  
-2.67  0  
-2.66  0  
-2.65  0  
-2.64  0  
-2.63  0  
-2.62  0  
-2.61  0  
-2.6  0  
-2.59  0  
-2.58  0  
-2.57  0  
-2.56  0  
-2.55  0  
-2.54  0  
-2.53  0  
-2.52  0  
-2.51  0  
-2.5  0  
-2.49  0  
-2.48  0  
-2.47  0  
-2.46  0  
-2.45  0  
-2.44  0  
-2.43  0  
-2.42  0  
-2.41  0  
-2.4  0  
-2.39  0  
-2.38  0  
-2.37  0  
-2.36  0  
-2.35  0  
-2.34  0  
-2.33  0  
-2.32  0  
-2.31  0  
-2.3  0  
-2.29  0  
-2.28  0  
-2.27  0  
-2.26  0  
-2.25  0  
-2.24  0  
-2.23  0  
-2.22  0  
-2.21  0  
-2.2  0  
-2.19  0  
-2.18  0  
-2.17  0  
-2.16  0  
-2.15  0  
-2.14  0  
-2.13  0  
-2.12  0  
-2.11  0  
-2.1  0  
-2.09  0  
-2.08  0  
-2.07  0  
-2.06  0  
-2.05  0  
-2.04  0  
-2.03  0  
-2.02  0  
-2.01  0  
-2  0  
