24 isr_2_2__b__bb__mu-__mu+ 159958 159958 2.34750053129e-08
Simple_Pole_0.5_Forward_-0.999 159958 1.41161910125e-11 1.41161910125e-11 0 9.8319263449e-13 1.01026065392e-27
Simple_Pole_0.5_Backward_-0.999 159958 1.42678994427e-11 1.42678994427e-11 0 1.00543660874e-12 1.05780386745e-27
Simple_Pole_0.5_Uniform 159958 1.41948018564e-11 1.41948018564e-11 0 9.94207451135e-13 8.71190625775e-28
Simple_Pole_0.5_Central 159958 7.85319185369e-11 7.85319185369e-11 0 1.27841920557e-12 1.63303628306e-27
Simple_Pole_0.5_Forward_0.999 159958 1.13234736514e-15 1.13234736514e-15 0 1.34285078191e-13 2.31514008548e-29
Simple_Pole_0.5_Backward_0.999 159958 1.14507941115e-15 1.14507941115e-15 0 1.31213579291e-13 2.09101003321e-29
Simple_Pole_1_Forward_-0.999 159958 3.17582356378e-06 3.17582356378e-06 0 1.34821932906e-11 1.2189156446e-25
Simple_Pole_1_Backward_-0.999 159958 3.15407402465e-06 3.15407402465e-06 0 1.38613089547e-11 1.41253392906e-25
Simple_Pole_1_Uniform 159958 3.16558732019e-06 3.16558732019e-06 0 1.36703353214e-11 1.07789869493e-25
Simple_Pole_1_Central 159958 2.0187719703e-05 2.0187719703e-05 0 1.79390522717e-11 1.70781292844e-25
Simple_Pole_1_Forward_0.999 159958 2.61342294819e-10 2.61342294819e-10 0 1.85279013871e-12 3.24939747401e-27
Simple_Pole_1_Backward_0.999 159958 2.51290752706e-10 2.51290752706e-10 0 1.79054386747e-12 2.68567894615e-27
Simple_Pole_1.5_Forward_-0.999 159958 0.00364807588072 0.00364807588072 0 8.49932391905e-11 2.55120249986e-24
Simple_Pole_1.5_Backward_-0.999 159958 0.00259358976541 0.00259358976541 0 7.78441159373e-11 2.04899721948e-24
Simple_Pole_1.5_Uniform 159958 0.00255066495994 0.00255066495994 0 7.55178445154e-11 2.17361662358e-24
Simple_Pole_1.5_Central 159958 0.0146960995368 0.0146960995368 0 9.29319122846e-11 2.30445677716e-24
Simple_Pole_1.5_Forward_0.999 159958 6.71716345854e-08 6.71716345854e-08 0 6.00946899821e-12 3.73254863223e-26
Simple_Pole_1.5_Backward_0.999 159958 6.95821577642e-08 6.95821577642e-08 0 5.86358042822e-12 2.86109654482e-26
Resonance_91.1876_Forward_-0.999 159958 0.200419953616 0.200419953616 0 9.44960001648e-11 2.706386339e-25
Resonance_91.1876_Backward_-0.999 159958 0.160918710242 0.160918710242 0 9.45466351649e-11 2.869573269e-25
Resonance_91.1876_Uniform 159958 0.201071294447 0.201071294447 0 9.42719284315e-11 2.35041585914e-25
Resonance_91.1876_Central 159958 0.414059362744 0.414059362744 0 9.370680321e-11 2.39993443652e-25
Resonance_91.1876_Forward_0.999 159958 6.10675349011e-06 6.10675349011e-06 0 1.05682035886e-11 1.49000050764e-26
Resonance_91.1876_Backward_0.999 159958 6.32146255375e-06 6.32146255375e-06 0 1.05165409866e-11 1.55301001842e-26
