 v_4_2_6  1  1  5000  6.97720551698e-11  1.62642897408e-22  1.06214489346e-11 
 v_32_2_34  1  1  5000  6.97720551698e-11  1.62642897408e-22  1.06214489346e-11 
 v_16_4_20  1  1  5000  6.97720551698e-11  1.62642897408e-22  1.06214489346e-11 
 v_16_8_24  1  1  5000  6.97720551698e-11  1.62642897408e-22  1.06214489346e-11 
 v_32_4_36  1  1  5000  6.97720551698e-11  1.62642897408e-22  1.06214489346e-11 
 v_32_6_38  0.985031962346  0.996331554737  5000  6.3891260668e-11  1.19108239554e-22  8.25145464682e-12 
 v_4_34_38  1.0147264833  0.99860256044  5000  7.54807566214e-11  2.2541054207e-22  1.29220887252e-11 
 v_24_2_26  1  1  5000  6.97720551698e-11  1.62642897408e-22  1.06214489346e-11 
 v_8_20_28  0.760325871298  0.778274610227  5000  8.39600999356e-11  8.23025680533e-22  2.58334043866e-11 
 v_24_4_28  1.23766522861  1.20718511997  5000  6.10560168993e-11  5.62578382514e-23  4.32309069576e-12 
 v_32_24_56  1  1  5000  6.97720551698e-11  1.62642897408e-22  1.06214489346e-11 
 v_8_20_28  0.760325871298  0.778274610227  5000  8.39600999356e-11  8.23025680533e-22  2.58334043866e-11 
 v_24_4_28  1.23766522861  1.20718511997  5000  6.10560168993e-11  5.62578382514e-23  4.32309069576e-12 
 v_28_2_30  1.53665872676  1.55909532074  5000  7.23194815833e-11  2.20364184334e-22  1.27942279593e-11 
 v_24_6_30  0.580675791656  0.535208338923  5000  6.19291702803e-11  7.52668843273e-23  4.71088397954e-12 
 v_4_26_30  0.337423976441  0.335541919116  5000  6.00665306817e-11  1.10466999303e-22  8.38133049073e-12 
 v_28_2_30  1.53665872676  1.55909532074  5000  7.23194815833e-11  2.20364184334e-22  1.27942279593e-11 
 v_24_34_58  1.00158135847  0.957685962828  5000  7.49060396991e-11  2.74850284515e-22  1.51548770712e-11 
 v_32_26_58  0.995954461088  1.03916592112  5000  6.46090648925e-11  1.09097524206e-22  6.06240804569e-12 
 v_56_4_60  0.403063303935  0.468757010713  5000  4.30167821706e-11  1.96608635729e-23  1.83069388016e-12 
 v_24_36_60  1.69615541703  1.55891882642  5000  6.52901832867e-11  9.51021883035e-23  6.30857432373e-12 
 v_32_28_60  1.50630112611  1.51186357741  5000  7.57988846568e-11  4.51659266027e-22  1.70655705973e-11 
 v_32_28_60  0.384598091957  0.436252967752  5000  9.3973423188e-11  1.91769488488e-21  4.1887696789e-11 
 v_28_34_62  1.14091402092  1.09207407687  5000  6.48819349704e-11  2.06752181444e-22  1.11826957918e-11 
 v_24_38_62  0.763605814422  0.722684702175  5000  6.44071585264e-11  1.25197753973e-22  6.45229436051e-12 
 v_32_30_62  0.0184575171576  0.0169578110598  5000  2.73320811192e-11  2.53994660426e-23  4.43747466232e-12 
 v_4_58_62  0.355816755382  0.334712693635  5000  4.64058516035e-11  5.28399896922e-23  4.39649326391e-12 
 v_36_26_62  0.812456455787  0.693370310213  5000  6.84044398267e-11  1.40030669558e-22  7.71097019421e-12 
 v_56_6_62  0.99363632524  1.11858278692  5000  4.79259911556e-11  3.78449280812e-23  2.77339661555e-12 
 v_60_2_62  3.82052833486  3.80773374274  5000  8.06603646658e-11  3.72587225933e-22  1.72637048646e-11 
 v_28_34_62  0.053597908429  0.0676963611767  5000  6.96297360385e-11  8.70447873279e-22  2.7448093103e-11 
