10 1002 -12 -2 1546  0  157571
-12  20  
-11.99  18  
-11.98  12  
-11.97  17  
-11.96  19  
-11.95  19  
-11.94  18  
-11.93  10  
-11.92  15  
-11.91  23  
-11.9  29  
-11.89  21  
-11.88  20  
-11.87  25  
-11.86  18  
-11.85  14  
-11.84  23  
-11.83  21  
-11.82  10  
-11.81  23  
-11.8  16  
-11.79  23  
-11.78  21  
-11.77  16  
-11.76  17  
-11.75  26  
-11.74  23  
-11.73  21  
-11.72  21  
-11.71  23  
-11.7  27  
-11.69  16  
-11.68  22  
-11.67  24  
-11.66  25  
-11.65  26  
-11.64  17  
-11.63  11  
-11.62  19  
-11.61  24  
-11.6  19  
-11.59  31  
-11.58  25  
-11.57  32  
-11.56  19  
-11.55  31  
-11.54  19  
-11.53  29  
-11.52  30  
-11.51  33  
-11.5  29  
-11.49  22  
-11.48  26  
-11.47  29  
-11.46  18  
-11.45  24  
-11.44  20  
-11.43  30  
-11.42  21  
-11.41  32  
-11.4  30  
-11.39  37  
-11.38  19  
-11.37  28  
-11.36  32  
-11.35  31  
-11.34  25  
-11.33  33  
-11.32  24  
-11.31  25  
-11.3  36  
-11.29  23  
-11.28  29  
-11.27  30  
-11.26  29  
-11.25  20  
-11.24  30  
-11.23  31  
-11.22  15  
-11.21  30  
-11.2  43  
-11.19  39  
-11.18  31  
-11.17  36  
-11.16  36  
-11.15  29  
-11.14  30  
-11.13  30  
-11.12  48  
-11.11  26  
-11.1  24  
-11.09  32  
-11.08  37  
-11.07  22  
-11.06  36  
-11.05  31  
-11.04  40  
-11.03  32  
-11.02  32  
-11.01  48  
-11  42  
-10.99  39  
-10.98  31  
-10.97  40  
-10.96  31  
-10.95  24  
-10.94  35  
-10.93  42  
-10.92  40  
-10.91  44  
-10.9  41  
-10.89  39  
-10.88  42  
-10.87  41  
-10.86  32  
-10.85  36  
-10.84  40  
-10.83  34  
-10.82  24  
-10.81  45  
-10.8  42  
-10.79  46  
-10.78  42  
-10.77  29  
-10.76  33  
-10.75  51  
-10.74  44  
-10.73  37  
-10.72  42  
-10.71  41  
-10.7  37  
-10.69  30  
-10.68  51  
-10.67  46  
-10.66  28  
-10.65  42  
-10.64  47  
-10.63  50  
-10.62  43  
-10.61  36  
-10.6  39  
-10.59  46  
-10.58  34  
-10.57  41  
-10.56  38  
-10.55  26  
-10.54  30  
-10.53  41  
-10.52  43  
-10.51  46  
-10.5  42  
-10.49  46  
-10.48  53  
-10.47  47  
-10.46  40  
-10.45  50  
-10.44  52  
-10.43  46  
-10.42  48  
-10.41  58  
-10.4  42  
-10.39  50  
-10.38  34  
-10.37  45  
-10.36  36  
-10.35  50  
-10.34  49  
-10.33  42  
-10.32  38  
-10.31  55  
-10.3  35  
-10.29  37  
-10.28  47  
-10.27  42  
-10.26  50  
-10.25  58  
-10.24  52  
-10.23  46  
-10.22  66  
-10.21  55  
-10.2  46  
-10.19  49  
-10.18  46  
-10.17  40  
-10.16  46  
-10.15  46  
-10.14  51  
-10.13  55  
-10.12  48  
-10.11  56  
-10.1  49  
-10.09  57  
-10.08  50  
-10.07  58  
-10.06  48  
-10.05  67  
-10.04  57  
-10.03  51  
-10.02  43  
-10.01  45  
-10  51  
-9.99  38  
-9.98  51  
-9.97  54  
-9.96  60  
-9.95  53  
-9.94  56  
-9.93  52  
-9.92  62  
-9.91  68  
-9.9  49  
-9.89  49  
-9.88  51  
-9.87  65  
-9.86  43  
-9.85  63  
-9.84  61  
-9.83  50  
-9.82  54  
-9.81  55  
-9.8  48  
-9.79  40  
-9.78  65  
-9.77  55  
-9.76  48  
-9.75  57  
-9.74  51  
-9.73  51  
-9.72  46  
-9.71  54  
-9.7  56  
-9.69  76  
-9.68  57  
-9.67  44  
-9.66  54  
-9.65  62  
-9.64  36  
-9.63  59  
-9.62  53  
-9.61  54  
-9.6  66  
-9.59  51  
-9.58  51  
-9.57  61  
-9.56  46  
-9.55  57  
-9.54  69  
-9.53  47  
-9.52  64  
-9.51  55  
-9.5  48  
-9.49  43  
-9.48  47  
-9.47  58  
-9.46  44  
-9.45  61  
-9.44  56  
-9.43  55  
-9.42  60  
-9.41  61  
-9.4  67  
-9.39  69  
-9.38  49  
-9.37  64  
-9.36  61  
-9.35  64  
-9.34  55  
-9.33  62  
-9.32  63  
-9.31  59  
-9.3  54  
-9.29  65  
-9.28  75  
-9.27  51  
-9.26  61  
-9.25  70  
-9.24  80  
-9.23  68  
-9.22  83  
-9.21  84  
-9.2  77  
-9.19  68  
-9.18  82  
-9.17  68  
-9.16  73  
-9.15  100  
-9.14  75  
-9.13  86  
-9.12  82  
-9.11  98  
-9.1  91  
-9.09  88  
-9.08  110  
-9.07  86  
-9.06  110  
-9.05  93  
-9.04  105  
-9.03  113  
-9.02  116  
-9.01  113  
-9  95  
-8.99  117  
-8.98  111  
-8.97  126  
-8.96  110  
-8.95  116  
-8.94  135  
-8.93  121  
-8.92  116  
-8.91  131  
-8.9  122  
-8.89  130  
-8.88  130  
-8.87  130  
-8.86  139  
-8.85  143  
-8.84  150  
-8.83  159  
-8.82  174  
-8.81  159  
-8.8  154  
-8.79  165  
-8.78  166  
-8.77  159  
-8.76  173  
-8.75  170  
-8.74  170  
-8.73  189  
-8.72  158  
-8.71  159  
-8.7  183  
-8.69  182  
-8.68  177  
-8.67  183  
-8.66  174  
-8.65  173  
-8.64  189  
-8.63  167  
-8.62  180  
-8.61  198  
-8.6  189  
-8.59  190  
-8.58  170  
-8.57  197  
-8.56  199  
-8.55  167  
-8.54  202  
-8.53  203  
-8.52  191  
-8.51  191  
-8.5  202  
-8.49  188  
-8.48  188  
-8.47  213  
-8.46  214  
-8.45  181  
-8.44  188  
-8.43  218  
-8.42  220  
-8.41  216  
-8.4  218  
-8.39  201  
-8.38  196  
-8.37  195  
-8.36  171  
-8.35  198  
-8.34  183  
-8.33  200  
-8.32  188  
-8.31  196  
-8.3  183  
-8.29  185  
-8.28  208  
-8.27  188  
-8.26  179  
-8.25  193  
-8.24  181  
-8.23  202  
-8.22  193  
-8.21  182  
-8.2  197  
-8.19  188  
-8.18  198  
-8.17  184  
-8.16  162  
-8.15  186  
-8.14  175  
-8.13  172  
-8.12  165  
-8.11  177  
-8.1  179  
-8.09  188  
-8.08  184  
-8.07  178  
-8.06  149  
-8.05  166  
-8.04  190  
-8.03  162  
-8.02  198  
-8.01  184  
-8  173  
-7.99  174  
-7.98  155  
-7.97  169  
-7.96  179  
-7.95  147  
-7.94  184  
-7.93  173  
-7.92  185  
-7.91  178  
-7.9  174  
-7.89  174  
-7.88  159  
-7.87  211  
-7.86  190  
-7.85  167  
-7.84  189  
-7.83  177  
-7.82  171  
-7.81  155  
-7.8  182  
-7.79  171  
-7.78  160  
-7.77  214  
-7.76  186  
-7.75  187  
-7.74  183  
-7.73  183  
-7.72  183  
-7.71  210  
-7.7  207  
-7.69  207  
-7.68  189  
-7.67  180  
-7.66  180  
-7.65  209  
-7.64  191  
-7.63  195  
-7.62  224  
-7.61  217  
-7.6  213  
-7.59  199  
-7.58  194  
-7.57  195  
-7.56  215  
-7.55  213  
-7.54  221  
-7.53  223  
-7.52  203  
-7.51  192  
-7.5  242  
-7.49  223  
-7.48  219  
-7.47  227  
-7.46  230  
-7.45  249  
-7.44  249  
-7.43  252  
-7.42  269  
-7.41  251  
-7.4  260  
-7.39  255  
-7.38  256  
-7.37  273  
-7.36  265  
-7.35  283  
-7.34  301  
-7.33  311  
-7.32  289  
-7.31  347  
-7.3  325  
-7.29  378  
-7.28  323  
-7.27  348  
-7.26  396  
-7.25  397  
-7.24  422  
-7.23  398  
-7.22  460  
-7.21  433  
-7.2  412  
-7.19  436  
-7.18  440  
-7.17  479  
-7.16  499  
-7.15  475  
-7.14  536  
-7.13  556  
-7.12  556  
-7.11  580  
-7.1  601  
-7.09  642  
-7.08  689  
-7.07  664  
-7.06  648  
-7.05  654  
-7.04  689  
-7.03  676  
-7.02  702  
-7.01  745  
-7  688  
-6.99  708  
-6.98  752  
-6.97  688  
-6.96  721  
-6.95  709  
-6.94  739  
-6.93  659  
-6.92  675  
-6.91  710  
-6.9  673  
-6.89  665  
-6.88  609  
-6.87  531  
-6.86  586  
-6.85  563  
-6.84  491  
-6.83  470  
-6.82  480  
-6.81  470  
-6.8  441  
-6.79  382  
-6.78  365  
-6.77  325  
-6.76  307  
-6.75  270  
-6.74  270  
-6.73  248  
-6.72  205  
-6.71  211  
-6.7  213  
-6.69  171  
-6.68  158  
-6.67  134  
-6.66  128  
-6.65  109  
-6.64  87  
-6.63  88  
-6.62  74  
-6.61  77  
-6.6  69  
-6.59  60  
-6.58  53  
-6.57  38  
-6.56  50  
-6.55  42  
-6.54  39  
-6.53  30  
-6.52  32  
-6.51  24  
-6.5  23  
-6.49  21  
-6.48  22  
-6.47  18  
-6.46  17  
-6.45  11  
-6.44  15  
-6.43  11  
-6.42  10  
-6.41  8  
-6.4  8  
-6.39  9  
-6.38  10  
-6.37  5  
-6.36  4  
-6.35  1  
-6.34  1  
-6.33  1  
-6.32  0  
-6.31  2  
-6.3  2  
-6.29  2  
-6.28  2  
-6.27  1  
-6.26  2  
-6.25  2  
-6.24  0  
-6.23  2  
-6.22  0  
-6.21  0  
-6.2  0  
-6.19  0  
-6.18  1  
-6.17  0  
-6.16  0  
-6.15  0  
-6.14  0  
-6.13  1  
-6.12  0  
-6.11  0  
-6.1  0  
-6.09  0  
-6.08  0  
-6.07  0  
-6.06  0  
-6.05  0  
-6.04  0  
-6.03  1  
-6.02  0  
-6.01  0  
-6  0  
-5.99  0  
-5.98  0  
-5.97  0  
-5.96  0  
-5.95  0  
-5.94  0  
-5.93  0  
-5.92  0  
-5.91  0  
-5.9  0  
-5.89  0  
-5.88  0  
-5.87  0  
-5.86  0  
-5.85  0  
-5.84  0  
-5.83  0  
-5.82  0  
-5.81  0  
-5.8  0  
-5.79  0  
-5.78  0  
-5.77  0  
-5.76  0  
-5.75  0  
-5.74  0  
-5.73  0  
-5.72  0  
-5.71  0  
-5.7  0  
-5.69  0  
-5.68  0  
-5.67  0  
-5.66  0  
-5.65  0  
-5.64  0  
-5.63  0  
-5.62  0  
-5.61  0  
-5.6  0  
-5.59  0  
-5.58  0  
-5.57  0  
-5.56  0  
-5.55  0  
-5.54  0  
-5.53  0  
-5.52  0  
-5.51  0  
-5.5  0  
-5.49  0  
-5.48  0  
-5.47  0  
-5.46  0  
-5.45  0  
-5.44  0  
-5.43  0  
-5.42  0  
-5.41  0  
-5.4  0  
-5.39  0  
-5.38  0  
-5.37  0  
-5.36  0  
-5.35  0  
-5.34  0  
-5.33  0  
-5.32  0  
-5.31  0  
-5.3  0  
-5.29  0  
-5.28  0  
-5.27  0  
-5.26  0  
-5.25  0  
-5.24  0  
-5.23  0  
-5.22  0  
-5.21  0  
-5.2  0  
-5.19  0  
-5.18  0  
-5.17  0  
-5.16  0  
-5.15  0  
-5.14  0  
-5.13  0  
-5.12  0  
-5.11  0  
-5.1  0  
-5.09  0  
-5.08  0  
-5.07  0  
-5.06  0  
-5.05  0  
-5.04  0  
-5.03  0  
-5.02  0  
-5.01  0  
-5  0  
-4.99  0  
-4.98  0  
-4.97  0  
-4.96  0  
-4.95  0  
-4.94  0  
-4.93  0  
-4.92  0  
-4.91  0  
-4.9  0  
-4.89  0  
-4.88  0  
-4.87  0  
-4.86  0  
-4.85  0  
-4.84  0  
-4.83  0  
-4.82  0  
-4.81  0  
-4.8  0  
-4.79  0  
-4.78  0  
-4.77  0  
-4.76  0  
-4.75  0  
-4.74  0  
-4.73  0  
-4.72  0  
-4.71  0  
-4.7  0  
-4.69  0  
-4.68  0  
-4.67  0  
-4.66  0  
-4.65  0  
-4.64  0  
-4.63  0  
-4.62  0  
-4.61  0  
-4.6  0  
-4.59  0  
-4.58  0  
-4.57  0  
-4.56  0  
-4.55  0  
-4.54  0  
-4.53  0  
-4.52  0  
-4.51  0  
-4.5  0  
-4.49  0  
-4.48  0  
-4.47  0  
-4.46  0  
-4.45  0  
-4.44  0  
-4.43  0  
-4.42  0  
-4.41  0  
-4.4  0  
-4.39  0  
-4.38  0  
-4.37  0  
-4.36  0  
-4.35  0  
-4.34  0  
-4.33  0  
-4.32  0  
-4.31  0  
-4.3  0  
-4.29  0  
-4.28  0  
-4.27  0  
-4.26  0  
-4.25  0  
-4.24  0  
-4.23  0  
-4.22  0  
-4.21  0  
-4.2  0  
-4.19  0  
-4.18  0  
-4.17  0  
-4.16  0  
-4.15  0  
-4.14  0  
-4.13  0  
-4.12  0  
-4.11  0  
-4.1  0  
-4.09  0  
-4.08  0  
-4.07  0  
-4.06  0  
-4.05  0  
-4.04  0  
-4.03  0  
-4.02  0  
-4.01  0  
-4  0  
-3.99  0  
-3.98  0  
-3.97  0  
-3.96  0  
-3.95  0  
-3.94  0  
-3.93  0  
-3.92  0  
-3.91  0  
-3.9  0  
-3.89  0  
-3.88  0  
-3.87  0  
-3.86  0  
-3.85  0  
-3.84  0  
-3.83  0  
-3.82  0  
-3.81  0  
-3.8  0  
-3.79  0  
-3.78  0  
-3.77  0  
-3.76  0  
-3.75  0  
-3.74  0  
-3.73  0  
-3.72  0  
-3.71  0  
-3.7  0  
-3.69  0  
-3.68  0  
-3.67  0  
-3.66  0  
-3.65  0  
-3.64  0  
-3.63  0  
-3.62  0  
-3.61  0  
-3.6  0  
-3.59  0  
-3.58  0  
-3.57  0  
-3.56  0  
-3.55  0  
-3.54  0  
-3.53  0  
-3.52  0  
-3.51  0  
-3.5  0  
-3.49  0  
-3.48  0  
-3.47  0  
-3.46  0  
-3.45  0  
-3.44  0  
-3.43  0  
-3.42  0  
-3.41  0  
-3.4  0  
-3.39  0  
-3.38  0  
-3.37  0  
-3.36  0  
-3.35  0  
-3.34  0  
-3.33  0  
-3.32  0  
-3.31  0  
-3.3  0  
-3.29  0  
-3.28  0  
-3.27  0  
-3.26  0  
-3.25  0  
-3.24  0  
-3.23  0  
-3.22  0  
-3.21  0  
-3.2  0  
-3.19  0  
-3.18  0  
-3.17  0  
-3.16  0  
-3.15  0  
-3.14  0  
-3.13  0  
-3.12  0  
-3.11  0  
-3.1  0  
-3.09  0  
-3.08  0  
-3.07  0  
-3.06  0  
-3.05  0  
-3.04  0  
-3.03  0  
-3.02  0  
-3.01  0  
-3  0  
-2.99  0  
-2.98  0  
-2.97  0  
-2.96  0  
-2.95  0  
-2.94  0  
-2.93  0  
-2.92  0  
-2.91  0  
-2.9  0  
-2.89  0  
-2.88  0  
-2.87  0  
-2.86  0  
-2.85  0  
-2.84  0  
-2.83  0  
-2.82  0  
-2.81  0  
-2.8  0  
-2.79  0  
-2.78  0  
-2.77  0  
-2.76  0  
-2.75  0  
-2.74  0  
-2.73  0  
-2.72  0  
-2.71  0  
-2.7  0  
-2.69  0  
-2.68  0  
-2.67  0  
-2.66  0  
-2.65  0  
-2.64  0  
-2.63  0  
-2.62  0  
-2.61  0  
-2.6  0  
-2.59  0  
-2.58  0  
-2.57  0  
-2.56  0  
-2.55  0  
-2.54  0  
-2.53  0  
-2.52  0  
-2.51  0  
-2.5  0  
-2.49  0  
-2.48  0  
-2.47  0  
-2.46  0  
-2.45  0  
-2.44  0  
-2.43  0  
-2.42  0  
-2.41  0  
-2.4  0  
-2.39  0  
-2.38  0  
-2.37  0  
-2.36  0  
-2.35  0  
-2.34  0  
-2.33  0  
-2.32  0  
-2.31  0  
-2.3  0  
-2.29  0  
-2.28  0  
-2.27  0  
-2.26  0  
-2.25  0  
-2.24  0  
-2.23  0  
-2.22  0  
-2.21  0  
-2.2  0  
-2.19  0  
-2.18  0  
-2.17  0  
-2.16  0  
-2.15  0  
-2.14  0  
-2.13  0  
-2.12  0  
-2.11  0  
-2.1  0  
-2.09  0  
-2.08  0  
-2.07  0  
-2.06  0  
-2.05  0  
-2.04  0  
-2.03  0  
-2.02  0  
-2.01  0  
-2  0  
