10 1002 -12 -2 329  0  187656
-12  2  
-11.99  2  
-11.98  2  
-11.97  2  
-11.96  1  
-11.95  3  
-11.94  2  
-11.93  1  
-11.92  0  
-11.91  0  
-11.9  2  
-11.89  1  
-11.88  5  
-11.87  2  
-11.86  3  
-11.85  0  
-11.84  4  
-11.83  4  
-11.82  2  
-11.81  2  
-11.8  3  
-11.79  4  
-11.78  3  
-11.77  2  
-11.76  2  
-11.75  5  
-11.74  2  
-11.73  2  
-11.72  2  
-11.71  2  
-11.7  5  
-11.69  3  
-11.68  2  
-11.67  0  
-11.66  2  
-11.65  0  
-11.64  2  
-11.63  1  
-11.62  1  
-11.61  3  
-11.6  1  
-11.59  5  
-11.58  5  
-11.57  5  
-11.56  2  
-11.55  3  
-11.54  3  
-11.53  3  
-11.52  2  
-11.51  1  
-11.5  1  
-11.49  2  
-11.48  6  
-11.47  3  
-11.46  2  
-11.45  2  
-11.44  1  
-11.43  3  
-11.42  4  
-11.41  3  
-11.4  6  
-11.39  2  
-11.38  2  
-11.37  1  
-11.36  4  
-11.35  4  
-11.34  3  
-11.33  5  
-11.32  5  
-11.31  6  
-11.3  4  
-11.29  1  
-11.28  2  
-11.27  3  
-11.26  1  
-11.25  1  
-11.24  4  
-11.23  3  
-11.22  6  
-11.21  7  
-11.2  2  
-11.19  6  
-11.18  5  
-11.17  6  
-11.16  5  
-11.15  7  
-11.14  3  
-11.13  5  
-11.12  3  
-11.11  3  
-11.1  8  
-11.09  2  
-11.08  5  
-11.07  7  
-11.06  6  
-11.05  1  
-11.04  2  
-11.03  2  
-11.02  8  
-11.01  3  
-11  9  
-10.99  4  
-10.98  5  
-10.97  6  
-10.96  6  
-10.95  5  
-10.94  4  
-10.93  6  
-10.92  5  
-10.91  2  
-10.9  7  
-10.89  5  
-10.88  8  
-10.87  9  
-10.86  11  
-10.85  8  
-10.84  8  
-10.83  7  
-10.82  5  
-10.81  6  
-10.8  5  
-10.79  4  
-10.78  7  
-10.77  4  
-10.76  5  
-10.75  3  
-10.74  6  
-10.73  9  
-10.72  7  
-10.71  9  
-10.7  4  
-10.69  2  
-10.68  5  
-10.67  8  
-10.66  5  
-10.65  9  
-10.64  3  
-10.63  8  
-10.62  4  
-10.61  5  
-10.6  7  
-10.59  5  
-10.58  8  
-10.57  12  
-10.56  10  
-10.55  5  
-10.54  6  
-10.53  11  
-10.52  8  
-10.51  11  
-10.5  8  
-10.49  2  
-10.48  9  
-10.47  7  
-10.46  9  
-10.45  9  
-10.44  8  
-10.43  11  
-10.42  10  
-10.41  13  
-10.4  14  
-10.39  11  
-10.38  8  
-10.37  11  
-10.36  3  
-10.35  8  
-10.34  4  
-10.33  8  
-10.32  12  
-10.31  17  
-10.3  9  
-10.29  9  
-10.28  11  
-10.27  12  
-10.26  13  
-10.25  16  
-10.24  9  
-10.23  10  
-10.22  10  
-10.21  8  
-10.2  10  
-10.19  13  
-10.18  8  
-10.17  12  
-10.16  9  
-10.15  14  
-10.14  11  
-10.13  5  
-10.12  14  
-10.11  9  
-10.1  10  
-10.09  8  
-10.08  7  
-10.07  13  
-10.06  7  
-10.05  17  
-10.04  7  
-10.03  10  
-10.02  14  
-10.01  18  
-10  12  
-9.99  11  
-9.98  9  
-9.97  15  
-9.96  11  
-9.95  11  
-9.94  17  
-9.93  9  
-9.92  15  
-9.91  11  
-9.9  17  
-9.89  16  
-9.88  21  
-9.87  9  
-9.86  18  
-9.85  22  
-9.84  13  
-9.83  17  
-9.82  11  
-9.81  21  
-9.8  13  
-9.79  21  
-9.78  20  
-9.77  13  
-9.76  18  
-9.75  19  
-9.74  17  
-9.73  19  
-9.72  16  
-9.71  7  
-9.7  18  
-9.69  21  
-9.68  18  
-9.67  21  
-9.66  17  
-9.65  17  
-9.64  18  
-9.63  23  
-9.62  20  
-9.61  24  
-9.6  20  
-9.59  21  
-9.58  18  
-9.57  26  
-9.56  17  
-9.55  30  
-9.54  19  
-9.53  21  
-9.52  29  
-9.51  18  
-9.5  23  
-9.49  23  
-9.48  27  
-9.47  26  
-9.46  25  
-9.45  32  
-9.44  33  
-9.43  35  
-9.42  29  
-9.41  31  
-9.4  23  
-9.39  29  
-9.38  34  
-9.37  29  
-9.36  30  
-9.35  27  
-9.34  44  
-9.33  34  
-9.32  28  
-9.31  35  
-9.3  30  
-9.29  42  
-9.28  41  
-9.27  36  
-9.26  38  
-9.25  35  
-9.24  43  
-9.23  29  
-9.22  33  
-9.21  41  
-9.2  49  
-9.19  42  
-9.18  47  
-9.17  44  
-9.16  32  
-9.15  46  
-9.14  53  
-9.13  56  
-9.12  54  
-9.11  47  
-9.1  47  
-9.09  58  
-9.08  66  
-9.07  62  
-9.06  60  
-9.05  71  
-9.04  57  
-9.03  61  
-9.02  68  
-9.01  61  
-9  87  
-8.99  68  
-8.98  66  
-8.97  82  
-8.96  59  
-8.95  59  
-8.94  73  
-8.93  76  
-8.92  80  
-8.91  86  
-8.9  87  
-8.89  84  
-8.88  86  
-8.87  96  
-8.86  87  
-8.85  90  
-8.84  102  
-8.83  94  
-8.82  106  
-8.81  115  
-8.8  106  
-8.79  115  
-8.78  91  
-8.77  105  
-8.76  114  
-8.75  114  
-8.74  112  
-8.73  102  
-8.72  100  
-8.71  129  
-8.7  129  
-8.69  106  
-8.68  140  
-8.67  134  
-8.66  133  
-8.65  132  
-8.64  135  
-8.63  136  
-8.62  156  
-8.61  140  
-8.6  149  
-8.59  149  
-8.58  160  
-8.57  148  
-8.56  157  
-8.55  175  
-8.54  151  
-8.53  168  
-8.52  191  
-8.51  198  
-8.5  203  
-8.49  193  
-8.48  192  
-8.47  214  
-8.46  203  
-8.45  213  
-8.44  236  
-8.43  233  
-8.42  225  
-8.41  240  
-8.4  236  
-8.39  254  
-8.38  236  
-8.37  245  
-8.36  232  
-8.35  255  
-8.34  262  
-8.33  275  
-8.32  219  
-8.31  249  
-8.3  267  
-8.29  266  
-8.28  310  
-8.27  308  
-8.26  301  
-8.25  285  
-8.24  323  
-8.23  331  
-8.22  330  
-8.21  321  
-8.2  327  
-8.19  304  
-8.18  326  
-8.17  358  
-8.16  341  
-8.15  335  
-8.14  387  
-8.13  310  
-8.12  412  
-8.11  389  
-8.1  407  
-8.09  369  
-8.08  384  
-8.07  376  
-8.06  373  
-8.05  419  
-8.04  389  
-8.03  434  
-8.02  378  
-8.01  431  
-8  439  
-7.99  438  
-7.98  444  
-7.97  481  
-7.96  477  
-7.95  485  
-7.94  478  
-7.93  509  
-7.92  512  
-7.91  489  
-7.9  513  
-7.89  485  
-7.88  511  
-7.87  488  
-7.86  556  
-7.85  502  
-7.84  529  
-7.83  531  
-7.82  519  
-7.81  522  
-7.8  538  
-7.79  547  
-7.78  592  
-7.77  536  
-7.76  551  
-7.75  568  
-7.74  563  
-7.73  544  
-7.72  533  
-7.71  572  
-7.7  575  
-7.69  609  
-7.68  594  
-7.67  601  
-7.66  566  
-7.65  601  
-7.64  579  
-7.63  573  
-7.62  554  
-7.61  535  
-7.6  573  
-7.59  571  
-7.58  601  
-7.57  587  
-7.56  621  
-7.55  582  
-7.54  603  
-7.53  573  
-7.52  576  
-7.51  582  
-7.5  578  
-7.49  569  
-7.48  562  
-7.47  568  
-7.46  530  
-7.45  568  
-7.44  530  
-7.43  549  
-7.42  499  
-7.41  524  
-7.4  542  
-7.39  530  
-7.38  538  
-7.37  495  
-7.36  492  
-7.35  506  
-7.34  465  
-7.33  518  
-7.32  508  
-7.31  522  
-7.3  497  
-7.29  513  
-7.28  479  
-7.27  492  
-7.26  446  
-7.25  448  
-7.24  432  
-7.23  451  
-7.22  459  
-7.21  448  
-7.2  406  
-7.19  404  
-7.18  374  
-7.17  394  
-7.16  370  
-7.15  370  
-7.14  372  
-7.13  382  
-7.12  327  
-7.11  331  
-7.1  340  
-7.09  370  
-7.08  311  
-7.07  312  
-7.06  314  
-7.05  304  
-7.04  305  
-7.03  300  
-7.02  262  
-7.01  268  
-7  275  
-6.99  249  
-6.98  264  
-6.97  228  
-6.96  225  
-6.95  229  
-6.94  207  
-6.93  197  
-6.92  202  
-6.91  182  
-6.9  180  
-6.89  171  
-6.88  200  
-6.87  146  
-6.86  146  
-6.85  147  
-6.84  137  
-6.83  112  
-6.82  129  
-6.81  113  
-6.8  124  
-6.79  94  
-6.78  106  
-6.77  81  
-6.76  89  
-6.75  67  
-6.74  91  
-6.73  80  
-6.72  71  
-6.71  68  
-6.7  56  
-6.69  60  
-6.68  63  
-6.67  46  
-6.66  38  
-6.65  47  
-6.64  34  
-6.63  50  
-6.62  33  
-6.61  25  
-6.6  32  
-6.59  24  
-6.58  32  
-6.57  28  
-6.56  21  
-6.55  23  
-6.54  35  
-6.53  22  
-6.52  18  
-6.51  12  
-6.5  17  
-6.49  24  
-6.48  18  
-6.47  16  
-6.46  13  
-6.45  13  
-6.44  14  
-6.43  13  
-6.42  10  
-6.41  7  
-6.4  6  
-6.39  10  
-6.38  9  
-6.37  11  
-6.36  5  
-6.35  6  
-6.34  4  
-6.33  4  
-6.32  4  
-6.31  3  
-6.3  3  
-6.29  5  
-6.28  4  
-6.27  3  
-6.26  1  
-6.25  2  
-6.24  2  
-6.23  3  
-6.22  2  
-6.21  3  
-6.2  4  
-6.19  0  
-6.18  2  
-6.17  2  
-6.16  5  
-6.15  0  
-6.14  3  
-6.13  5  
-6.12  0  
-6.11  1  
-6.1  0  
-6.09  1  
-6.08  0  
-6.07  0  
-6.06  0  
-6.05  2  
-6.04  1  
-6.03  3  
-6.02  0  
-6.01  2  
-6  0  
-5.99  1  
-5.98  1  
-5.97  1  
-5.96  0  
-5.95  2  
-5.94  0  
-5.93  0  
-5.92  0  
-5.91  1  
-5.9  0  
-5.89  0  
-5.88  0  
-5.87  0  
-5.86  0  
-5.85  0  
-5.84  0  
-5.83  0  
-5.82  0  
-5.81  1  
-5.8  0  
-5.79  0  
-5.78  1  
-5.77  0  
-5.76  0  
-5.75  0  
-5.74  1  
-5.73  0  
-5.72  0  
-5.71  0  
-5.7  0  
-5.69  1  
-5.68  0  
-5.67  0  
-5.66  0  
-5.65  0  
-5.64  0  
-5.63  0  
-5.62  0  
-5.61  0  
-5.6  0  
-5.59  0  
-5.58  0  
-5.57  0  
-5.56  0  
-5.55  0  
-5.54  0  
-5.53  1  
-5.52  0  
-5.51  0  
-5.5  0  
-5.49  0  
-5.48  0  
-5.47  0  
-5.46  0  
-5.45  0  
-5.44  0  
-5.43  0  
-5.42  0  
-5.41  0  
-5.4  0  
-5.39  0  
-5.38  0  
-5.37  0  
-5.36  0  
-5.35  0  
-5.34  0  
-5.33  0  
-5.32  0  
-5.31  0  
-5.3  0  
-5.29  0  
-5.28  0  
-5.27  0  
-5.26  0  
-5.25  0  
-5.24  0  
-5.23  0  
-5.22  0  
-5.21  0  
-5.2  0  
-5.19  0  
-5.18  0  
-5.17  0  
-5.16  0  
-5.15  0  
-5.14  0  
-5.13  0  
-5.12  0  
-5.11  0  
-5.1  0  
-5.09  0  
-5.08  0  
-5.07  0  
-5.06  0  
-5.05  0  
-5.04  0  
-5.03  0  
-5.02  0  
-5.01  0  
-5  0  
-4.99  0  
-4.98  0  
-4.97  0  
-4.96  0  
-4.95  0  
-4.94  0  
-4.93  0  
-4.92  0  
-4.91  0  
-4.9  0  
-4.89  0  
-4.88  0  
-4.87  0  
-4.86  0  
-4.85  0  
-4.84  0  
-4.83  0  
-4.82  0  
-4.81  0  
-4.8  0  
-4.79  0  
-4.78  0  
-4.77  0  
-4.76  0  
-4.75  0  
-4.74  0  
-4.73  0  
-4.72  0  
-4.71  0  
-4.7  0  
-4.69  0  
-4.68  0  
-4.67  0  
-4.66  0  
-4.65  0  
-4.64  0  
-4.63  0  
-4.62  0  
-4.61  0  
-4.6  0  
-4.59  0  
-4.58  0  
-4.57  0  
-4.56  0  
-4.55  0  
-4.54  0  
-4.53  0  
-4.52  0  
-4.51  0  
-4.5  0  
-4.49  0  
-4.48  0  
-4.47  0  
-4.46  0  
-4.45  0  
-4.44  0  
-4.43  0  
-4.42  0  
-4.41  0  
-4.4  0  
-4.39  0  
-4.38  0  
-4.37  0  
-4.36  0  
-4.35  0  
-4.34  0  
-4.33  0  
-4.32  0  
-4.31  0  
-4.3  0  
-4.29  0  
-4.28  0  
-4.27  0  
-4.26  0  
-4.25  0  
-4.24  0  
-4.23  0  
-4.22  0  
-4.21  0  
-4.2  0  
-4.19  0  
-4.18  0  
-4.17  0  
-4.16  0  
-4.15  0  
-4.14  0  
-4.13  0  
-4.12  0  
-4.11  0  
-4.1  0  
-4.09  0  
-4.08  0  
-4.07  0  
-4.06  0  
-4.05  0  
-4.04  0  
-4.03  0  
-4.02  0  
-4.01  0  
-4  0  
-3.99  0  
-3.98  0  
-3.97  0  
-3.96  0  
-3.95  0  
-3.94  0  
-3.93  0  
-3.92  0  
-3.91  0  
-3.9  0  
-3.89  0  
-3.88  0  
-3.87  0  
-3.86  0  
-3.85  0  
-3.84  0  
-3.83  0  
-3.82  0  
-3.81  0  
-3.8  0  
-3.79  0  
-3.78  0  
-3.77  0  
-3.76  0  
-3.75  0  
-3.74  0  
-3.73  0  
-3.72  0  
-3.71  0  
-3.7  0  
-3.69  0  
-3.68  0  
-3.67  0  
-3.66  0  
-3.65  0  
-3.64  0  
-3.63  0  
-3.62  0  
-3.61  0  
-3.6  0  
-3.59  0  
-3.58  0  
-3.57  0  
-3.56  0  
-3.55  0  
-3.54  0  
-3.53  0  
-3.52  0  
-3.51  0  
-3.5  0  
-3.49  0  
-3.48  0  
-3.47  0  
-3.46  0  
-3.45  0  
-3.44  0  
-3.43  0  
-3.42  0  
-3.41  0  
-3.4  0  
-3.39  0  
-3.38  0  
-3.37  0  
-3.36  0  
-3.35  0  
-3.34  0  
-3.33  0  
-3.32  0  
-3.31  0  
-3.3  0  
-3.29  0  
-3.28  0  
-3.27  0  
-3.26  0  
-3.25  0  
-3.24  0  
-3.23  0  
-3.22  0  
-3.21  0  
-3.2  0  
-3.19  0  
-3.18  0  
-3.17  0  
-3.16  0  
-3.15  0  
-3.14  0  
-3.13  0  
-3.12  0  
-3.11  0  
-3.1  0  
-3.09  0  
-3.08  0  
-3.07  0  
-3.06  0  
-3.05  0  
-3.04  0  
-3.03  0  
-3.02  0  
-3.01  0  
-3  0  
-2.99  0  
-2.98  0  
-2.97  0  
-2.96  0  
-2.95  0  
-2.94  0  
-2.93  0  
-2.92  0  
-2.91  0  
-2.9  0  
-2.89  0  
-2.88  0  
-2.87  0  
-2.86  0  
-2.85  0  
-2.84  0  
-2.83  0  
-2.82  0  
-2.81  0  
-2.8  0  
-2.79  0  
-2.78  0  
-2.77  0  
-2.76  0  
-2.75  0  
-2.74  0  
-2.73  0  
-2.72  0  
-2.71  0  
-2.7  0  
-2.69  0  
-2.68  0  
-2.67  0  
-2.66  0  
-2.65  0  
-2.64  0  
-2.63  0  
-2.62  0  
-2.61  0  
-2.6  0  
-2.59  0  
-2.58  0  
-2.57  0  
-2.56  0  
-2.55  0  
-2.54  0  
-2.53  0  
-2.52  0  
-2.51  0  
-2.5  0  
-2.49  0  
-2.48  0  
-2.47  0  
-2.46  0  
-2.45  0  
-2.44  0  
-2.43  0  
-2.42  0  
-2.41  0  
-2.4  0  
-2.39  0  
-2.38  0  
-2.37  0  
-2.36  0  
-2.35  0  
-2.34  0  
-2.33  0  
-2.32  0  
-2.31  0  
-2.3  0  
-2.29  0  
-2.28  0  
-2.27  0  
-2.26  0  
-2.25  0  
-2.24  0  
-2.23  0  
-2.22  0  
-2.21  0  
-2.2  0  
-2.19  0  
-2.18  0  
-2.17  0  
-2.16  0  
-2.15  0  
-2.14  0  
-2.13  0  
-2.12  0  
-2.11  0  
-2.1  0  
-2.09  0  
-2.08  0  
-2.07  0  
-2.06  0  
-2.05  0  
-2.04  0  
-2.03  0  
-2.02  0  
-2.01  0  
-2  0  
