10 1002 -12 -2 604  0  187656
-12  4  
-11.99  3  
-11.98  4  
-11.97  7  
-11.96  7  
-11.95  3  
-11.94  3  
-11.93  4  
-11.92  6  
-11.91  5  
-11.9  8  
-11.89  6  
-11.88  1  
-11.87  8  
-11.86  6  
-11.85  2  
-11.84  6  
-11.83  6  
-11.82  2  
-11.81  6  
-11.8  4  
-11.79  2  
-11.78  6  
-11.77  3  
-11.76  6  
-11.75  7  
-11.74  3  
-11.73  7  
-11.72  3  
-11.71  3  
-11.7  6  
-11.69  3  
-11.68  4  
-11.67  7  
-11.66  7  
-11.65  9  
-11.64  6  
-11.63  3  
-11.62  5  
-11.61  8  
-11.6  9  
-11.59  4  
-11.58  6  
-11.57  9  
-11.56  3  
-11.55  5  
-11.54  11  
-11.53  7  
-11.52  7  
-11.51  4  
-11.5  10  
-11.49  4  
-11.48  14  
-11.47  7  
-11.46  8  
-11.45  5  
-11.44  8  
-11.43  3  
-11.42  7  
-11.41  5  
-11.4  16  
-11.39  6  
-11.38  6  
-11.37  13  
-11.36  8  
-11.35  6  
-11.34  8  
-11.33  7  
-11.32  14  
-11.31  4  
-11.3  8  
-11.29  5  
-11.28  5  
-11.27  7  
-11.26  7  
-11.25  9  
-11.24  7  
-11.23  8  
-11.22  7  
-11.21  7  
-11.2  6  
-11.19  6  
-11.18  9  
-11.17  6  
-11.16  6  
-11.15  12  
-11.14  3  
-11.13  14  
-11.12  11  
-11.11  7  
-11.1  5  
-11.09  9  
-11.08  12  
-11.07  9  
-11.06  6  
-11.05  6  
-11.04  8  
-11.03  9  
-11.02  5  
-11.01  10  
-11  6  
-10.99  13  
-10.98  18  
-10.97  9  
-10.96  11  
-10.95  13  
-10.94  10  
-10.93  12  
-10.92  13  
-10.91  13  
-10.9  19  
-10.89  11  
-10.88  13  
-10.87  14  
-10.86  22  
-10.85  14  
-10.84  20  
-10.83  17  
-10.82  12  
-10.81  9  
-10.8  11  
-10.79  8  
-10.78  11  
-10.77  8  
-10.76  14  
-10.75  8  
-10.74  9  
-10.73  19  
-10.72  20  
-10.71  18  
-10.7  14  
-10.69  20  
-10.68  16  
-10.67  15  
-10.66  20  
-10.65  18  
-10.64  10  
-10.63  15  
-10.62  23  
-10.61  9  
-10.6  21  
-10.59  19  
-10.58  18  
-10.57  21  
-10.56  17  
-10.55  22  
-10.54  19  
-10.53  17  
-10.52  18  
-10.51  27  
-10.5  15  
-10.49  24  
-10.48  31  
-10.47  27  
-10.46  30  
-10.45  18  
-10.44  18  
-10.43  24  
-10.42  18  
-10.41  26  
-10.4  27  
-10.39  30  
-10.38  24  
-10.37  26  
-10.36  20  
-10.35  26  
-10.34  27  
-10.33  33  
-10.32  31  
-10.31  23  
-10.3  24  
-10.29  27  
-10.28  23  
-10.27  33  
-10.26  31  
-10.25  31  
-10.24  29  
-10.23  39  
-10.22  26  
-10.21  28  
-10.2  30  
-10.19  37  
-10.18  29  
-10.17  42  
-10.16  32  
-10.15  29  
-10.14  39  
-10.13  35  
-10.12  28  
-10.11  29  
-10.1  42  
-10.09  44  
-10.08  37  
-10.07  43  
-10.06  35  
-10.05  35  
-10.04  40  
-10.03  44  
-10.02  45  
-10.01  50  
-10  36  
-9.99  54  
-9.98  40  
-9.97  51  
-9.96  40  
-9.95  38  
-9.94  39  
-9.93  47  
-9.92  63  
-9.91  52  
-9.9  51  
-9.89  45  
-9.88  46  
-9.87  65  
-9.86  51  
-9.85  67  
-9.84  49  
-9.83  54  
-9.82  54  
-9.81  51  
-9.8  69  
-9.79  51  
-9.78  56  
-9.77  70  
-9.76  58  
-9.75  68  
-9.74  62  
-9.73  67  
-9.72  62  
-9.71  64  
-9.7  68  
-9.69  76  
-9.68  78  
-9.67  80  
-9.66  81  
-9.65  86  
-9.64  82  
-9.63  75  
-9.62  66  
-9.61  82  
-9.6  83  
-9.59  103  
-9.58  65  
-9.57  96  
-9.56  77  
-9.55  81  
-9.54  88  
-9.53  92  
-9.52  113  
-9.51  107  
-9.5  97  
-9.49  101  
-9.48  101  
-9.47  97  
-9.46  96  
-9.45  96  
-9.44  117  
-9.43  110  
-9.42  105  
-9.41  121  
-9.4  114  
-9.39  112  
-9.38  142  
-9.37  126  
-9.36  114  
-9.35  124  
-9.34  124  
-9.33  124  
-9.32  125  
-9.31  130  
-9.3  124  
-9.29  144  
-9.28  134  
-9.27  122  
-9.26  128  
-9.25  139  
-9.24  146  
-9.23  145  
-9.22  146  
-9.21  169  
-9.2  188  
-9.19  139  
-9.18  156  
-9.17  158  
-9.16  168  
-9.15  176  
-9.14  187  
-9.13  170  
-9.12  165  
-9.11  163  
-9.1  186  
-9.09  168  
-9.08  193  
-9.07  172  
-9.06  193  
-9.05  199  
-9.04  195  
-9.03  198  
-9.02  193  
-9.01  199  
-9  215  
-8.99  198  
-8.98  242  
-8.97  229  
-8.96  248  
-8.95  239  
-8.94  218  
-8.93  204  
-8.92  232  
-8.91  226  
-8.9  240  
-8.89  242  
-8.88  264  
-8.87  231  
-8.86  278  
-8.85  260  
-8.84  269  
-8.83  249  
-8.82  281  
-8.81  263  
-8.8  285  
-8.79  272  
-8.78  294  
-8.77  310  
-8.76  277  
-8.75  310  
-8.74  291  
-8.73  306  
-8.72  312  
-8.71  304  
-8.7  294  
-8.69  331  
-8.68  334  
-8.67  293  
-8.66  333  
-8.65  360  
-8.64  328  
-8.63  321  
-8.62  317  
-8.61  369  
-8.6  341  
-8.59  317  
-8.58  380  
-8.57  321  
-8.56  355  
-8.55  371  
-8.54  347  
-8.53  369  
-8.52  360  
-8.51  343  
-8.5  402  
-8.49  394  
-8.48  349  
-8.47  387  
-8.46  353  
-8.45  422  
-8.44  398  
-8.43  358  
-8.42  357  
-8.41  418  
-8.4  391  
-8.39  412  
-8.38  393  
-8.37  413  
-8.36  392  
-8.35  420  
-8.34  418  
-8.33  422  
-8.32  421  
-8.31  444  
-8.3  414  
-8.29  456  
-8.28  401  
-8.27  446  
-8.26  452  
-8.25  421  
-8.24  467  
-8.23  410  
-8.22  449  
-8.21  446  
-8.2  452  
-8.19  448  
-8.18  446  
-8.17  425  
-8.16  440  
-8.15  435  
-8.14  427  
-8.13  475  
-8.12  439  
-8.11  462  
-8.1  479  
-8.09  401  
-8.08  468  
-8.07  447  
-8.06  434  
-8.05  425  
-8.04  470  
-8.03  435  
-8.02  495  
-8.01  460  
-8  451  
-7.99  443  
-7.98  440  
-7.97  439  
-7.96  451  
-7.95  423  
-7.94  488  
-7.93  472  
-7.92  413  
-7.91  422  
-7.9  429  
-7.89  444  
-7.88  428  
-7.87  412  
-7.86  442  
-7.85  416  
-7.84  453  
-7.83  403  
-7.82  401  
-7.81  392  
-7.8  449  
-7.79  406  
-7.78  450  
-7.77  398  
-7.76  397  
-7.75  366  
-7.74  382  
-7.73  360  
-7.72  329  
-7.71  391  
-7.7  369  
-7.69  380  
-7.68  361  
-7.67  384  
-7.66  371  
-7.65  377  
-7.64  367  
-7.63  370  
-7.62  362  
-7.61  343  
-7.6  370  
-7.59  352  
-7.58  316  
-7.57  322  
-7.56  300  
-7.55  310  
-7.54  351  
-7.53  317  
-7.52  281  
-7.51  288  
-7.5  278  
-7.49  310  
-7.48  231  
-7.47  276  
-7.46  271  
-7.45  273  
-7.44  242  
-7.43  250  
-7.42  216  
-7.41  236  
-7.4  256  
-7.39  223  
-7.38  236  
-7.37  236  
-7.36  213  
-7.35  209  
-7.34  202  
-7.33  194  
-7.32  193  
-7.31  179  
-7.3  182  
-7.29  187  
-7.28  204  
-7.27  181  
-7.26  176  
-7.25  198  
-7.24  157  
-7.23  181  
-7.22  154  
-7.21  162  
-7.2  162  
-7.19  129  
-7.18  113  
-7.17  135  
-7.16  124  
-7.15  120  
-7.14  116  
-7.13  100  
-7.12  126  
-7.11  120  
-7.1  122  
-7.09  125  
-7.08  108  
-7.07  108  
-7.06  126  
-7.05  104  
-7.04  112  
-7.03  73  
-7.02  84  
-7.01  75  
-7  79  
-6.99  86  
-6.98  58  
-6.97  70  
-6.96  65  
-6.95  75  
-6.94  67  
-6.93  63  
-6.92  59  
-6.91  47  
-6.9  45  
-6.89  46  
-6.88  47  
-6.87  45  
-6.86  56  
-6.85  44  
-6.84  34  
-6.83  35  
-6.82  57  
-6.81  44  
-6.8  40  
-6.79  32  
-6.78  24  
-6.77  32  
-6.76  33  
-6.75  23  
-6.74  21  
-6.73  20  
-6.72  29  
-6.71  30  
-6.7  14  
-6.69  22  
-6.68  29  
-6.67  18  
-6.66  12  
-6.65  15  
-6.64  18  
-6.63  13  
-6.62  14  
-6.61  6  
-6.6  8  
-6.59  13  
-6.58  17  
-6.57  12  
-6.56  10  
-6.55  10  
-6.54  13  
-6.53  9  
-6.52  4  
-6.51  10  
-6.5  8  
-6.49  7  
-6.48  8  
-6.47  5  
-6.46  7  
-6.45  4  
-6.44  7  
-6.43  7  
-6.42  1  
-6.41  2  
-6.4  1  
-6.39  5  
-6.38  3  
-6.37  2  
-6.36  2  
-6.35  2  
-6.34  4  
-6.33  1  
-6.32  3  
-6.31  0  
-6.3  3  
-6.29  1  
-6.28  0  
-6.27  2  
-6.26  2  
-6.25  1  
-6.24  1  
-6.23  2  
-6.22  0  
-6.21  2  
-6.2  1  
-6.19  1  
-6.18  2  
-6.17  2  
-6.16  0  
-6.15  1  
-6.14  2  
-6.13  0  
-6.12  1  
-6.11  0  
-6.1  1  
-6.09  0  
-6.08  0  
-6.07  0  
-6.06  1  
-6.05  1  
-6.04  0  
-6.03  1  
-6.02  2  
-6.01  1  
-6  0  
-5.99  0  
-5.98  1  
-5.97  0  
-5.96  0  
-5.95  1  
-5.94  0  
-5.93  0  
-5.92  0  
-5.91  0  
-5.9  0  
-5.89  0  
-5.88  0  
-5.87  0  
-5.86  0  
-5.85  0  
-5.84  0  
-5.83  0  
-5.82  0  
-5.81  0  
-5.8  0  
-5.79  0  
-5.78  0  
-5.77  0  
-5.76  0  
-5.75  0  
-5.74  1  
-5.73  0  
-5.72  0  
-5.71  0  
-5.7  0  
-5.69  0  
-5.68  0  
-5.67  0  
-5.66  0  
-5.65  0  
-5.64  1  
-5.63  0  
-5.62  0  
-5.61  0  
-5.6  0  
-5.59  0  
-5.58  0  
-5.57  0  
-5.56  0  
-5.55  0  
-5.54  0  
-5.53  0  
-5.52  0  
-5.51  0  
-5.5  0  
-5.49  0  
-5.48  0  
-5.47  0  
-5.46  0  
-5.45  0  
-5.44  0  
-5.43  0  
-5.42  0  
-5.41  0  
-5.4  0  
-5.39  0  
-5.38  0  
-5.37  0  
-5.36  0  
-5.35  0  
-5.34  0  
-5.33  0  
-5.32  0  
-5.31  0  
-5.3  0  
-5.29  0  
-5.28  0  
-5.27  0  
-5.26  0  
-5.25  0  
-5.24  0  
-5.23  0  
-5.22  0  
-5.21  0  
-5.2  0  
-5.19  0  
-5.18  0  
-5.17  0  
-5.16  0  
-5.15  0  
-5.14  0  
-5.13  0  
-5.12  0  
-5.11  0  
-5.1  0  
-5.09  0  
-5.08  0  
-5.07  0  
-5.06  0  
-5.05  0  
-5.04  0  
-5.03  0  
-5.02  0  
-5.01  0  
-5  0  
-4.99  0  
-4.98  0  
-4.97  0  
-4.96  0  
-4.95  0  
-4.94  0  
-4.93  0  
-4.92  0  
-4.91  0  
-4.9  0  
-4.89  0  
-4.88  0  
-4.87  0  
-4.86  0  
-4.85  0  
-4.84  0  
-4.83  0  
-4.82  0  
-4.81  0  
-4.8  0  
-4.79  0  
-4.78  0  
-4.77  0  
-4.76  0  
-4.75  0  
-4.74  0  
-4.73  0  
-4.72  0  
-4.71  0  
-4.7  0  
-4.69  0  
-4.68  0  
-4.67  0  
-4.66  0  
-4.65  0  
-4.64  0  
-4.63  0  
-4.62  0  
-4.61  0  
-4.6  0  
-4.59  0  
-4.58  0  
-4.57  0  
-4.56  0  
-4.55  0  
-4.54  0  
-4.53  0  
-4.52  0  
-4.51  0  
-4.5  0  
-4.49  0  
-4.48  0  
-4.47  0  
-4.46  0  
-4.45  0  
-4.44  0  
-4.43  0  
-4.42  0  
-4.41  0  
-4.4  0  
-4.39  0  
-4.38  0  
-4.37  0  
-4.36  0  
-4.35  0  
-4.34  0  
-4.33  0  
-4.32  0  
-4.31  0  
-4.3  0  
-4.29  0  
-4.28  0  
-4.27  0  
-4.26  0  
-4.25  0  
-4.24  0  
-4.23  0  
-4.22  0  
-4.21  0  
-4.2  0  
-4.19  0  
-4.18  0  
-4.17  0  
-4.16  0  
-4.15  0  
-4.14  0  
-4.13  0  
-4.12  0  
-4.11  0  
-4.1  0  
-4.09  0  
-4.08  0  
-4.07  0  
-4.06  0  
-4.05  0  
-4.04  0  
-4.03  0  
-4.02  0  
-4.01  0  
-4  0  
-3.99  0  
-3.98  0  
-3.97  0  
-3.96  0  
-3.95  0  
-3.94  0  
-3.93  0  
-3.92  0  
-3.91  0  
-3.9  0  
-3.89  0  
-3.88  0  
-3.87  0  
-3.86  0  
-3.85  0  
-3.84  0  
-3.83  0  
-3.82  0  
-3.81  0  
-3.8  0  
-3.79  0  
-3.78  0  
-3.77  0  
-3.76  0  
-3.75  0  
-3.74  0  
-3.73  0  
-3.72  0  
-3.71  0  
-3.7  0  
-3.69  0  
-3.68  0  
-3.67  0  
-3.66  0  
-3.65  0  
-3.64  0  
-3.63  0  
-3.62  0  
-3.61  0  
-3.6  0  
-3.59  0  
-3.58  0  
-3.57  0  
-3.56  0  
-3.55  0  
-3.54  0  
-3.53  0  
-3.52  0  
-3.51  0  
-3.5  0  
-3.49  0  
-3.48  0  
-3.47  0  
-3.46  0  
-3.45  0  
-3.44  0  
-3.43  0  
-3.42  0  
-3.41  0  
-3.4  0  
-3.39  0  
-3.38  0  
-3.37  0  
-3.36  0  
-3.35  0  
-3.34  0  
-3.33  0  
-3.32  0  
-3.31  0  
-3.3  0  
-3.29  0  
-3.28  0  
-3.27  0  
-3.26  0  
-3.25  0  
-3.24  0  
-3.23  0  
-3.22  0  
-3.21  0  
-3.2  0  
-3.19  0  
-3.18  0  
-3.17  0  
-3.16  0  
-3.15  0  
-3.14  0  
-3.13  0  
-3.12  0  
-3.11  0  
-3.1  0  
-3.09  0  
-3.08  0  
-3.07  0  
-3.06  0  
-3.05  0  
-3.04  0  
-3.03  0  
-3.02  0  
-3.01  0  
-3  0  
-2.99  0  
-2.98  0  
-2.97  0  
-2.96  0  
-2.95  0  
-2.94  0  
-2.93  0  
-2.92  0  
-2.91  0  
-2.9  0  
-2.89  0  
-2.88  0  
-2.87  0  
-2.86  0  
-2.85  0  
-2.84  0  
-2.83  0  
-2.82  0  
-2.81  0  
-2.8  0  
-2.79  0  
-2.78  0  
-2.77  0  
-2.76  0  
-2.75  0  
-2.74  0  
-2.73  0  
-2.72  0  
-2.71  0  
-2.7  0  
-2.69  0  
-2.68  0  
-2.67  0  
-2.66  0  
-2.65  0  
-2.64  0  
-2.63  0  
-2.62  0  
-2.61  0  
-2.6  0  
-2.59  0  
-2.58  0  
-2.57  0  
-2.56  0  
-2.55  0  
-2.54  0  
-2.53  0  
-2.52  0  
-2.51  0  
-2.5  0  
-2.49  0  
-2.48  0  
-2.47  0  
-2.46  0  
-2.45  0  
-2.44  0  
-2.43  0  
-2.42  0  
-2.41  0  
-2.4  0  
-2.39  0  
-2.38  0  
-2.37  0  
-2.36  0  
-2.35  0  
-2.34  0  
-2.33  0  
-2.32  0  
-2.31  0  
-2.3  0  
-2.29  0  
-2.28  0  
-2.27  0  
-2.26  0  
-2.25  0  
-2.24  0  
-2.23  0  
-2.22  0  
-2.21  0  
-2.2  0  
-2.19  0  
-2.18  0  
-2.17  0  
-2.16  0  
-2.15  0  
-2.14  0  
-2.13  0  
-2.12  0  
-2.11  0  
-2.1  0  
-2.09  0  
-2.08  0  
-2.07  0  
-2.06  0  
-2.05  0  
-2.04  0  
-2.03  0  
-2.02  0  
-2.01  0  
-2  0  
