10 1002 -13 -3 5712  0  152062
-13  28  
-12.99  38  
-12.98  51  
-12.97  33  
-12.96  42  
-12.95  29  
-12.94  29  
-12.93  33  
-12.92  30  
-12.91  39  
-12.9  30  
-12.89  32  
-12.88  34  
-12.87  45  
-12.86  22  
-12.85  39  
-12.84  38  
-12.83  32  
-12.82  44  
-12.81  35  
-12.8  30  
-12.79  31  
-12.78  49  
-12.77  47  
-12.76  30  
-12.75  38  
-12.74  44  
-12.73  51  
-12.72  36  
-12.71  44  
-12.7  37  
-12.69  45  
-12.68  36  
-12.67  54  
-12.66  38  
-12.65  48  
-12.64  27  
-12.63  39  
-12.62  39  
-12.61  43  
-12.6  32  
-12.59  37  
-12.58  41  
-12.57  37  
-12.56  52  
-12.55  45  
-12.54  34  
-12.53  38  
-12.52  44  
-12.51  44  
-12.5  43  
-12.49  43  
-12.48  42  
-12.47  57  
-12.46  45  
-12.45  42  
-12.44  47  
-12.43  46  
-12.42  52  
-12.41  46  
-12.4  39  
-12.39  36  
-12.38  32  
-12.37  57  
-12.36  48  
-12.35  48  
-12.34  42  
-12.33  46  
-12.32  46  
-12.31  35  
-12.3  42  
-12.29  36  
-12.28  42  
-12.27  51  
-12.26  52  
-12.25  43  
-12.24  44  
-12.23  58  
-12.22  51  
-12.21  40  
-12.2  38  
-12.19  38  
-12.18  60  
-12.17  51  
-12.16  43  
-12.15  38  
-12.14  55  
-12.13  41  
-12.12  46  
-12.11  61  
-12.1  41  
-12.09  49  
-12.08  55  
-12.07  39  
-12.06  50  
-12.05  54  
-12.04  46  
-12.03  58  
-12.02  49  
-12.01  49  
-12  46  
-11.99  54  
-11.98  50  
-11.97  43  
-11.96  51  
-11.95  51  
-11.94  52  
-11.93  50  
-11.92  69  
-11.91  61  
-11.9  45  
-11.89  52  
-11.88  58  
-11.87  45  
-11.86  60  
-11.85  67  
-11.84  58  
-11.83  58  
-11.82  51  
-11.81  55  
-11.8  60  
-11.79  52  
-11.78  60  
-11.77  65  
-11.76  61  
-11.75  48  
-11.74  45  
-11.73  58  
-11.72  50  
-11.71  69  
-11.7  46  
-11.69  62  
-11.68  47  
-11.67  59  
-11.66  62  
-11.65  73  
-11.64  61  
-11.63  62  
-11.62  60  
-11.61  60  
-11.6  54  
-11.59  49  
-11.58  51  
-11.57  48  
-11.56  55  
-11.55  71  
-11.54  47  
-11.53  68  
-11.52  67  
-11.51  71  
-11.5  57  
-11.49  62  
-11.48  71  
-11.47  56  
-11.46  59  
-11.45  70  
-11.44  62  
-11.43  59  
-11.42  60  
-11.41  52  
-11.4  67  
-11.39  69  
-11.38  67  
-11.37  64  
-11.36  61  
-11.35  66  
-11.34  62  
-11.33  44  
-11.32  69  
-11.31  60  
-11.3  76  
-11.29  60  
-11.28  72  
-11.27  73  
-11.26  49  
-11.25  76  
-11.24  68  
-11.23  57  
-11.22  81  
-11.21  69  
-11.2  68  
-11.19  55  
-11.18  73  
-11.17  68  
-11.16  68  
-11.15  75  
-11.14  71  
-11.13  64  
-11.12  80  
-11.11  61  
-11.1  73  
-11.09  61  
-11.08  73  
-11.07  75  
-11.06  73  
-11.05  78  
-11.04  73  
-11.03  72  
-11.02  64  
-11.01  68  
-11  74  
-10.99  65  
-10.98  78  
-10.97  79  
-10.96  77  
-10.95  63  
-10.94  93  
-10.93  86  
-10.92  80  
-10.91  69  
-10.9  73  
-10.89  85  
-10.88  80  
-10.87  75  
-10.86  71  
-10.85  78  
-10.84  76  
-10.83  93  
-10.82  85  
-10.81  83  
-10.8  82  
-10.79  97  
-10.78  64  
-10.77  88  
-10.76  66  
-10.75  79  
-10.74  80  
-10.73  72  
-10.72  65  
-10.71  79  
-10.7  81  
-10.69  80  
-10.68  80  
-10.67  92  
-10.66  97  
-10.65  85  
-10.64  82  
-10.63  77  
-10.62  89  
-10.61  83  
-10.6  84  
-10.59  92  
-10.58  89  
-10.57  98  
-10.56  91  
-10.55  86  
-10.54  101  
-10.53  87  
-10.52  90  
-10.51  89  
-10.5  84  
-10.49  73  
-10.48  93  
-10.47  96  
-10.46  93  
-10.45  88  
-10.44  80  
-10.43  82  
-10.42  81  
-10.41  102  
-10.4  101  
-10.39  91  
-10.38  101  
-10.37  119  
-10.36  108  
-10.35  100  
-10.34  104  
-10.33  106  
-10.32  100  
-10.31  100  
-10.3  108  
-10.29  91  
-10.28  107  
-10.27  112  
-10.26  116  
-10.25  113  
-10.24  109  
-10.23  95  
-10.22  130  
-10.21  106  
-10.2  96  
-10.19  125  
-10.18  114  
-10.17  109  
-10.16  88  
-10.15  122  
-10.14  108  
-10.13  97  
-10.12  118  
-10.11  107  
-10.1  117  
-10.09  108  
-10.08  100  
-10.07  121  
-10.06  112  
-10.05  125  
-10.04  104  
-10.03  117  
-10.02  126  
-10.01  130  
-10  107  
-9.99  117  
-9.98  124  
-9.97  111  
-9.96  119  
-9.95  135  
-9.94  122  
-9.93  131  
-9.92  134  
-9.91  130  
-9.9  141  
-9.89  112  
-9.88  135  
-9.87  140  
-9.86  126  
-9.85  136  
-9.84  119  
-9.83  143  
-9.82  167  
-9.81  129  
-9.8  152  
-9.79  134  
-9.78  150  
-9.77  118  
-9.76  139  
-9.75  132  
-9.74  147  
-9.73  162  
-9.72  151  
-9.71  147  
-9.7  134  
-9.69  138  
-9.68  149  
-9.67  135  
-9.66  148  
-9.65  139  
-9.64  152  
-9.63  163  
-9.62  161  
-9.61  160  
-9.6  152  
-9.59  140  
-9.58  169  
-9.57  159  
-9.56  151  
-9.55  171  
-9.54  167  
-9.53  165  
-9.52  175  
-9.51  171  
-9.5  175  
-9.49  168  
-9.48  140  
-9.47  178  
-9.46  167  
-9.45  169  
-9.44  163  
-9.43  181  
-9.42  189  
-9.41  182  
-9.4  175  
-9.39  189  
-9.38  200  
-9.37  192  
-9.36  186  
-9.35  200  
-9.34  195  
-9.33  186  
-9.32  201  
-9.31  185  
-9.3  183  
-9.29  182  
-9.28  172  
-9.27  183  
-9.26  235  
-9.25  213  
-9.24  218  
-9.23  221  
-9.22  224  
-9.21  232  
-9.2  202  
-9.19  217  
-9.18  230  
-9.17  215  
-9.16  232  
-9.15  199  
-9.14  242  
-9.13  211  
-9.12  226  
-9.11  223  
-9.1  224  
-9.09  213  
-9.08  216  
-9.07  233  
-9.06  250  
-9.05  225  
-9.04  233  
-9.03  258  
-9.02  239  
-9.01  214  
-9  222  
-8.99  227  
-8.98  239  
-8.97  236  
-8.96  262  
-8.95  240  
-8.94  243  
-8.93  220  
-8.92  223  
-8.91  264  
-8.9  230  
-8.89  264  
-8.88  239  
-8.87  273  
-8.86  291  
-8.85  311  
-8.84  252  
-8.83  249  
-8.82  244  
-8.81  256  
-8.8  272  
-8.79  264  
-8.78  258  
-8.77  254  
-8.76  270  
-8.75  273  
-8.74  279  
-8.73  248  
-8.72  295  
-8.71  295  
-8.7  277  
-8.69  281  
-8.68  282  
-8.67  296  
-8.66  287  
-8.65  287  
-8.64  277  
-8.63  284  
-8.62  282  
-8.61  255  
-8.6  278  
-8.59  295  
-8.58  286  
-8.57  292  
-8.56  269  
-8.55  287  
-8.54  258  
-8.53  258  
-8.52  290  
-8.51  285  
-8.5  249  
-8.49  298  
-8.48  289  
-8.47  280  
-8.46  298  
-8.45  273  
-8.44  295  
-8.43  312  
-8.42  299  
-8.41  326  
-8.4  256  
-8.39  290  
-8.38  279  
-8.37  279  
-8.36  278  
-8.35  273  
-8.34  261  
-8.33  279  
-8.32  249  
-8.31  275  
-8.3  272  
-8.29  277  
-8.28  292  
-8.27  259  
-8.26  235  
-8.25  273  
-8.24  264  
-8.23  273  
-8.22  259  
-8.21  266  
-8.2  247  
-8.19  263  
-8.18  267  
-8.17  217  
-8.16  244  
-8.15  263  
-8.14  249  
-8.13  214  
-8.12  252  
-8.11  225  
-8.1  231  
-8.09  233  
-8.08  232  
-8.07  228  
-8.06  222  
-8.05  207  
-8.04  218  
-8.03  198  
-8.02  189  
-8.01  222  
-8  198  
-7.99  227  
-7.98  208  
-7.97  199  
-7.96  189  
-7.95  208  
-7.94  192  
-7.93  187  
-7.92  184  
-7.91  182  
-7.9  185  
-7.89  168  
-7.88  166  
-7.87  210  
-7.86  185  
-7.85  172  
-7.84  174  
-7.83  170  
-7.82  163  
-7.81  160  
-7.8  166  
-7.79  150  
-7.78  144  
-7.77  158  
-7.76  151  
-7.75  167  
-7.74  129  
-7.73  129  
-7.72  117  
-7.71  140  
-7.7  148  
-7.69  139  
-7.68  138  
-7.67  137  
-7.66  123  
-7.65  110  
-7.64  129  
-7.63  116  
-7.62  122  
-7.61  115  
-7.6  122  
-7.59  115  
-7.58  104  
-7.57  102  
-7.56  95  
-7.55  113  
-7.54  101  
-7.53  111  
-7.52  104  
-7.51  100  
-7.5  107  
-7.49  100  
-7.48  104  
-7.47  101  
-7.46  100  
-7.45  103  
-7.44  107  
-7.43  91  
-7.42  66  
-7.41  85  
-7.4  86  
-7.39  75  
-7.38  84  
-7.37  78  
-7.36  68  
-7.35  64  
-7.34  73  
-7.33  73  
-7.32  64  
-7.31  86  
-7.3  69  
-7.29  63  
-7.28  54  
-7.27  76  
-7.26  56  
-7.25  59  
-7.24  60  
-7.23  47  
-7.22  52  
-7.21  41  
-7.2  38  
-7.19  46  
-7.18  47  
-7.17  50  
-7.16  51  
-7.15  39  
-7.14  36  
-7.13  50  
-7.12  39  
-7.11  36  
-7.1  41  
-7.09  44  
-7.08  27  
-7.07  29  
-7.06  35  
-7.05  33  
-7.04  35  
-7.03  28  
-7.02  36  
-7.01  27  
-7  31  
-6.99  25  
-6.98  26  
-6.97  26  
-6.96  34  
-6.95  17  
-6.94  12  
-6.93  23  
-6.92  18  
-6.91  14  
-6.9  15  
-6.89  14  
-6.88  12  
-6.87  20  
-6.86  13  
-6.85  10  
-6.84  12  
-6.83  12  
-6.82  11  
-6.81  12  
-6.8  6  
-6.79  5  
-6.78  6  
-6.77  5  
-6.76  10  
-6.75  9  
-6.74  6  
-6.73  8  
-6.72  7  
-6.71  7  
-6.7  7  
-6.69  7  
-6.68  4  
-6.67  7  
-6.66  6  
-6.65  1  
-6.64  2  
-6.63  4  
-6.62  4  
-6.61  3  
-6.6  3  
-6.59  4  
-6.58  1  
-6.57  4  
-6.56  2  
-6.55  1  
-6.54  2  
-6.53  2  
-6.52  1  
-6.51  0  
-6.5  1  
-6.49  2  
-6.48  1  
-6.47  2  
-6.46  1  
-6.45  3  
-6.44  1  
-6.43  1  
-6.42  0  
-6.41  0  
-6.4  0  
-6.39  3  
-6.38  1  
-6.37  0  
-6.36  0  
-6.35  0  
-6.34  0  
-6.33  0  
-6.32  1  
-6.31  1  
-6.3  0  
-6.29  0  
-6.28  0  
-6.27  0  
-6.26  0  
-6.25  1  
-6.24  0  
-6.23  0  
-6.22  0  
-6.21  0  
-6.2  0  
-6.19  0  
-6.18  0  
-6.17  0  
-6.16  0  
-6.15  0  
-6.14  0  
-6.13  0  
-6.12  0  
-6.11  0  
-6.1  0  
-6.09  0  
-6.08  0  
-6.07  0  
-6.06  0  
-6.05  0  
-6.04  0  
-6.03  0  
-6.02  0  
-6.01  0  
-6  0  
-5.99  0  
-5.98  0  
-5.97  0  
-5.96  0  
-5.95  0  
-5.94  0  
-5.93  0  
-5.92  0  
-5.91  0  
-5.9  0  
-5.89  0  
-5.88  0  
-5.87  0  
-5.86  0  
-5.85  0  
-5.84  0  
-5.83  0  
-5.82  0  
-5.81  0  
-5.8  0  
-5.79  0  
-5.78  0  
-5.77  0  
-5.76  0  
-5.75  0  
-5.74  0  
-5.73  0  
-5.72  0  
-5.71  0  
-5.7  0  
-5.69  0  
-5.68  0  
-5.67  0  
-5.66  0  
-5.65  0  
-5.64  0  
-5.63  0  
-5.62  0  
-5.61  0  
-5.6  0  
-5.59  0  
-5.58  0  
-5.57  0  
-5.56  0  
-5.55  0  
-5.54  0  
-5.53  0  
-5.52  0  
-5.51  0  
-5.5  0  
-5.49  0  
-5.48  0  
-5.47  0  
-5.46  0  
-5.45  0  
-5.44  0  
-5.43  0  
-5.42  0  
-5.41  0  
-5.4  0  
-5.39  0  
-5.38  0  
-5.37  0  
-5.36  0  
-5.35  0  
-5.34  0  
-5.33  0  
-5.32  0  
-5.31  0  
-5.3  0  
-5.29  0  
-5.28  0  
-5.27  0  
-5.26  0  
-5.25  0  
-5.24  0  
-5.23  0  
-5.22  0  
-5.21  0  
-5.2  0  
-5.19  0  
-5.18  0  
-5.17  0  
-5.16  0  
-5.15  0  
-5.14  0  
-5.13  0  
-5.12  0  
-5.11  0  
-5.1  0  
-5.09  0  
-5.08  0  
-5.07  0  
-5.06  0  
-5.05  0  
-5.04  0  
-5.03  0  
-5.02  0  
-5.01  0  
-5  0  
-4.99  0  
-4.98  0  
-4.97  0  
-4.96  0  
-4.95  0  
-4.94  0  
-4.93  0  
-4.92  0  
-4.91  0  
-4.9  0  
-4.89  0  
-4.88  0  
-4.87  0  
-4.86  0  
-4.85  0  
-4.84  0  
-4.83  0  
-4.82  0  
-4.81  0  
-4.8  0  
-4.79  0  
-4.78  0  
-4.77  0  
-4.76  0  
-4.75  0  
-4.74  0  
-4.73  0  
-4.72  0  
-4.71  0  
-4.7  0  
-4.69  0  
-4.68  0  
-4.67  0  
-4.66  0  
-4.65  0  
-4.64  0  
-4.63  0  
-4.62  0  
-4.61  0  
-4.6  0  
-4.59  0  
-4.58  0  
-4.57  0  
-4.56  0  
-4.55  0  
-4.54  0  
-4.53  0  
-4.52  0  
-4.51  0  
-4.5  0  
-4.49  0  
-4.48  0  
-4.47  0  
-4.46  0  
-4.45  0  
-4.44  0  
-4.43  0  
-4.42  0  
-4.41  0  
-4.4  0  
-4.39  0  
-4.38  0  
-4.37  0  
-4.36  0  
-4.35  0  
-4.34  0  
-4.33  0  
-4.32  0  
-4.31  0  
-4.3  0  
-4.29  0  
-4.28  0  
-4.27  0  
-4.26  0  
-4.25  0  
-4.24  0  
-4.23  0  
-4.22  0  
-4.21  0  
-4.2  0  
-4.19  0  
-4.18  0  
-4.17  0  
-4.16  0  
-4.15  0  
-4.14  0  
-4.13  0  
-4.12  0  
-4.11  0  
-4.1  0  
-4.09  0  
-4.08  0  
-4.07  0  
-4.06  0  
-4.05  0  
-4.04  0  
-4.03  0  
-4.02  0  
-4.01  0  
-4  0  
-3.99  0  
-3.98  0  
-3.97  0  
-3.96  0  
-3.95  0  
-3.94  0  
-3.93  0  
-3.92  0  
-3.91  0  
-3.9  0  
-3.89  0  
-3.88  0  
-3.87  0  
-3.86  0  
-3.85  0  
-3.84  0  
-3.83  0  
-3.82  0  
-3.81  0  
-3.8  0  
-3.79  0  
-3.78  0  
-3.77  0  
-3.76  0  
-3.75  0  
-3.74  0  
-3.73  0  
-3.72  0  
-3.71  0  
-3.7  0  
-3.69  0  
-3.68  0  
-3.67  0  
-3.66  0  
-3.65  0  
-3.64  0  
-3.63  0  
-3.62  0  
-3.61  0  
-3.6  0  
-3.59  0  
-3.58  0  
-3.57  0  
-3.56  0  
-3.55  0  
-3.54  0  
-3.53  0  
-3.52  0  
-3.51  0  
-3.5  0  
-3.49  0  
-3.48  0  
-3.47  0  
-3.46  0  
-3.45  0  
-3.44  0  
-3.43  0  
-3.42  0  
-3.41  0  
-3.4  0  
-3.39  0  
-3.38  0  
-3.37  0  
-3.36  0  
-3.35  0  
-3.34  0  
-3.33  0  
-3.32  0  
-3.31  0  
-3.3  0  
-3.29  0  
-3.28  0  
-3.27  0  
-3.26  0  
-3.25  0  
-3.24  0  
-3.23  0  
-3.22  0  
-3.21  0  
-3.2  0  
-3.19  0  
-3.18  0  
-3.17  0  
-3.16  0  
-3.15  0  
-3.14  0  
-3.13  0  
-3.12  0  
-3.11  0  
-3.1  0  
-3.09  0  
-3.08  0  
-3.07  0  
-3.06  0  
-3.05  0  
-3.04  0  
-3.03  0  
-3.02  0  
-3.01  0  
-3  0  
