10 1002 -14 -4 11818  0  152062
-14  43  
-13.99  31  
-13.98  37  
-13.97  41  
-13.96  41  
-13.95  39  
-13.94  35  
-13.93  28  
-13.92  44  
-13.91  42  
-13.9  41  
-13.89  36  
-13.88  44  
-13.87  47  
-13.86  43  
-13.85  40  
-13.84  36  
-13.83  35  
-13.82  40  
-13.81  39  
-13.8  37  
-13.79  57  
-13.78  30  
-13.77  33  
-13.76  41  
-13.75  51  
-13.74  37  
-13.73  33  
-13.72  43  
-13.71  35  
-13.7  40  
-13.69  45  
-13.68  39  
-13.67  36  
-13.66  41  
-13.65  31  
-13.64  38  
-13.63  41  
-13.62  47  
-13.61  45  
-13.6  44  
-13.59  40  
-13.58  39  
-13.57  44  
-13.56  44  
-13.55  41  
-13.54  34  
-13.53  49  
-13.52  34  
-13.51  52  
-13.5  42  
-13.49  48  
-13.48  36  
-13.47  40  
-13.46  55  
-13.45  46  
-13.44  31  
-13.43  41  
-13.42  45  
-13.41  39  
-13.4  33  
-13.39  29  
-13.38  47  
-13.37  40  
-13.36  49  
-13.35  56  
-13.34  32  
-13.33  43  
-13.32  51  
-13.31  43  
-13.3  40  
-13.29  38  
-13.28  33  
-13.27  42  
-13.26  46  
-13.25  42  
-13.24  44  
-13.23  46  
-13.22  53  
-13.21  51  
-13.2  52  
-13.19  53  
-13.18  46  
-13.17  51  
-13.16  44  
-13.15  50  
-13.14  39  
-13.13  53  
-13.12  50  
-13.11  53  
-13.1  54  
-13.09  43  
-13.08  58  
-13.07  42  
-13.06  51  
-13.05  44  
-13.04  44  
-13.03  44  
-13.02  41  
-13.01  38  
-13  41  
-12.99  36  
-12.98  44  
-12.97  31  
-12.96  51  
-12.95  51  
-12.94  52  
-12.93  51  
-12.92  55  
-12.91  49  
-12.9  44  
-12.89  48  
-12.88  58  
-12.87  37  
-12.86  51  
-12.85  51  
-12.84  55  
-12.83  51  
-12.82  52  
-12.81  50  
-12.8  44  
-12.79  55  
-12.78  41  
-12.77  50  
-12.76  54  
-12.75  35  
-12.74  46  
-12.73  42  
-12.72  35  
-12.71  49  
-12.7  42  
-12.69  42  
-12.68  57  
-12.67  66  
-12.66  49  
-12.65  62  
-12.64  52  
-12.63  51  
-12.62  59  
-12.61  48  
-12.6  40  
-12.59  37  
-12.58  60  
-12.57  50  
-12.56  43  
-12.55  53  
-12.54  55  
-12.53  57  
-12.52  44  
-12.51  59  
-12.5  53  
-12.49  64  
-12.48  38  
-12.47  70  
-12.46  57  
-12.45  43  
-12.44  48  
-12.43  64  
-12.42  62  
-12.41  54  
-12.4  40  
-12.39  50  
-12.38  57  
-12.37  45  
-12.36  59  
-12.35  55  
-12.34  39  
-12.33  62  
-12.32  49  
-12.31  65  
-12.3  60  
-12.29  60  
-12.28  54  
-12.27  59  
-12.26  60  
-12.25  54  
-12.24  60  
-12.23  63  
-12.22  63  
-12.21  63  
-12.2  57  
-12.19  65  
-12.18  58  
-12.17  59  
-12.16  58  
-12.15  63  
-12.14  67  
-12.13  61  
-12.12  47  
-12.11  70  
-12.1  62  
-12.09  60  
-12.08  56  
-12.07  66  
-12.06  65  
-12.05  73  
-12.04  61  
-12.03  62  
-12.02  60  
-12.01  59  
-12  58  
-11.99  43  
-11.98  51  
-11.97  62  
-11.96  75  
-11.95  76  
-11.94  70  
-11.93  61  
-11.92  76  
-11.91  64  
-11.9  53  
-11.89  66  
-11.88  75  
-11.87  87  
-11.86  70  
-11.85  59  
-11.84  64  
-11.83  57  
-11.82  80  
-11.81  68  
-11.8  65  
-11.79  72  
-11.78  74  
-11.77  71  
-11.76  65  
-11.75  81  
-11.74  60  
-11.73  77  
-11.72  71  
-11.71  68  
-11.7  51  
-11.69  74  
-11.68  73  
-11.67  81  
-11.66  70  
-11.65  73  
-11.64  73  
-11.63  78  
-11.62  71  
-11.61  74  
-11.6  80  
-11.59  88  
-11.58  74  
-11.57  69  
-11.56  79  
-11.55  85  
-11.54  77  
-11.53  82  
-11.52  78  
-11.51  73  
-11.5  79  
-11.49  76  
-11.48  69  
-11.47  70  
-11.46  77  
-11.45  89  
-11.44  84  
-11.43  68  
-11.42  93  
-11.41  69  
-11.4  85  
-11.39  84  
-11.38  91  
-11.37  76  
-11.36  96  
-11.35  64  
-11.34  84  
-11.33  87  
-11.32  97  
-11.31  63  
-11.3  89  
-11.29  89  
-11.28  93  
-11.27  97  
-11.26  87  
-11.25  80  
-11.24  84  
-11.23  79  
-11.22  68  
-11.21  80  
-11.2  76  
-11.19  91  
-11.18  89  
-11.17  93  
-11.16  108  
-11.15  97  
-11.14  93  
-11.13  106  
-11.12  104  
-11.11  112  
-11.1  88  
-11.09  81  
-11.08  102  
-11.07  105  
-11.06  92  
-11.05  94  
-11.04  111  
-11.03  105  
-11.02  116  
-11.01  99  
-11  100  
-10.99  99  
-10.98  110  
-10.97  96  
-10.96  101  
-10.95  90  
-10.94  125  
-10.93  114  
-10.92  103  
-10.91  109  
-10.9  111  
-10.89  114  
-10.88  102  
-10.87  132  
-10.86  115  
-10.85  103  
-10.84  105  
-10.83  98  
-10.82  105  
-10.81  107  
-10.8  104  
-10.79  141  
-10.78  102  
-10.77  106  
-10.76  101  
-10.75  115  
-10.74  113  
-10.73  123  
-10.72  115  
-10.71  135  
-10.7  110  
-10.69  109  
-10.68  118  
-10.67  127  
-10.66  131  
-10.65  130  
-10.64  116  
-10.63  120  
-10.62  134  
-10.61  139  
-10.6  128  
-10.59  125  
-10.58  133  
-10.57  108  
-10.56  129  
-10.55  128  
-10.54  138  
-10.53  137  
-10.52  140  
-10.51  152  
-10.5  161  
-10.49  150  
-10.48  131  
-10.47  141  
-10.46  153  
-10.45  141  
-10.44  155  
-10.43  140  
-10.42  156  
-10.41  140  
-10.4  147  
-10.39  163  
-10.38  136  
-10.37  146  
-10.36  140  
-10.35  142  
-10.34  139  
-10.33  149  
-10.32  149  
-10.31  159  
-10.3  151  
-10.29  168  
-10.28  162  
-10.27  156  
-10.26  157  
-10.25  121  
-10.24  161  
-10.23  146  
-10.22  145  
-10.21  174  
-10.2  127  
-10.19  152  
-10.18  143  
-10.17  127  
-10.16  152  
-10.15  156  
-10.14  167  
-10.13  157  
-10.12  160  
-10.11  165  
-10.1  154  
-10.09  173  
-10.08  164  
-10.07  160  
-10.06  183  
-10.05  178  
-10.04  174  
-10.03  162  
-10.02  162  
-10.01  176  
-10  179  
-9.99  175  
-9.98  159  
-9.97  157  
-9.96  185  
-9.95  157  
-9.94  182  
-9.93  180  
-9.92  143  
-9.91  165  
-9.9  171  
-9.89  175  
-9.88  181  
-9.87  188  
-9.86  162  
-9.85  162  
-9.84  179  
-9.83  149  
-9.82  167  
-9.81  150  
-9.8  173  
-9.79  172  
-9.78  194  
-9.77  177  
-9.76  175  
-9.75  184  
-9.74  171  
-9.73  170  
-9.72  152  
-9.71  191  
-9.7  159  
-9.69  163  
-9.68  186  
-9.67  160  
-9.66  168  
-9.65  165  
-9.64  184  
-9.63  172  
-9.62  165  
-9.61  180  
-9.6  166  
-9.59  158  
-9.58  167  
-9.57  176  
-9.56  157  
-9.55  174  
-9.54  173  
-9.53  171  
-9.52  177  
-9.51  188  
-9.5  158  
-9.49  182  
-9.48  160  
-9.47  165  
-9.46  179  
-9.45  142  
-9.44  172  
-9.43  172  
-9.42  167  
-9.41  169  
-9.4  158  
-9.39  172  
-9.38  163  
-9.37  176  
-9.36  144  
-9.35  165  
-9.34  179  
-9.33  143  
-9.32  167  
-9.31  137  
-9.3  156  
-9.29  151  
-9.28  158  
-9.27  146  
-9.26  147  
-9.25  161  
-9.24  130  
-9.23  140  
-9.22  148  
-9.21  140  
-9.2  138  
-9.19  138  
-9.18  121  
-9.17  142  
-9.16  139  
-9.15  132  
-9.14  118  
-9.13  147  
-9.12  111  
-9.11  143  
-9.1  130  
-9.09  107  
-9.08  137  
-9.07  152  
-9.06  140  
-9.05  145  
-9.04  116  
-9.03  123  
-9.02  126  
-9.01  105  
-9  117  
-8.99  121  
-8.98  114  
-8.97  119  
-8.96  120  
-8.95  111  
-8.94  120  
-8.93  129  
-8.92  120  
-8.91  123  
-8.9  125  
-8.89  117  
-8.88  103  
-8.87  111  
-8.86  104  
-8.85  113  
-8.84  103  
-8.83  86  
-8.82  93  
-8.81  92  
-8.8  109  
-8.79  101  
-8.78  89  
-8.77  99  
-8.76  102  
-8.75  109  
-8.74  98  
-8.73  80  
-8.72  92  
-8.71  79  
-8.7  89  
-8.69  99  
-8.68  86  
-8.67  67  
-8.66  78  
-8.65  69  
-8.64  73  
-8.63  78  
-8.62  86  
-8.61  78  
-8.6  71  
-8.59  89  
-8.58  79  
-8.57  67  
-8.56  61  
-8.55  53  
-8.54  60  
-8.53  71  
-8.52  56  
-8.51  64  
-8.5  65  
-8.49  64  
-8.48  64  
-8.47  58  
-8.46  61  
-8.45  66  
-8.44  57  
-8.43  61  
-8.42  53  
-8.41  64  
-8.4  58  
-8.39  44  
-8.38  50  
-8.37  50  
-8.36  51  
-8.35  47  
-8.34  42  
-8.33  38  
-8.32  46  
-8.31  37  
-8.3  33  
-8.29  41  
-8.28  48  
-8.27  38  
-8.26  40  
-8.25  39  
-8.24  31  
-8.23  40  
-8.22  32  
-8.21  35  
-8.2  37  
-8.19  28  
-8.18  36  
-8.17  25  
-8.16  29  
-8.15  29  
-8.14  28  
-8.13  21  
-8.12  33  
-8.11  19  
-8.1  34  
-8.09  19  
-8.08  19  
-8.07  30  
-8.06  25  
-8.05  25  
-8.04  25  
-8.03  22  
-8.02  16  
-8.01  19  
-8  23  
-7.99  15  
-7.98  18  
-7.97  24  
-7.96  15  
-7.95  30  
-7.94  23  
-7.93  17  
-7.92  18  
-7.91  14  
-7.9  13  
-7.89  11  
-7.88  12  
-7.87  17  
-7.86  16  
-7.85  20  
-7.84  13  
-7.83  16  
-7.82  13  
-7.81  11  
-7.8  11  
-7.79  10  
-7.78  12  
-7.77  8  
-7.76  13  
-7.75  7  
-7.74  5  
-7.73  7  
-7.72  7  
-7.71  7  
-7.7  5  
-7.69  8  
-7.68  11  
-7.67  3  
-7.66  5  
-7.65  4  
-7.64  3  
-7.63  5  
-7.62  8  
-7.61  4  
-7.6  7  
-7.59  5  
-7.58  6  
-7.57  5  
-7.56  6  
-7.55  6  
-7.54  1  
-7.53  2  
-7.52  2  
-7.51  1  
-7.5  1  
-7.49  6  
-7.48  3  
-7.47  5  
-7.46  3  
-7.45  3  
-7.44  1  
-7.43  1  
-7.42  3  
-7.41  3  
-7.4  0  
-7.39  2  
-7.38  1  
-7.37  3  
-7.36  1  
-7.35  1  
-7.34  0  
-7.33  0  
-7.32  1  
-7.31  0  
-7.3  0  
-7.29  1  
-7.28  3  
-7.27  0  
-7.26  1  
-7.25  1  
-7.24  0  
-7.23  0  
-7.22  0  
-7.21  0  
-7.2  0  
-7.19  1  
-7.18  0  
-7.17  0  
-7.16  1  
-7.15  0  
-7.14  0  
-7.13  0  
-7.12  1  
-7.11  0  
-7.1  0  
-7.09  0  
-7.08  0  
-7.07  0  
-7.06  0  
-7.05  0  
-7.04  1  
-7.03  0  
-7.02  0  
-7.01  1  
-7  0  
-6.99  0  
-6.98  0  
-6.97  0  
-6.96  0  
-6.95  0  
-6.94  0  
-6.93  0  
-6.92  0  
-6.91  0  
-6.9  1  
-6.89  0  
-6.88  0  
-6.87  0  
-6.86  0  
-6.85  0  
-6.84  0  
-6.83  0  
-6.82  0  
-6.81  0  
-6.8  0  
-6.79  0  
-6.78  0  
-6.77  0  
-6.76  0  
-6.75  0  
-6.74  0  
-6.73  0  
-6.72  0  
-6.71  0  
-6.7  0  
-6.69  0  
-6.68  0  
-6.67  0  
-6.66  0  
-6.65  0  
-6.64  0  
-6.63  0  
-6.62  0  
-6.61  0  
-6.6  0  
-6.59  0  
-6.58  0  
-6.57  0  
-6.56  0  
-6.55  0  
-6.54  0  
-6.53  0  
-6.52  0  
-6.51  0  
-6.5  0  
-6.49  0  
-6.48  0  
-6.47  0  
-6.46  0  
-6.45  0  
-6.44  0  
-6.43  0  
-6.42  0  
-6.41  0  
-6.4  0  
-6.39  0  
-6.38  0  
-6.37  0  
-6.36  0  
-6.35  0  
-6.34  0  
-6.33  0  
-6.32  0  
-6.31  0  
-6.3  0  
-6.29  0  
-6.28  0  
-6.27  0  
-6.26  0  
-6.25  0  
-6.24  0  
-6.23  0  
-6.22  0  
-6.21  0  
-6.2  0  
-6.19  0  
-6.18  0  
-6.17  0  
-6.16  0  
-6.15  0  
-6.14  0  
-6.13  0  
-6.12  0  
-6.11  0  
-6.1  0  
-6.09  0  
-6.08  0  
-6.07  0  
-6.06  0  
-6.05  0  
-6.04  0  
-6.03  0  
-6.02  0  
-6.01  0  
-6  0  
-5.99  0  
-5.98  0  
-5.97  0  
-5.96  0  
-5.95  0  
-5.94  0  
-5.93  0  
-5.92  0  
-5.91  0  
-5.9  0  
-5.89  0  
-5.88  0  
-5.87  0  
-5.86  0  
-5.85  0  
-5.84  0  
-5.83  0  
-5.82  0  
-5.81  0  
-5.8  0  
-5.79  0  
-5.78  0  
-5.77  0  
-5.76  0  
-5.75  0  
-5.74  0  
-5.73  0  
-5.72  0  
-5.71  0  
-5.7  0  
-5.69  0  
-5.68  0  
-5.67  0  
-5.66  0  
-5.65  0  
-5.64  0  
-5.63  0  
-5.62  0  
-5.61  0  
-5.6  0  
-5.59  0  
-5.58  0  
-5.57  0  
-5.56  0  
-5.55  0  
-5.54  0  
-5.53  0  
-5.52  0  
-5.51  0  
-5.5  0  
-5.49  0  
-5.48  0  
-5.47  0  
-5.46  0  
-5.45  0  
-5.44  0  
-5.43  0  
-5.42  0  
-5.41  0  
-5.4  0  
-5.39  0  
-5.38  0  
-5.37  0  
-5.36  0  
-5.35  0  
-5.34  0  
-5.33  0  
-5.32  0  
-5.31  0  
-5.3  0  
-5.29  0  
-5.28  0  
-5.27  0  
-5.26  0  
-5.25  0  
-5.24  0  
-5.23  0  
-5.22  0  
-5.21  0  
-5.2  0  
-5.19  0  
-5.18  0  
-5.17  0  
-5.16  0  
-5.15  0  
-5.14  0  
-5.13  0  
-5.12  0  
-5.11  0  
-5.1  0  
-5.09  0  
-5.08  0  
-5.07  0  
-5.06  0  
-5.05  0  
-5.04  0  
-5.03  0  
-5.02  0  
-5.01  0  
-5  0  
-4.99  0  
-4.98  0  
-4.97  0  
-4.96  0  
-4.95  0  
-4.94  0  
-4.93  0  
-4.92  0  
-4.91  0  
-4.9  0  
-4.89  0  
-4.88  0  
-4.87  0  
-4.86  0  
-4.85  0  
-4.84  0  
-4.83  0  
-4.82  0  
-4.81  0  
-4.8  0  
-4.79  0  
-4.78  0  
-4.77  0  
-4.76  0  
-4.75  0  
-4.74  0  
-4.73  0  
-4.72  0  
-4.71  0  
-4.7  0  
-4.69  0  
-4.68  0  
-4.67  0  
-4.66  0  
-4.65  0  
-4.64  0  
-4.63  0  
-4.62  0  
-4.61  0  
-4.6  0  
-4.59  0  
-4.58  0  
-4.57  0  
-4.56  0  
-4.55  0  
-4.54  0  
-4.53  0  
-4.52  0  
-4.51  0  
-4.5  0  
-4.49  0  
-4.48  0  
-4.47  0  
-4.46  0  
-4.45  0  
-4.44  0  
-4.43  0  
-4.42  0  
-4.41  0  
-4.4  0  
-4.39  0  
-4.38  0  
-4.37  0  
-4.36  0  
-4.35  0  
-4.34  0  
-4.33  0  
-4.32  0  
-4.31  0  
-4.3  0  
-4.29  0  
-4.28  0  
-4.27  0  
-4.26  0  
-4.25  0  
-4.24  0  
-4.23  0  
-4.22  0  
-4.21  0  
-4.2  0  
-4.19  0  
-4.18  0  
-4.17  0  
-4.16  0  
-4.15  0  
-4.14  0  
-4.13  0  
-4.12  0  
-4.11  0  
-4.1  0  
-4.09  0  
-4.08  0  
-4.07  0  
-4.06  0  
-4.05  0  
-4.04  0  
-4.03  0  
-4.02  0  
-4.01  0  
-4  0  
