10 1002 -13 -3 6107  0  152062
-13  40  
-12.99  47  
-12.98  32  
-12.97  45  
-12.96  37  
-12.95  51  
-12.94  44  
-12.93  37  
-12.92  36  
-12.91  39  
-12.9  28  
-12.89  39  
-12.88  37  
-12.87  41  
-12.86  40  
-12.85  41  
-12.84  39  
-12.83  32  
-12.82  28  
-12.81  35  
-12.8  50  
-12.79  47  
-12.78  41  
-12.77  43  
-12.76  34  
-12.75  44  
-12.74  30  
-12.73  40  
-12.72  47  
-12.71  56  
-12.7  44  
-12.69  30  
-12.68  34  
-12.67  42  
-12.66  42  
-12.65  52  
-12.64  42  
-12.63  51  
-12.62  33  
-12.61  46  
-12.6  32  
-12.59  42  
-12.58  47  
-12.57  50  
-12.56  37  
-12.55  39  
-12.54  41  
-12.53  56  
-12.52  52  
-12.51  43  
-12.5  31  
-12.49  39  
-12.48  47  
-12.47  37  
-12.46  50  
-12.45  48  
-12.44  39  
-12.43  40  
-12.42  37  
-12.41  51  
-12.4  36  
-12.39  44  
-12.38  42  
-12.37  24  
-12.36  48  
-12.35  48  
-12.34  53  
-12.33  47  
-12.32  61  
-12.31  39  
-12.3  48  
-12.29  42  
-12.28  52  
-12.27  45  
-12.26  53  
-12.25  48  
-12.24  45  
-12.23  58  
-12.22  37  
-12.21  52  
-12.2  43  
-12.19  42  
-12.18  54  
-12.17  53  
-12.16  46  
-12.15  70  
-12.14  52  
-12.13  52  
-12.12  49  
-12.11  51  
-12.1  63  
-12.09  57  
-12.08  56  
-12.07  48  
-12.06  37  
-12.05  49  
-12.04  57  
-12.03  46  
-12.02  50  
-12.01  58  
-12  48  
-11.99  61  
-11.98  66  
-11.97  66  
-11.96  42  
-11.95  49  
-11.94  61  
-11.93  60  
-11.92  41  
-11.91  55  
-11.9  53  
-11.89  52  
-11.88  52  
-11.87  56  
-11.86  51  
-11.85  47  
-11.84  63  
-11.83  68  
-11.82  54  
-11.81  74  
-11.8  52  
-11.79  63  
-11.78  65  
-11.77  60  
-11.76  67  
-11.75  58  
-11.74  57  
-11.73  54  
-11.72  70  
-11.71  54  
-11.7  64  
-11.69  62  
-11.68  72  
-11.67  61  
-11.66  58  
-11.65  59  
-11.64  57  
-11.63  56  
-11.62  54  
-11.61  73  
-11.6  59  
-11.59  65  
-11.58  68  
-11.57  72  
-11.56  67  
-11.55  68  
-11.54  56  
-11.53  51  
-11.52  67  
-11.51  67  
-11.5  74  
-11.49  62  
-11.48  64  
-11.47  69  
-11.46  69  
-11.45  70  
-11.44  68  
-11.43  47  
-11.42  63  
-11.41  60  
-11.4  68  
-11.39  68  
-11.38  63  
-11.37  68  
-11.36  55  
-11.35  79  
-11.34  62  
-11.33  69  
-11.32  67  
-11.31  69  
-11.3  74  
-11.29  61  
-11.28  71  
-11.27  71  
-11.26  74  
-11.25  83  
-11.24  78  
-11.23  68  
-11.22  63  
-11.21  72  
-11.2  75  
-11.19  69  
-11.18  66  
-11.17  71  
-11.16  77  
-11.15  72  
-11.14  65  
-11.13  66  
-11.12  71  
-11.11  84  
-11.1  69  
-11.09  66  
-11.08  87  
-11.07  80  
-11.06  60  
-11.05  81  
-11.04  65  
-11.03  76  
-11.02  79  
-11.01  75  
-11  79  
-10.99  78  
-10.98  89  
-10.97  74  
-10.96  69  
-10.95  74  
-10.94  80  
-10.93  85  
-10.92  86  
-10.91  92  
-10.9  81  
-10.89  92  
-10.88  75  
-10.87  74  
-10.86  75  
-10.85  80  
-10.84  73  
-10.83  85  
-10.82  74  
-10.81  74  
-10.8  81  
-10.79  89  
-10.78  100  
-10.77  92  
-10.76  81  
-10.75  92  
-10.74  75  
-10.73  94  
-10.72  91  
-10.71  83  
-10.7  80  
-10.69  74  
-10.68  83  
-10.67  87  
-10.66  113  
-10.65  79  
-10.64  84  
-10.63  92  
-10.62  92  
-10.61  92  
-10.6  96  
-10.59  97  
-10.58  105  
-10.57  112  
-10.56  99  
-10.55  84  
-10.54  93  
-10.53  90  
-10.52  94  
-10.51  115  
-10.5  90  
-10.49  108  
-10.48  100  
-10.47  110  
-10.46  100  
-10.45  116  
-10.44  101  
-10.43  99  
-10.42  109  
-10.41  115  
-10.4  108  
-10.39  106  
-10.38  124  
-10.37  104  
-10.36  107  
-10.35  102  
-10.34  112  
-10.33  90  
-10.32  114  
-10.31  107  
-10.3  122  
-10.29  120  
-10.28  123  
-10.27  111  
-10.26  110  
-10.25  115  
-10.24  149  
-10.23  130  
-10.22  115  
-10.21  123  
-10.2  118  
-10.19  118  
-10.18  114  
-10.17  105  
-10.16  140  
-10.15  133  
-10.14  128  
-10.13  130  
-10.12  125  
-10.11  123  
-10.1  126  
-10.09  132  
-10.08  139  
-10.07  130  
-10.06  132  
-10.05  146  
-10.04  111  
-10.03  147  
-10.02  140  
-10.01  114  
-10  147  
-9.99  136  
-9.98  138  
-9.97  129  
-9.96  143  
-9.95  134  
-9.94  157  
-9.93  153  
-9.92  147  
-9.91  113  
-9.9  137  
-9.89  162  
-9.88  172  
-9.87  159  
-9.86  156  
-9.85  138  
-9.84  152  
-9.83  163  
-9.82  152  
-9.81  158  
-9.8  144  
-9.79  135  
-9.78  176  
-9.77  150  
-9.76  180  
-9.75  146  
-9.74  160  
-9.73  177  
-9.72  163  
-9.71  166  
-9.7  177  
-9.69  178  
-9.68  167  
-9.67  178  
-9.66  196  
-9.65  154  
-9.64  163  
-9.63  172  
-9.62  181  
-9.61  180  
-9.6  164  
-9.59  184  
-9.58  211  
-9.57  199  
-9.56  189  
-9.55  197  
-9.54  175  
-9.53  173  
-9.52  201  
-9.51  228  
-9.5  207  
-9.49  218  
-9.48  215  
-9.47  201  
-9.46  185  
-9.45  223  
-9.44  229  
-9.43  200  
-9.42  195  
-9.41  189  
-9.4  226  
-9.39  219  
-9.38  192  
-9.37  229  
-9.36  232  
-9.35  202  
-9.34  193  
-9.33  205  
-9.32  223  
-9.31  197  
-9.3  211  
-9.29  240  
-9.28  230  
-9.27  211  
-9.26  225  
-9.25  236  
-9.24  202  
-9.23  221  
-9.22  238  
-9.21  214  
-9.2  242  
-9.19  205  
-9.18  229  
-9.17  269  
-9.16  234  
-9.15  258  
-9.14  249  
-9.13  231  
-9.12  236  
-9.11  246  
-9.1  262  
-9.09  268  
-9.08  249  
-9.07  244  
-9.06  249  
-9.05  261  
-9.04  245  
-9.03  239  
-9.02  238  
-9.01  286  
-9  263  
-8.99  283  
-8.98  252  
-8.97  245  
-8.96  260  
-8.95  266  
-8.94  265  
-8.93  247  
-8.92  243  
-8.91  275  
-8.9  271  
-8.89  246  
-8.88  260  
-8.87  267  
-8.86  281  
-8.85  268  
-8.84  262  
-8.83  259  
-8.82  266  
-8.81  287  
-8.8  291  
-8.79  263  
-8.78  283  
-8.77  258  
-8.76  268  
-8.75  252  
-8.74  311  
-8.73  275  
-8.72  292  
-8.71  247  
-8.7  254  
-8.69  278  
-8.68  258  
-8.67  284  
-8.66  293  
-8.65  266  
-8.64  266  
-8.63  251  
-8.62  287  
-8.61  286  
-8.6  292  
-8.59  276  
-8.58  262  
-8.57  278  
-8.56  282  
-8.55  258  
-8.54  268  
-8.53  286  
-8.52  252  
-8.51  289  
-8.5  294  
-8.49  321  
-8.48  279  
-8.47  271  
-8.46  264  
-8.45  257  
-8.44  213  
-8.43  245  
-8.42  264  
-8.41  275  
-8.4  251  
-8.39  241  
-8.38  257  
-8.37  230  
-8.36  230  
-8.35  247  
-8.34  220  
-8.33  272  
-8.32  270  
-8.31  269  
-8.3  242  
-8.29  207  
-8.28  224  
-8.27  250  
-8.26  228  
-8.25  229  
-8.24  213  
-8.23  221  
-8.22  225  
-8.21  211  
-8.2  191  
-8.19  245  
-8.18  203  
-8.17  208  
-8.16  201  
-8.15  201  
-8.14  199  
-8.13  184  
-8.12  194  
-8.11  187  
-8.1  200  
-8.09  217  
-8.08  175  
-8.07  185  
-8.06  213  
-8.05  162  
-8.04  176  
-8.03  172  
-8.02  206  
-8.01  181  
-8  181  
-7.99  159  
-7.98  188  
-7.97  180  
-7.96  156  
-7.95  164  
-7.94  160  
-7.93  145  
-7.92  155  
-7.91  143  
-7.9  130  
-7.89  143  
-7.88  131  
-7.87  126  
-7.86  143  
-7.85  145  
-7.84  143  
-7.83  134  
-7.82  138  
-7.81  133  
-7.8  125  
-7.79  113  
-7.78  132  
-7.77  133  
-7.76  115  
-7.75  108  
-7.74  131  
-7.73  113  
-7.72  111  
-7.71  105  
-7.7  112  
-7.69  110  
-7.68  104  
-7.67  93  
-7.66  104  
-7.65  106  
-7.64  92  
-7.63  107  
-7.62  92  
-7.61  94  
-7.6  76  
-7.59  91  
-7.58  89  
-7.57  65  
-7.56  104  
-7.55  97  
-7.54  62  
-7.53  103  
-7.52  82  
-7.51  85  
-7.5  83  
-7.49  80  
-7.48  75  
-7.47  61  
-7.46  70  
-7.45  69  
-7.44  66  
-7.43  66  
-7.42  52  
-7.41  55  
-7.4  62  
-7.39  59  
-7.38  56  
-7.37  61  
-7.36  59  
-7.35  55  
-7.34  41  
-7.33  51  
-7.32  47  
-7.31  48  
-7.3  43  
-7.29  35  
-7.28  51  
-7.27  40  
-7.26  45  
-7.25  27  
-7.24  35  
-7.23  42  
-7.22  37  
-7.21  44  
-7.2  32  
-7.19  30  
-7.18  31  
-7.17  38  
-7.16  29  
-7.15  36  
-7.14  26  
-7.13  24  
-7.12  24  
-7.11  25  
-7.1  22  
-7.09  30  
-7.08  22  
-7.07  22  
-7.06  18  
-7.05  20  
-7.04  19  
-7.03  24  
-7.02  18  
-7.01  17  
-7  18  
-6.99  7  
-6.98  15  
-6.97  8  
-6.96  16  
-6.95  10  
-6.94  12  
-6.93  6  
-6.92  9  
-6.91  4  
-6.9  12  
-6.89  7  
-6.88  8  
-6.87  11  
-6.86  11  
-6.85  4  
-6.84  8  
-6.83  6  
-6.82  6  
-6.81  4  
-6.8  4  
-6.79  3  
-6.78  7  
-6.77  5  
-6.76  8  
-6.75  4  
-6.74  6  
-6.73  5  
-6.72  8  
-6.71  1  
-6.7  4  
-6.69  1  
-6.68  3  
-6.67  2  
-6.66  0  
-6.65  1  
-6.64  1  
-6.63  4  
-6.62  0  
-6.61  1  
-6.6  1  
-6.59  0  
-6.58  0  
-6.57  1  
-6.56  1  
-6.55  0  
-6.54  3  
-6.53  0  
-6.52  0  
-6.51  0  
-6.5  1  
-6.49  3  
-6.48  1  
-6.47  1  
-6.46  0  
-6.45  0  
-6.44  0  
-6.43  0  
-6.42  1  
-6.41  0  
-6.4  0  
-6.39  1  
-6.38  0  
-6.37  0  
-6.36  0  
-6.35  0  
-6.34  0  
-6.33  0  
-6.32  0  
-6.31  0  
-6.3  0  
-6.29  0  
-6.28  0  
-6.27  0  
-6.26  0  
-6.25  0  
-6.24  0  
-6.23  0  
-6.22  0  
-6.21  0  
-6.2  0  
-6.19  0  
-6.18  0  
-6.17  0  
-6.16  0  
-6.15  0  
-6.14  0  
-6.13  0  
-6.12  0  
-6.11  0  
-6.1  0  
-6.09  0  
-6.08  0  
-6.07  0  
-6.06  0  
-6.05  0  
-6.04  0  
-6.03  0  
-6.02  0  
-6.01  0  
-6  0  
-5.99  0  
-5.98  0  
-5.97  0  
-5.96  0  
-5.95  0  
-5.94  0  
-5.93  0  
-5.92  0  
-5.91  0  
-5.9  0  
-5.89  0  
-5.88  0  
-5.87  0  
-5.86  0  
-5.85  0  
-5.84  0  
-5.83  0  
-5.82  0  
-5.81  0  
-5.8  0  
-5.79  0  
-5.78  0  
-5.77  0  
-5.76  0  
-5.75  0  
-5.74  0  
-5.73  0  
-5.72  0  
-5.71  0  
-5.7  0  
-5.69  0  
-5.68  0  
-5.67  0  
-5.66  0  
-5.65  0  
-5.64  0  
-5.63  0  
-5.62  0  
-5.61  0  
-5.6  0  
-5.59  0  
-5.58  0  
-5.57  0  
-5.56  0  
-5.55  0  
-5.54  0  
-5.53  0  
-5.52  0  
-5.51  0  
-5.5  0  
-5.49  0  
-5.48  0  
-5.47  0  
-5.46  0  
-5.45  0  
-5.44  0  
-5.43  0  
-5.42  0  
-5.41  0  
-5.4  0  
-5.39  0  
-5.38  0  
-5.37  0  
-5.36  0  
-5.35  0  
-5.34  0  
-5.33  0  
-5.32  0  
-5.31  0  
-5.3  0  
-5.29  0  
-5.28  0  
-5.27  0  
-5.26  0  
-5.25  0  
-5.24  0  
-5.23  0  
-5.22  0  
-5.21  0  
-5.2  0  
-5.19  0  
-5.18  0  
-5.17  0  
-5.16  0  
-5.15  0  
-5.14  0  
-5.13  0  
-5.12  0  
-5.11  0  
-5.1  0  
-5.09  0  
-5.08  0  
-5.07  0  
-5.06  0  
-5.05  0  
-5.04  0  
-5.03  0  
-5.02  0  
-5.01  0  
-5  0  
-4.99  0  
-4.98  0  
-4.97  0  
-4.96  0  
-4.95  0  
-4.94  0  
-4.93  0  
-4.92  0  
-4.91  0  
-4.9  0  
-4.89  0  
-4.88  0  
-4.87  0  
-4.86  0  
-4.85  0  
-4.84  0  
-4.83  0  
-4.82  0  
-4.81  0  
-4.8  0  
-4.79  0  
-4.78  0  
-4.77  0  
-4.76  0  
-4.75  0  
-4.74  0  
-4.73  0  
-4.72  0  
-4.71  0  
-4.7  0  
-4.69  0  
-4.68  0  
-4.67  0  
-4.66  0  
-4.65  0  
-4.64  0  
-4.63  0  
-4.62  0  
-4.61  0  
-4.6  0  
-4.59  0  
-4.58  0  
-4.57  0  
-4.56  0  
-4.55  0  
-4.54  0  
-4.53  0  
-4.52  0  
-4.51  0  
-4.5  0  
-4.49  0  
-4.48  0  
-4.47  0  
-4.46  0  
-4.45  0  
-4.44  0  
-4.43  0  
-4.42  0  
-4.41  0  
-4.4  0  
-4.39  0  
-4.38  0  
-4.37  0  
-4.36  0  
-4.35  0  
-4.34  0  
-4.33  0  
-4.32  0  
-4.31  0  
-4.3  0  
-4.29  0  
-4.28  0  
-4.27  0  
-4.26  0  
-4.25  0  
-4.24  0  
-4.23  0  
-4.22  0  
-4.21  0  
-4.2  0  
-4.19  0  
-4.18  0  
-4.17  0  
-4.16  0  
-4.15  0  
-4.14  0  
-4.13  0  
-4.12  0  
-4.11  0  
-4.1  0  
-4.09  0  
-4.08  0  
-4.07  0  
-4.06  0  
-4.05  0  
-4.04  0  
-4.03  0  
-4.02  0  
-4.01  0  
-4  0  
-3.99  0  
-3.98  0  
-3.97  0  
-3.96  0  
-3.95  0  
-3.94  0  
-3.93  0  
-3.92  0  
-3.91  0  
-3.9  0  
-3.89  0  
-3.88  0  
-3.87  0  
-3.86  0  
-3.85  0  
-3.84  0  
-3.83  0  
-3.82  0  
-3.81  0  
-3.8  0  
-3.79  0  
-3.78  0  
-3.77  0  
-3.76  0  
-3.75  0  
-3.74  0  
-3.73  0  
-3.72  0  
-3.71  0  
-3.7  0  
-3.69  0  
-3.68  0  
-3.67  0  
-3.66  0  
-3.65  0  
-3.64  0  
-3.63  0  
-3.62  0  
-3.61  0  
-3.6  0  
-3.59  0  
-3.58  0  
-3.57  0  
-3.56  0  
-3.55  0  
-3.54  0  
-3.53  0  
-3.52  0  
-3.51  0  
-3.5  0  
-3.49  0  
-3.48  0  
-3.47  0  
-3.46  0  
-3.45  0  
-3.44  0  
-3.43  0  
-3.42  0  
-3.41  0  
-3.4  0  
-3.39  0  
-3.38  0  
-3.37  0  
-3.36  0  
-3.35  0  
-3.34  0  
-3.33  0  
-3.32  0  
-3.31  0  
-3.3  0  
-3.29  0  
-3.28  0  
-3.27  0  
-3.26  0  
-3.25  0  
-3.24  0  
-3.23  0  
-3.22  0  
-3.21  0  
-3.2  0  
-3.19  0  
-3.18  0  
-3.17  0  
-3.16  0  
-3.15  0  
-3.14  0  
-3.13  0  
-3.12  0  
-3.11  0  
-3.1  0  
-3.09  0  
-3.08  0  
-3.07  0  
-3.06  0  
-3.05  0  
-3.04  0  
-3.03  0  
-3.02  0  
-3.01  0  
-3  0  
