10 1002 -12 -2 1575  0  154230
-12  19  
-11.99  19  
-11.98  18  
-11.97  24  
-11.96  17  
-11.95  28  
-11.94  20  
-11.93  17  
-11.92  25  
-11.91  29  
-11.9  19  
-11.89  22  
-11.88  14  
-11.87  26  
-11.86  16  
-11.85  20  
-11.84  26  
-11.83  24  
-11.82  25  
-11.81  30  
-11.8  21  
-11.79  21  
-11.78  31  
-11.77  27  
-11.76  25  
-11.75  26  
-11.74  23  
-11.73  31  
-11.72  30  
-11.71  13  
-11.7  25  
-11.69  26  
-11.68  33  
-11.67  33  
-11.66  28  
-11.65  31  
-11.64  26  
-11.63  17  
-11.62  22  
-11.61  23  
-11.6  32  
-11.59  23  
-11.58  40  
-11.57  32  
-11.56  34  
-11.55  28  
-11.54  26  
-11.53  25  
-11.52  27  
-11.51  30  
-11.5  30  
-11.49  35  
-11.48  26  
-11.47  30  
-11.46  31  
-11.45  32  
-11.44  26  
-11.43  27  
-11.42  38  
-11.41  43  
-11.4  33  
-11.39  38  
-11.38  24  
-11.37  37  
-11.36  30  
-11.35  35  
-11.34  33  
-11.33  35  
-11.32  35  
-11.31  35  
-11.3  26  
-11.29  33  
-11.28  27  
-11.27  37  
-11.26  33  
-11.25  39  
-11.24  30  
-11.23  36  
-11.22  30  
-11.21  35  
-11.2  34  
-11.19  31  
-11.18  39  
-11.17  32  
-11.16  35  
-11.15  38  
-11.14  47  
-11.13  37  
-11.12  30  
-11.11  32  
-11.1  43  
-11.09  28  
-11.08  41  
-11.07  44  
-11.06  34  
-11.05  41  
-11.04  44  
-11.03  36  
-11.02  27  
-11.01  32  
-11  35  
-10.99  36  
-10.98  34  
-10.97  43  
-10.96  43  
-10.95  37  
-10.94  44  
-10.93  34  
-10.92  43  
-10.91  47  
-10.9  41  
-10.89  46  
-10.88  49  
-10.87  35  
-10.86  34  
-10.85  50  
-10.84  42  
-10.83  37  
-10.82  47  
-10.81  47  
-10.8  49  
-10.79  41  
-10.78  43  
-10.77  44  
-10.76  48  
-10.75  46  
-10.74  44  
-10.73  36  
-10.72  41  
-10.71  36  
-10.7  43  
-10.69  47  
-10.68  43  
-10.67  40  
-10.66  45  
-10.65  48  
-10.64  44  
-10.63  36  
-10.62  43  
-10.61  43  
-10.6  33  
-10.59  48  
-10.58  51  
-10.57  36  
-10.56  46  
-10.55  46  
-10.54  59  
-10.53  46  
-10.52  53  
-10.51  56  
-10.5  42  
-10.49  50  
-10.48  45  
-10.47  44  
-10.46  53  
-10.45  60  
-10.44  49  
-10.43  46  
-10.42  57  
-10.41  45  
-10.4  49  
-10.39  41  
-10.38  47  
-10.37  53  
-10.36  46  
-10.35  56  
-10.34  58  
-10.33  49  
-10.32  58  
-10.31  55  
-10.3  49  
-10.29  48  
-10.28  63  
-10.27  42  
-10.26  44  
-10.25  60  
-10.24  45  
-10.23  57  
-10.22  43  
-10.21  61  
-10.2  47  
-10.19  55  
-10.18  49  
-10.17  50  
-10.16  51  
-10.15  57  
-10.14  46  
-10.13  56  
-10.12  58  
-10.11  46  
-10.1  42  
-10.09  44  
-10.08  43  
-10.07  49  
-10.06  53  
-10.05  51  
-10.04  51  
-10.03  59  
-10.02  59  
-10.01  51  
-10  63  
-9.99  38  
-9.98  53  
-9.97  60  
-9.96  50  
-9.95  63  
-9.94  60  
-9.93  59  
-9.92  48  
-9.91  54  
-9.9  51  
-9.89  64  
-9.88  57  
-9.87  51  
-9.86  52  
-9.85  47  
-9.84  51  
-9.83  62  
-9.82  55  
-9.81  49  
-9.8  54  
-9.79  58  
-9.78  51  
-9.77  58  
-9.76  56  
-9.75  59  
-9.74  61  
-9.73  61  
-9.72  65  
-9.71  62  
-9.7  63  
-9.69  42  
-9.68  59  
-9.67  57  
-9.66  65  
-9.65  45  
-9.64  46  
-9.63  51  
-9.62  74  
-9.61  55  
-9.6  68  
-9.59  62  
-9.58  55  
-9.57  65  
-9.56  46  
-9.55  48  
-9.54  67  
-9.53  47  
-9.52  54  
-9.51  60  
-9.5  57  
-9.49  61  
-9.48  46  
-9.47  49  
-9.46  51  
-9.45  63  
-9.44  68  
-9.43  58  
-9.42  52  
-9.41  47  
-9.4  58  
-9.39  54  
-9.38  67  
-9.37  62  
-9.36  80  
-9.35  74  
-9.34  63  
-9.33  54  
-9.32  50  
-9.31  60  
-9.3  63  
-9.29  67  
-9.28  61  
-9.27  61  
-9.26  69  
-9.25  72  
-9.24  57  
-9.23  81  
-9.22  84  
-9.21  86  
-9.2  75  
-9.19  80  
-9.18  89  
-9.17  91  
-9.16  68  
-9.15  85  
-9.14  82  
-9.13  97  
-9.12  81  
-9.11  92  
-9.1  83  
-9.09  87  
-9.08  107  
-9.07  96  
-9.06  93  
-9.05  104  
-9.04  92  
-9.03  98  
-9.02  115  
-9.01  105  
-9  115  
-8.99  133  
-8.98  113  
-8.97  131  
-8.96  124  
-8.95  95  
-8.94  130  
-8.93  126  
-8.92  123  
-8.91  110  
-8.9  124  
-8.89  151  
-8.88  123  
-8.87  149  
-8.86  154  
-8.85  145  
-8.84  151  
-8.83  139  
-8.82  171  
-8.81  149  
-8.8  149  
-8.79  130  
-8.78  143  
-8.77  163  
-8.76  161  
-8.75  173  
-8.74  168  
-8.73  171  
-8.72  148  
-8.71  183  
-8.7  152  
-8.69  185  
-8.68  174  
-8.67  161  
-8.66  189  
-8.65  185  
-8.64  160  
-8.63  181  
-8.62  186  
-8.61  197  
-8.6  207  
-8.59  198  
-8.58  204  
-8.57  175  
-8.56  193  
-8.55  165  
-8.54  184  
-8.53  177  
-8.52  187  
-8.51  186  
-8.5  175  
-8.49  171  
-8.48  186  
-8.47  176  
-8.46  186  
-8.45  209  
-8.44  169  
-8.43  201  
-8.42  191  
-8.41  186  
-8.4  185  
-8.39  163  
-8.38  162  
-8.37  191  
-8.36  198  
-8.35  182  
-8.34  182  
-8.33  176  
-8.32  196  
-8.31  174  
-8.3  172  
-8.29  211  
-8.28  221  
-8.27  181  
-8.26  174  
-8.25  185  
-8.24  190  
-8.23  186  
-8.22  161  
-8.21  190  
-8.2  197  
-8.19  185  
-8.18  204  
-8.17  155  
-8.16  180  
-8.15  190  
-8.14  182  
-8.13  195  
-8.12  204  
-8.11  173  
-8.1  181  
-8.09  173  
-8.08  181  
-8.07  197  
-8.06  180  
-8.05  184  
-8.04  182  
-8.03  195  
-8.02  185  
-8.01  164  
-8  166  
-7.99  161  
-7.98  190  
-7.97  159  
-7.96  175  
-7.95  191  
-7.94  171  
-7.93  178  
-7.92  169  
-7.91  173  
-7.9  158  
-7.89  190  
-7.88  150  
-7.87  156  
-7.86  157  
-7.85  172  
-7.84  168  
-7.83  191  
-7.82  176  
-7.81  182  
-7.8  160  
-7.79  189  
-7.78  197  
-7.77  164  
-7.76  156  
-7.75  187  
-7.74  184  
-7.73  206  
-7.72  208  
-7.71  193  
-7.7  191  
-7.69  190  
-7.68  217  
-7.67  184  
-7.66  198  
-7.65  179  
-7.64  196  
-7.63  194  
-7.62  203  
-7.61  191  
-7.6  202  
-7.59  216  
-7.58  245  
-7.57  225  
-7.56  238  
-7.55  231  
-7.54  220  
-7.53  228  
-7.52  243  
-7.51  209  
-7.5  220  
-7.49  238  
-7.48  240  
-7.47  244  
-7.46  259  
-7.45  263  
-7.44  262  
-7.43  237  
-7.42  254  
-7.41  243  
-7.4  272  
-7.39  271  
-7.38  301  
-7.37  271  
-7.36  295  
-7.35  309  
-7.34  318  
-7.33  311  
-7.32  299  
-7.31  323  
-7.3  282  
-7.29  366  
-7.28  333  
-7.27  394  
-7.26  389  
-7.25  371  
-7.24  443  
-7.23  414  
-7.22  413  
-7.21  445  
-7.2  421  
-7.19  426  
-7.18  515  
-7.17  498  
-7.16  493  
-7.15  515  
-7.14  495  
-7.13  534  
-7.12  579  
-7.11  624  
-7.1  625  
-7.09  598  
-7.08  621  
-7.07  599  
-7.06  628  
-7.05  623  
-7.04  651  
-7.03  669  
-7.02  661  
-7.01  669  
-7  652  
-6.99  708  
-6.98  663  
-6.97  718  
-6.96  678  
-6.95  670  
-6.94  665  
-6.93  689  
-6.92  645  
-6.91  632  
-6.9  626  
-6.89  596  
-6.88  661  
-6.87  540  
-6.86  571  
-6.85  521  
-6.84  493  
-6.83  543  
-6.82  488  
-6.81  402  
-6.8  404  
-6.79  384  
-6.78  393  
-6.77  315  
-6.76  286  
-6.75  268  
-6.74  255  
-6.73  249  
-6.72  247  
-6.71  210  
-6.7  167  
-6.69  156  
-6.68  145  
-6.67  123  
-6.66  110  
-6.65  113  
-6.64  107  
-6.63  84  
-6.62  77  
-6.61  78  
-6.6  57  
-6.59  61  
-6.58  54  
-6.57  48  
-6.56  43  
-6.55  41  
-6.54  42  
-6.53  43  
-6.52  24  
-6.51  17  
-6.5  26  
-6.49  16  
-6.48  17  
-6.47  20  
-6.46  18  
-6.45  14  
-6.44  14  
-6.43  8  
-6.42  12  
-6.41  14  
-6.4  7  
-6.39  5  
-6.38  7  
-6.37  7  
-6.36  2  
-6.35  6  
-6.34  7  
-6.33  0  
-6.32  1  
-6.31  1  
-6.3  2  
-6.29  2  
-6.28  1  
-6.27  4  
-6.26  1  
-6.25  0  
-6.24  0  
-6.23  0  
-6.22  1  
-6.21  1  
-6.2  1  
-6.19  0  
-6.18  0  
-6.17  0  
-6.16  0  
-6.15  0  
-6.14  0  
-6.13  0  
-6.12  0  
-6.11  0  
-6.1  0  
-6.09  1  
-6.08  0  
-6.07  0  
-6.06  0  
-6.05  1  
-6.04  0  
-6.03  0  
-6.02  0  
-6.01  0  
-6  0  
-5.99  0  
-5.98  0  
-5.97  0  
-5.96  0  
-5.95  0  
-5.94  0  
-5.93  0  
-5.92  0  
-5.91  0  
-5.9  0  
-5.89  0  
-5.88  0  
-5.87  0  
-5.86  0  
-5.85  0  
-5.84  0  
-5.83  0  
-5.82  0  
-5.81  0  
-5.8  0  
-5.79  0  
-5.78  0  
-5.77  0  
-5.76  0  
-5.75  0  
-5.74  0  
-5.73  0  
-5.72  0  
-5.71  0  
-5.7  0  
-5.69  0  
-5.68  0  
-5.67  0  
-5.66  0  
-5.65  0  
-5.64  0  
-5.63  0  
-5.62  0  
-5.61  0  
-5.6  0  
-5.59  0  
-5.58  0  
-5.57  0  
-5.56  0  
-5.55  0  
-5.54  0  
-5.53  0  
-5.52  0  
-5.51  0  
-5.5  0  
-5.49  0  
-5.48  0  
-5.47  0  
-5.46  0  
-5.45  0  
-5.44  0  
-5.43  0  
-5.42  0  
-5.41  0  
-5.4  0  
-5.39  0  
-5.38  0  
-5.37  0  
-5.36  0  
-5.35  0  
-5.34  0  
-5.33  0  
-5.32  0  
-5.31  0  
-5.3  0  
-5.29  0  
-5.28  0  
-5.27  0  
-5.26  0  
-5.25  0  
-5.24  0  
-5.23  0  
-5.22  0  
-5.21  0  
-5.2  0  
-5.19  0  
-5.18  0  
-5.17  0  
-5.16  0  
-5.15  0  
-5.14  0  
-5.13  0  
-5.12  0  
-5.11  0  
-5.1  0  
-5.09  0  
-5.08  0  
-5.07  0  
-5.06  0  
-5.05  0  
-5.04  0  
-5.03  0  
-5.02  0  
-5.01  0  
-5  0  
-4.99  0  
-4.98  0  
-4.97  0  
-4.96  0  
-4.95  0  
-4.94  0  
-4.93  0  
-4.92  0  
-4.91  0  
-4.9  0  
-4.89  0  
-4.88  0  
-4.87  0  
-4.86  0  
-4.85  0  
-4.84  0  
-4.83  0  
-4.82  0  
-4.81  0  
-4.8  0  
-4.79  0  
-4.78  0  
-4.77  0  
-4.76  0  
-4.75  0  
-4.74  0  
-4.73  0  
-4.72  0  
-4.71  0  
-4.7  0  
-4.69  0  
-4.68  0  
-4.67  0  
-4.66  0  
-4.65  0  
-4.64  0  
-4.63  0  
-4.62  0  
-4.61  0  
-4.6  0  
-4.59  0  
-4.58  0  
-4.57  0  
-4.56  0  
-4.55  0  
-4.54  0  
-4.53  0  
-4.52  0  
-4.51  0  
-4.5  0  
-4.49  0  
-4.48  0  
-4.47  0  
-4.46  0  
-4.45  0  
-4.44  0  
-4.43  0  
-4.42  0  
-4.41  0  
-4.4  0  
-4.39  0  
-4.38  0  
-4.37  0  
-4.36  0  
-4.35  0  
-4.34  0  
-4.33  0  
-4.32  0  
-4.31  0  
-4.3  0  
-4.29  0  
-4.28  0  
-4.27  0  
-4.26  0  
-4.25  0  
-4.24  0  
-4.23  0  
-4.22  0  
-4.21  0  
-4.2  0  
-4.19  0  
-4.18  0  
-4.17  0  
-4.16  0  
-4.15  0  
-4.14  0  
-4.13  0  
-4.12  0  
-4.11  0  
-4.1  0  
-4.09  0  
-4.08  0  
-4.07  0  
-4.06  0  
-4.05  0  
-4.04  0  
-4.03  0  
-4.02  0  
-4.01  0  
-4  0  
-3.99  0  
-3.98  0  
-3.97  0  
-3.96  0  
-3.95  0  
-3.94  0  
-3.93  0  
-3.92  0  
-3.91  0  
-3.9  0  
-3.89  0  
-3.88  0  
-3.87  0  
-3.86  0  
-3.85  0  
-3.84  0  
-3.83  0  
-3.82  0  
-3.81  0  
-3.8  0  
-3.79  0  
-3.78  0  
-3.77  0  
-3.76  0  
-3.75  0  
-3.74  0  
-3.73  0  
-3.72  0  
-3.71  0  
-3.7  0  
-3.69  0  
-3.68  0  
-3.67  0  
-3.66  0  
-3.65  0  
-3.64  0  
-3.63  0  
-3.62  0  
-3.61  0  
-3.6  0  
-3.59  0  
-3.58  0  
-3.57  0  
-3.56  0  
-3.55  0  
-3.54  0  
-3.53  0  
-3.52  0  
-3.51  0  
-3.5  0  
-3.49  0  
-3.48  0  
-3.47  0  
-3.46  0  
-3.45  0  
-3.44  0  
-3.43  0  
-3.42  0  
-3.41  0  
-3.4  0  
-3.39  0  
-3.38  0  
-3.37  0  
-3.36  0  
-3.35  0  
-3.34  0  
-3.33  0  
-3.32  0  
-3.31  0  
-3.3  0  
-3.29  0  
-3.28  0  
-3.27  0  
-3.26  0  
-3.25  0  
-3.24  0  
-3.23  0  
-3.22  0  
-3.21  0  
-3.2  0  
-3.19  0  
-3.18  0  
-3.17  0  
-3.16  0  
-3.15  0  
-3.14  0  
-3.13  0  
-3.12  0  
-3.11  0  
-3.1  0  
-3.09  0  
-3.08  0  
-3.07  0  
-3.06  0  
-3.05  0  
-3.04  0  
-3.03  0  
-3.02  0  
-3.01  0  
-3  0  
-2.99  0  
-2.98  0  
-2.97  0  
-2.96  0  
-2.95  0  
-2.94  0  
-2.93  0  
-2.92  0  
-2.91  0  
-2.9  0  
-2.89  0  
-2.88  0  
-2.87  0  
-2.86  0  
-2.85  0  
-2.84  0  
-2.83  0  
-2.82  0  
-2.81  0  
-2.8  0  
-2.79  0  
-2.78  0  
-2.77  0  
-2.76  0  
-2.75  0  
-2.74  0  
-2.73  0  
-2.72  0  
-2.71  0  
-2.7  0  
-2.69  0  
-2.68  0  
-2.67  0  
-2.66  0  
-2.65  0  
-2.64  0  
-2.63  0  
-2.62  0  
-2.61  0  
-2.6  0  
-2.59  0  
-2.58  0  
-2.57  0  
-2.56  0  
-2.55  0  
-2.54  0  
-2.53  0  
-2.52  0  
-2.51  0  
-2.5  0  
-2.49  0  
-2.48  0  
-2.47  0  
-2.46  0  
-2.45  0  
-2.44  0  
-2.43  0  
-2.42  0  
-2.41  0  
-2.4  0  
-2.39  0  
-2.38  0  
-2.37  0  
-2.36  0  
-2.35  0  
-2.34  0  
-2.33  0  
-2.32  0  
-2.31  0  
-2.3  0  
-2.29  0  
-2.28  0  
-2.27  0  
-2.26  0  
-2.25  0  
-2.24  0  
-2.23  0  
-2.22  0  
-2.21  0  
-2.2  0  
-2.19  0  
-2.18  0  
-2.17  0  
-2.16  0  
-2.15  0  
-2.14  0  
-2.13  0  
-2.12  0  
-2.11  0  
-2.1  0  
-2.09  0  
-2.08  0  
-2.07  0  
-2.06  0  
-2.05  0  
-2.04  0  
-2.03  0  
-2.02  0  
-2.01  0  
-2  0  
