10 1002 -12 -2 1611  0  154230
-12  17  
-11.99  19  
-11.98  23  
-11.97  20  
-11.96  24  
-11.95  24  
-11.94  23  
-11.93  19  
-11.92  25  
-11.91  23  
-11.9  21  
-11.89  19  
-11.88  19  
-11.87  22  
-11.86  18  
-11.85  23  
-11.84  29  
-11.83  20  
-11.82  23  
-11.81  26  
-11.8  24  
-11.79  21  
-11.78  29  
-11.77  26  
-11.76  22  
-11.75  30  
-11.74  33  
-11.73  28  
-11.72  25  
-11.71  20  
-11.7  22  
-11.69  25  
-11.68  42  
-11.67  28  
-11.66  27  
-11.65  37  
-11.64  20  
-11.63  20  
-11.62  24  
-11.61  30  
-11.6  26  
-11.59  28  
-11.58  37  
-11.57  34  
-11.56  28  
-11.55  27  
-11.54  34  
-11.53  23  
-11.52  33  
-11.51  30  
-11.5  26  
-11.49  36  
-11.48  19  
-11.47  35  
-11.46  25  
-11.45  36  
-11.44  30  
-11.43  36  
-11.42  32  
-11.41  42  
-11.4  29  
-11.39  42  
-11.38  27  
-11.37  38  
-11.36  31  
-11.35  35  
-11.34  31  
-11.33  34  
-11.32  35  
-11.31  30  
-11.3  27  
-11.29  35  
-11.28  31  
-11.27  36  
-11.26  34  
-11.25  35  
-11.24  31  
-11.23  40  
-11.22  28  
-11.21  32  
-11.2  31  
-11.19  28  
-11.18  48  
-11.17  28  
-11.16  41  
-11.15  39  
-11.14  43  
-11.13  34  
-11.12  27  
-11.11  40  
-11.1  32  
-11.09  35  
-11.08  45  
-11.07  40  
-11.06  42  
-11.05  34  
-11.04  38  
-11.03  36  
-11.02  31  
-11.01  33  
-11  32  
-10.99  42  
-10.98  41  
-10.97  44  
-10.96  41  
-10.95  37  
-10.94  37  
-10.93  43  
-10.92  41  
-10.91  39  
-10.9  55  
-10.89  48  
-10.88  46  
-10.87  30  
-10.86  42  
-10.85  43  
-10.84  46  
-10.83  41  
-10.82  54  
-10.81  36  
-10.8  51  
-10.79  41  
-10.78  51  
-10.77  54  
-10.76  44  
-10.75  39  
-10.74  35  
-10.73  44  
-10.72  34  
-10.71  43  
-10.7  51  
-10.69  36  
-10.68  52  
-10.67  50  
-10.66  39  
-10.65  38  
-10.64  45  
-10.63  46  
-10.62  42  
-10.61  39  
-10.6  41  
-10.59  57  
-10.58  44  
-10.57  45  
-10.56  45  
-10.55  44  
-10.54  55  
-10.53  44  
-10.52  54  
-10.51  40  
-10.5  52  
-10.49  53  
-10.48  58  
-10.47  38  
-10.46  56  
-10.45  58  
-10.44  58  
-10.43  45  
-10.42  55  
-10.41  36  
-10.4  52  
-10.39  50  
-10.38  52  
-10.37  40  
-10.36  53  
-10.35  64  
-10.34  66  
-10.33  54  
-10.32  46  
-10.31  55  
-10.3  40  
-10.29  58  
-10.28  51  
-10.27  41  
-10.26  59  
-10.25  58  
-10.24  44  
-10.23  60  
-10.22  44  
-10.21  58  
-10.2  52  
-10.19  54  
-10.18  40  
-10.17  48  
-10.16  56  
-10.15  50  
-10.14  48  
-10.13  57  
-10.12  64  
-10.11  36  
-10.1  44  
-10.09  53  
-10.08  47  
-10.07  55  
-10.06  44  
-10.05  51  
-10.04  57  
-10.03  54  
-10.02  59  
-10.01  55  
-10  51  
-9.99  53  
-9.98  53  
-9.97  56  
-9.96  48  
-9.95  60  
-9.94  64  
-9.93  50  
-9.92  62  
-9.91  53  
-9.9  59  
-9.89  66  
-9.88  54  
-9.87  49  
-9.86  39  
-9.85  60  
-9.84  60  
-9.83  58  
-9.82  56  
-9.81  58  
-9.8  65  
-9.79  54  
-9.78  45  
-9.77  61  
-9.76  67  
-9.75  60  
-9.74  59  
-9.73  66  
-9.72  54  
-9.71  64  
-9.7  60  
-9.69  48  
-9.68  44  
-9.67  51  
-9.66  60  
-9.65  45  
-9.64  63  
-9.63  55  
-9.62  73  
-9.61  61  
-9.6  50  
-9.59  56  
-9.58  68  
-9.57  57  
-9.56  57  
-9.55  62  
-9.54  58  
-9.53  61  
-9.52  41  
-9.51  46  
-9.5  56  
-9.49  58  
-9.48  58  
-9.47  50  
-9.46  63  
-9.45  58  
-9.44  67  
-9.43  68  
-9.42  60  
-9.41  55  
-9.4  58  
-9.39  66  
-9.38  71  
-9.37  66  
-9.36  63  
-9.35  60  
-9.34  69  
-9.33  62  
-9.32  73  
-9.31  72  
-9.3  60  
-9.29  89  
-9.28  70  
-9.27  66  
-9.26  73  
-9.25  82  
-9.24  69  
-9.23  86  
-9.22  89  
-9.21  86  
-9.2  89  
-9.19  89  
-9.18  83  
-9.17  82  
-9.16  107  
-9.15  98  
-9.14  93  
-9.13  100  
-9.12  101  
-9.11  85  
-9.1  111  
-9.09  113  
-9.08  106  
-9.07  113  
-9.06  118  
-9.05  136  
-9.04  96  
-9.03  103  
-9.02  117  
-9.01  113  
-9  133  
-8.99  115  
-8.98  133  
-8.97  124  
-8.96  132  
-8.95  133  
-8.94  140  
-8.93  126  
-8.92  128  
-8.91  131  
-8.9  168  
-8.89  133  
-8.88  161  
-8.87  151  
-8.86  150  
-8.85  173  
-8.84  175  
-8.83  152  
-8.82  179  
-8.81  165  
-8.8  165  
-8.79  187  
-8.78  171  
-8.77  146  
-8.76  140  
-8.75  179  
-8.74  178  
-8.73  207  
-8.72  164  
-8.71  171  
-8.7  187  
-8.69  181  
-8.68  170  
-8.67  178  
-8.66  176  
-8.65  200  
-8.64  186  
-8.63  180  
-8.62  174  
-8.61  185  
-8.6  198  
-8.59  181  
-8.58  220  
-8.57  186  
-8.56  189  
-8.55  192  
-8.54  189  
-8.53  181  
-8.52  177  
-8.51  202  
-8.5  190  
-8.49  164  
-8.48  181  
-8.47  198  
-8.46  167  
-8.45  209  
-8.44  184  
-8.43  176  
-8.42  182  
-8.41  192  
-8.4  191  
-8.39  171  
-8.38  202  
-8.37  191  
-8.36  181  
-8.35  185  
-8.34  174  
-8.33  178  
-8.32  184  
-8.31  173  
-8.3  203  
-8.29  182  
-8.28  173  
-8.27  183  
-8.26  191  
-8.25  210  
-8.24  188  
-8.23  180  
-8.22  187  
-8.21  185  
-8.2  163  
-8.19  186  
-8.18  199  
-8.17  144  
-8.16  216  
-8.15  184  
-8.14  190  
-8.13  192  
-8.12  191  
-8.11  196  
-8.1  178  
-8.09  171  
-8.08  183  
-8.07  173  
-8.06  182  
-8.05  169  
-8.04  169  
-8.03  182  
-8.02  161  
-8.01  136  
-8  157  
-7.99  170  
-7.98  156  
-7.97  189  
-7.96  180  
-7.95  167  
-7.94  166  
-7.93  154  
-7.92  180  
-7.91  157  
-7.9  179  
-7.89  168  
-7.88  198  
-7.87  185  
-7.86  170  
-7.85  195  
-7.84  192  
-7.83  173  
-7.82  183  
-7.81  185  
-7.8  167  
-7.79  188  
-7.78  170  
-7.77  178  
-7.76  185  
-7.75  203  
-7.74  169  
-7.73  208  
-7.72  203  
-7.71  204  
-7.7  169  
-7.69  204  
-7.68  212  
-7.67  222  
-7.66  198  
-7.65  197  
-7.64  195  
-7.63  183  
-7.62  219  
-7.61  193  
-7.6  208  
-7.59  256  
-7.58  268  
-7.57  251  
-7.56  245  
-7.55  212  
-7.54  240  
-7.53  260  
-7.52  225  
-7.51  254  
-7.5  235  
-7.49  264  
-7.48  269  
-7.47  275  
-7.46  275  
-7.45  269  
-7.44  278  
-7.43  288  
-7.42  275  
-7.41  303  
-7.4  332  
-7.39  351  
-7.38  316  
-7.37  327  
-7.36  341  
-7.35  359  
-7.34  361  
-7.33  379  
-7.32  385  
-7.31  414  
-7.3  398  
-7.29  492  
-7.28  465  
-7.27  456  
-7.26  457  
-7.25  476  
-7.24  481  
-7.23  521  
-7.22  506  
-7.21  561  
-7.2  531  
-7.19  591  
-7.18  557  
-7.17  565  
-7.16  605  
-7.15  597  
-7.14  609  
-7.13  642  
-7.12  651  
-7.11  649  
-7.1  652  
-7.09  611  
-7.08  654  
-7.07  640  
-7.06  642  
-7.05  651  
-7.04  744  
-7.03  672  
-7.02  638  
-7.01  661  
-7  634  
-6.99  645  
-6.98  669  
-6.97  625  
-6.96  618  
-6.95  572  
-6.94  528  
-6.93  556  
-6.92  527  
-6.91  539  
-6.9  449  
-6.89  485  
-6.88  450  
-6.87  382  
-6.86  407  
-6.85  353  
-6.84  373  
-6.83  320  
-6.82  314  
-6.81  269  
-6.8  273  
-6.79  262  
-6.78  230  
-6.77  204  
-6.76  189  
-6.75  203  
-6.74  146  
-6.73  160  
-6.72  155  
-6.71  111  
-6.7  100  
-6.69  103  
-6.68  103  
-6.67  102  
-6.66  71  
-6.65  56  
-6.64  70  
-6.63  56  
-6.62  46  
-6.61  60  
-6.6  41  
-6.59  34  
-6.58  38  
-6.57  38  
-6.56  30  
-6.55  34  
-6.54  28  
-6.53  15  
-6.52  16  
-6.51  17  
-6.5  16  
-6.49  19  
-6.48  8  
-6.47  10  
-6.46  9  
-6.45  7  
-6.44  3  
-6.43  9  
-6.42  8  
-6.41  7  
-6.4  6  
-6.39  5  
-6.38  5  
-6.37  2  
-6.36  3  
-6.35  1  
-6.34  2  
-6.33  1  
-6.32  1  
-6.31  0  
-6.3  1  
-6.29  1  
-6.28  2  
-6.27  0  
-6.26  1  
-6.25  1  
-6.24  0  
-6.23  0  
-6.22  1  
-6.21  1  
-6.2  0  
-6.19  0  
-6.18  0  
-6.17  0  
-6.16  0  
-6.15  0  
-6.14  0  
-6.13  0  
-6.12  0  
-6.11  0  
-6.1  0  
-6.09  1  
-6.08  0  
-6.07  0  
-6.06  0  
-6.05  1  
-6.04  0  
-6.03  0  
-6.02  0  
-6.01  0  
-6  0  
-5.99  0  
-5.98  0  
-5.97  0  
-5.96  0  
-5.95  0  
-5.94  0  
-5.93  0  
-5.92  0  
-5.91  0  
-5.9  0  
-5.89  0  
-5.88  0  
-5.87  0  
-5.86  0  
-5.85  0  
-5.84  0  
-5.83  0  
-5.82  0  
-5.81  0  
-5.8  0  
-5.79  0  
-5.78  0  
-5.77  0  
-5.76  0  
-5.75  0  
-5.74  0  
-5.73  0  
-5.72  0  
-5.71  0  
-5.7  0  
-5.69  0  
-5.68  0  
-5.67  0  
-5.66  0  
-5.65  0  
-5.64  0  
-5.63  0  
-5.62  0  
-5.61  0  
-5.6  0  
-5.59  0  
-5.58  0  
-5.57  0  
-5.56  0  
-5.55  0  
-5.54  0  
-5.53  0  
-5.52  0  
-5.51  0  
-5.5  0  
-5.49  0  
-5.48  0  
-5.47  0  
-5.46  0  
-5.45  0  
-5.44  0  
-5.43  0  
-5.42  0  
-5.41  0  
-5.4  0  
-5.39  0  
-5.38  0  
-5.37  0  
-5.36  0  
-5.35  0  
-5.34  0  
-5.33  0  
-5.32  0  
-5.31  0  
-5.3  0  
-5.29  0  
-5.28  0  
-5.27  0  
-5.26  0  
-5.25  0  
-5.24  0  
-5.23  0  
-5.22  0  
-5.21  0  
-5.2  0  
-5.19  0  
-5.18  0  
-5.17  0  
-5.16  0  
-5.15  0  
-5.14  0  
-5.13  0  
-5.12  0  
-5.11  0  
-5.1  0  
-5.09  0  
-5.08  0  
-5.07  0  
-5.06  0  
-5.05  0  
-5.04  0  
-5.03  0  
-5.02  0  
-5.01  0  
-5  0  
-4.99  0  
-4.98  0  
-4.97  0  
-4.96  0  
-4.95  0  
-4.94  0  
-4.93  0  
-4.92  0  
-4.91  0  
-4.9  0  
-4.89  0  
-4.88  0  
-4.87  0  
-4.86  0  
-4.85  0  
-4.84  0  
-4.83  0  
-4.82  0  
-4.81  0  
-4.8  0  
-4.79  0  
-4.78  0  
-4.77  0  
-4.76  0  
-4.75  0  
-4.74  0  
-4.73  0  
-4.72  0  
-4.71  0  
-4.7  0  
-4.69  0  
-4.68  0  
-4.67  0  
-4.66  0  
-4.65  0  
-4.64  0  
-4.63  0  
-4.62  0  
-4.61  0  
-4.6  0  
-4.59  0  
-4.58  0  
-4.57  0  
-4.56  0  
-4.55  0  
-4.54  0  
-4.53  0  
-4.52  0  
-4.51  0  
-4.5  0  
-4.49  0  
-4.48  0  
-4.47  0  
-4.46  0  
-4.45  0  
-4.44  0  
-4.43  0  
-4.42  0  
-4.41  0  
-4.4  0  
-4.39  0  
-4.38  0  
-4.37  0  
-4.36  0  
-4.35  0  
-4.34  0  
-4.33  0  
-4.32  0  
-4.31  0  
-4.3  0  
-4.29  0  
-4.28  0  
-4.27  0  
-4.26  0  
-4.25  0  
-4.24  0  
-4.23  0  
-4.22  0  
-4.21  0  
-4.2  0  
-4.19  0  
-4.18  0  
-4.17  0  
-4.16  0  
-4.15  0  
-4.14  0  
-4.13  0  
-4.12  0  
-4.11  0  
-4.1  0  
-4.09  0  
-4.08  0  
-4.07  0  
-4.06  0  
-4.05  0  
-4.04  0  
-4.03  0  
-4.02  0  
-4.01  0  
-4  0  
-3.99  0  
-3.98  0  
-3.97  0  
-3.96  0  
-3.95  0  
-3.94  0  
-3.93  0  
-3.92  0  
-3.91  0  
-3.9  0  
-3.89  0  
-3.88  0  
-3.87  0  
-3.86  0  
-3.85  0  
-3.84  0  
-3.83  0  
-3.82  0  
-3.81  0  
-3.8  0  
-3.79  0  
-3.78  0  
-3.77  0  
-3.76  0  
-3.75  0  
-3.74  0  
-3.73  0  
-3.72  0  
-3.71  0  
-3.7  0  
-3.69  0  
-3.68  0  
-3.67  0  
-3.66  0  
-3.65  0  
-3.64  0  
-3.63  0  
-3.62  0  
-3.61  0  
-3.6  0  
-3.59  0  
-3.58  0  
-3.57  0  
-3.56  0  
-3.55  0  
-3.54  0  
-3.53  0  
-3.52  0  
-3.51  0  
-3.5  0  
-3.49  0  
-3.48  0  
-3.47  0  
-3.46  0  
-3.45  0  
-3.44  0  
-3.43  0  
-3.42  0  
-3.41  0  
-3.4  0  
-3.39  0  
-3.38  0  
-3.37  0  
-3.36  0  
-3.35  0  
-3.34  0  
-3.33  0  
-3.32  0  
-3.31  0  
-3.3  0  
-3.29  0  
-3.28  0  
-3.27  0  
-3.26  0  
-3.25  0  
-3.24  0  
-3.23  0  
-3.22  0  
-3.21  0  
-3.2  0  
-3.19  0  
-3.18  0  
-3.17  0  
-3.16  0  
-3.15  0  
-3.14  0  
-3.13  0  
-3.12  0  
-3.11  0  
-3.1  0  
-3.09  0  
-3.08  0  
-3.07  0  
-3.06  0  
-3.05  0  
-3.04  0  
-3.03  0  
-3.02  0  
-3.01  0  
-3  0  
-2.99  0  
-2.98  0  
-2.97  0  
-2.96  0  
-2.95  0  
-2.94  0  
-2.93  0  
-2.92  0  
-2.91  0  
-2.9  0  
-2.89  0  
-2.88  0  
-2.87  0  
-2.86  0  
-2.85  0  
-2.84  0  
-2.83  0  
-2.82  0  
-2.81  0  
-2.8  0  
-2.79  0  
-2.78  0  
-2.77  0  
-2.76  0  
-2.75  0  
-2.74  0  
-2.73  0  
-2.72  0  
-2.71  0  
-2.7  0  
-2.69  0  
-2.68  0  
-2.67  0  
-2.66  0  
-2.65  0  
-2.64  0  
-2.63  0  
-2.62  0  
-2.61  0  
-2.6  0  
-2.59  0  
-2.58  0  
-2.57  0  
-2.56  0  
-2.55  0  
-2.54  0  
-2.53  0  
-2.52  0  
-2.51  0  
-2.5  0  
-2.49  0  
-2.48  0  
-2.47  0  
-2.46  0  
-2.45  0  
-2.44  0  
-2.43  0  
-2.42  0  
-2.41  0  
-2.4  0  
-2.39  0  
-2.38  0  
-2.37  0  
-2.36  0  
-2.35  0  
-2.34  0  
-2.33  0  
-2.32  0  
-2.31  0  
-2.3  0  
-2.29  0  
-2.28  0  
-2.27  0  
-2.26  0  
-2.25  0  
-2.24  0  
-2.23  0  
-2.22  0  
-2.21  0  
-2.2  0  
-2.19  0  
-2.18  0  
-2.17  0  
-2.16  0  
-2.15  0  
-2.14  0  
-2.13  0  
-2.12  0  
-2.11  0  
-2.1  0  
-2.09  0  
-2.08  0  
-2.07  0  
-2.06  0  
-2.05  0  
-2.04  0  
-2.03  0  
-2.02  0  
-2.01  0  
-2  0  
