9 isr_2_4__j__j__P__nu_e__e+__j 310000 310000 9.74777399914e-10 46
Threshold_Central_16083 31210 0.351161579201 0.351161579201 0.0201489928386 8.55778182518e-10 1.49055986784e-21 7.30865737806e-19
Threshold_Forward_16083 27597 0.325579316282 0.325579316282 0.0705371393854 9.33414819408e-10 3.81092550023e-21 8.6745229959e-19
Threshold_Backward_16083 11310 0.131679777865 0.131679777865 0.0922816922909 8.62398814206e-10 1.8263244237e-21 7.4190539032e-19
Threshold_Central_8041 3471 0.0647489697972 0.0647489697972 0.0773816001332 9.15921407779e-10 3.68727772817e-21 8.352247475e-19
Threshold_Forward_8041 0 0 0 0 0 0 0
Threshold_Backward_8041 6412 0.126830356856 0.126830356856 0.301220552137 9.48493232607e-10 4.19827505954e-21 8.95441137242e-19
Simple_Pole_Uniform_50 0 0 0 0 0 0 0
Simple_Pole_Forward_50 0 0 0 0 0 0 0
Simple_Pole_Backward_50 0 0 0 0 0 0 0
