19 fsr_2_4__j__j__P__nu_e__e+__j 310000 310000 1.77671608431e-09 46
fsrchannels4/C4_0 0 0 0 0 0 0 0
fsrchannels4/C4_1 0 0 0 0 0 0 0
fsrchannels4/C4_2 0 0 0 0 0 0 0
fsrchannels4/C4_3 3507 0.0469150925967 0.0469150925967 1493.91441499 5.79745706786e-10 1.38061698848e-21 3.34724467548e-19
fsrchannels4/C4_4 0 0 0 0 0 0 0
fsrchannels4/C4_5 237 0.00352180039755 0.00352180039755 421.135250543 5.73378475373e-10 1.22118619588e-20 3.16551014062e-19
fsrchannels4/C4_6 518 0.00689703596004 0.00689703596004 365.820827156 5.12368466077e-10 6.29601743967e-22 2.61891843286e-19
fsrchannels4/C4_7 46 0.000954324123716 0.000954324123716 1135.97778623 6.54026273895e-10 6.08287565965e-21 4.21667491286e-19
fsrchannels4/C4_8 0 0 0 0 0 0 0
fsrchannels4/C4_9 0 0 0 0 0 0 0
fsrchannels4/C4_10 0 0 0 0 0 0 0
fsrchannels4/C4_11 2204 0.0615723201371 0.0615723201371 1145.97391229 8.04001647708e-10 2.80026785615e-20 6.18415970955e-19
fsrchannels4/C4_12 0 0 0 0 0 0 0
fsrchannels4/C4_13 0 0 0 0 0 0 0
fsrchannels4/C4_14 0 0 0 0 0 0 0
fsrchannels4/C4_15 18261 0.221522324602 0.221522324602 1.58120858739e-05 5.5374094497e-10 4.50758533001e-22 3.06178275604e-19
fsrchannels4/C4_16 30583 0.353059135624 0.353059135624 56859.6207341 3.32271873625e-10 4.0380923557e-22 1.10000788766e-19
fsrchannels4/C4_17 5457 0.071363136029 0.071363136029 145.751662207 5.90912863514e-10 9.33934093865e-22 3.48244078173e-19
fsrchannels4/C4_18 19187 0.23419483053 0.23419483053 321.071853984 5.29969350945e-10 1.414356318e-21 2.79453156623e-19
