9 isr_2_4__j__j__P__nu_e__e+__j 310000 310000 1.12057390538e-09 46
Threshold_Central_18094 18160 0.218243296742 0.218243296742 0.104555549263 4.91252824605e-10 1.80423738e-22 2.41148913944e-19
Threshold_Forward_18094 3639 0.0425528898564 0.0425528898564 0.321758804369 4.66999750947e-10 3.05248471226e-22 2.17783518913e-19
Threshold_Backward_18094 25795 0.290940498074 0.290940498074 0.0704641665056 4.94906991328e-10 3.01491920275e-22 2.44631438145e-19
Threshold_Central_8241 8099 0.187516261516 0.187516261516 0.795135632327 4.42714499896e-10 2.10075674727e-22 1.95786052743e-19
Threshold_Forward_8241 0 0 0 0 0 0 0
Threshold_Backward_8241 4755 0.106639248176 0.106639248176 0.430695533843 4.55480175527e-10 1.01073136257e-21 2.06451458936e-19
Simple_Pole_Uniform_50 19552 0.154107805637 0.154107805637 0.367738564672 5.61177986145e-10 1.05374852385e-20 3.04383246895e-19
Simple_Pole_Forward_50 0 0 0 0 0 0 0
Simple_Pole_Backward_50 0 0 0 0 0 0 0
