0 2502 25 0 0.5 100 0 1 0  0  275269
0  0  0  
0  0.01  0  
0  0.02  0  
0  0.03  0  
0  0.04  0  
0  0.05  0  
0  0.06  0  
0  0.07  0  
0  0.08  0  
0  0.09  0  
0  0.1  0  
0  0.11  0  
0  0.12  0  
0  0.13  0  
0  0.14  0  
0  0.15  0  
0  0.16  0  
0  0.17  0  
0  0.18  0  
0  0.19  0  
0  0.2  0  
0  0.21  0  
0  0.22  0  
0  0.23  0  
0  0.24  0  
0  0.25  0  
0  0.26  0  
0  0.27  0  
0  0.28  0  
0  0.29  0  
0  0.3  0  
0  0.31  0  
0  0.32  0  
0  0.33  0  
0  0.34  0  
0  0.35  0  
0  0.36  0  
0  0.37  0  
0  0.38  0  
0  0.39  0  
0  0.4  0  
0  0.41  0  
0  0.42  0  
0  0.43  0  
0  0.44  0  
0  0.45  0  
0  0.46  0  
0  0.47  0  
0  0.48  0  
0  0.49  0  
0  0.5  1633  
0  0.51  0  
0  0.52  0  
0  0.53  1479  
0  0.54  0  
0  0.55  363  
0  0.56  0  
0  0.57  0  
0  0.58  0  
0  0.59  0  
0  0.6  0  
0  0.61  0  
0  0.62  0  
0  0.63  0  
0  0.64  0  
0  0.65  0  
0  0.66  6007  
0  0.67  0  
0  0.68  0  
0  0.69  0  
0  0.7  0  
0  0.71  0  
0  0.72  0  
0  0.73  0  
0  0.74  0  
0  0.75  0  
0  0.76  0  
0  0.77  0  
0  0.78  0  
0  0.79  0  
0  0.8  3798  
0  0.81  0  
0  0.82  0  
0  0.83  0  
0  0.84  0  
0  0.85  0  
0  0.86  0  
0  0.87  0  
0  0.88  0  
0  0.89  0  
0  0.9  0  
0  0.91  0  
0  0.92  0  
0  0.93  0  
0  0.94  0  
0  0.95  0  
0  0.96  0  
0  0.97  0  
0  0.98  0  
0  0.99  5812  
0.02  0  0  
0.02  0.01  0  
0.02  0.02  0  
0.02  0.03  0  
0.02  0.04  0  
0.02  0.05  0  
0.02  0.06  0  
0.02  0.07  0  
0.02  0.08  0  
0.02  0.09  0  
0.02  0.1  0  
0.02  0.11  0  
0.02  0.12  0  
0.02  0.13  0  
0.02  0.14  0  
0.02  0.15  0  
0.02  0.16  0  
0.02  0.17  0  
0.02  0.18  0  
0.02  0.19  0  
0.02  0.2  0  
0.02  0.21  0  
0.02  0.22  0  
0.02  0.23  0  
0.02  0.24  0  
0.02  0.25  0  
0.02  0.26  0  
0.02  0.27  0  
0.02  0.28  0  
0.02  0.29  0  
0.02  0.3  0  
0.02  0.31  0  
0.02  0.32  0  
0.02  0.33  0  
0.02  0.34  0  
0.02  0.35  0  
0.02  0.36  0  
0.02  0.37  0  
0.02  0.38  0  
0.02  0.39  0  
0.02  0.4  0  
0.02  0.41  0  
0.02  0.42  0  
0.02  0.43  469  
0.02  0.44  0  
0.02  0.45  0  
0.02  0.46  0  
0.02  0.47  0  
0.02  0.48  0  
0.02  0.49  0  
0.02  0.5  441  
0.02  0.51  1067  
0.02  0.52  0  
0.02  0.53  0  
0.02  0.54  0  
0.02  0.55  1879  
0.02  0.56  0  
0.02  0.57  0  
0.02  0.58  0  
0.02  0.59  0  
0.02  0.6  0  
0.02  0.61  0  
0.02  0.62  0  
0.02  0.63  0  
0.02  0.64  0  
0.02  0.65  0  
0.02  0.66  2138  
0.02  0.67  0  
0.02  0.68  0  
0.02  0.69  0  
0.02  0.7  0  
0.02  0.71  0  
0.02  0.72  0  
0.02  0.73  150  
0.02  0.74  1712  
0.02  0.75  0  
0.02  0.76  323  
0.02  0.77  0  
0.02  0.78  0  
0.02  0.79  829  
0.02  0.8  37  
0.02  0.81  0  
0.02  0.82  0  
0.02  0.83  0  
0.02  0.84  0  
0.02  0.85  0  
0.02  0.86  0  
0.02  0.87  0  
0.02  0.88  0  
0.02  0.89  0  
0.02  0.9  0  
0.02  0.91  0  
0.02  0.92  0  
0.02  0.93  0  
0.02  0.94  0  
0.02  0.95  0  
0.02  0.96  0  
0.02  0.97  0  
0.02  0.98  0  
0.02  0.99  4893  
0.04  0  0  
0.04  0.01  0  
0.04  0.02  0  
0.04  0.03  0  
0.04  0.04  0  
0.04  0.05  0  
0.04  0.06  0  
0.04  0.07  0  
0.04  0.08  0  
0.04  0.09  0  
0.04  0.1  0  
0.04  0.11  0  
0.04  0.12  0  
0.04  0.13  0  
0.04  0.14  0  
0.04  0.15  0  
0.04  0.16  0  
0.04  0.17  0  
0.04  0.18  0  
0.04  0.19  0  
0.04  0.2  0  
0.04  0.21  0  
0.04  0.22  0  
0.04  0.23  0  
0.04  0.24  0  
0.04  0.25  0  
0.04  0.26  0  
0.04  0.27  0  
0.04  0.28  0  
0.04  0.29  0  
0.04  0.3  0  
0.04  0.31  0  
0.04  0.32  0  
0.04  0.33  0  
0.04  0.34  0  
0.04  0.35  0  
0.04  0.36  0  
0.04  0.37  0  
0.04  0.38  0  
0.04  0.39  0  
0.04  0.4  0  
0.04  0.41  0  
0.04  0.42  0  
0.04  0.43  70  
0.04  0.44  0  
0.04  0.45  0  
0.04  0.46  0  
0.04  0.47  0  
0.04  0.48  0  
0.04  0.49  0  
0.04  0.5  0  
0.04  0.51  0  
0.04  0.52  1759  
0.04  0.53  0  
0.04  0.54  952  
0.04  0.55  1066  
0.04  0.56  0  
0.04  0.57  0  
0.04  0.58  0  
0.04  0.59  0  
0.04  0.6  0  
0.04  0.61  0  
0.04  0.62  0  
0.04  0.63  0  
0.04  0.64  0  
0.04  0.65  0  
0.04  0.66  2396  
0.04  0.67  0  
0.04  0.68  0  
0.04  0.69  0  
0.04  0.7  0  
0.04  0.71  0  
0.04  0.72  0  
0.04  0.73  608  
0.04  0.74  2181  
0.04  0.75  0  
0.04  0.76  0  
0.04  0.77  0  
0.04  0.78  0  
0.04  0.79  0  
0.04  0.8  0  
0.04  0.81  0  
0.04  0.82  0  
0.04  0.83  0  
0.04  0.84  0  
0.04  0.85  0  
0.04  0.86  0  
0.04  0.87  0  
0.04  0.88  0  
0.04  0.89  0  
0.04  0.9  0  
0.04  0.91  0  
0.04  0.92  0  
0.04  0.93  0  
0.04  0.94  0  
0.04  0.95  2365  
0.04  0.96  0  
0.04  0.97  0  
0.04  0.98  0  
0.04  0.99  2596  
0.06  0  0  
0.06  0.01  0  
0.06  0.02  0  
0.06  0.03  0  
0.06  0.04  0  
0.06  0.05  0  
0.06  0.06  0  
0.06  0.07  0  
0.06  0.08  0  
0.06  0.09  0  
0.06  0.1  0  
0.06  0.11  0  
0.06  0.12  0  
0.06  0.13  0  
0.06  0.14  0  
0.06  0.15  0  
0.06  0.16  0  
0.06  0.17  0  
0.06  0.18  0  
0.06  0.19  0  
0.06  0.2  0  
0.06  0.21  0  
0.06  0.22  0  
0.06  0.23  0  
0.06  0.24  0  
0.06  0.25  0  
0.06  0.26  0  
0.06  0.27  0  
0.06  0.28  0  
0.06  0.29  0  
0.06  0.3  0  
0.06  0.31  0  
0.06  0.32  0  
0.06  0.33  0  
0.06  0.34  0  
0.06  0.35  0  
0.06  0.36  0  
0.06  0.37  0  
0.06  0.38  0  
0.06  0.39  0  
0.06  0.4  0  
0.06  0.41  0  
0.06  0.42  0  
0.06  0.43  0  
0.06  0.44  0  
0.06  0.45  0  
0.06  0.46  225  
0.06  0.47  0  
0.06  0.48  0  
0.06  0.49  0  
0.06  0.5  0  
0.06  0.51  0  
0.06  0.52  1686  
0.06  0.53  0  
0.06  0.54  1558  
0.06  0.55  0  
0.06  0.56  0  
0.06  0.57  0  
0.06  0.58  0  
0.06  0.59  0  
0.06  0.6  0  
0.06  0.61  1802  
0.06  0.62  0  
0.06  0.63  0  
0.06  0.64  0  
0.06  0.65  1995  
0.06  0.66  311  
0.06  0.67  0  
0.06  0.68  0  
0.06  0.69  0  
0.06  0.7  0  
0.06  0.71  0  
0.06  0.72  0  
0.06  0.73  0  
0.06  0.74  310  
0.06  0.75  0  
0.06  0.76  0  
0.06  0.77  0  
0.06  0.78  0  
0.06  0.79  0  
0.06  0.8  0  
0.06  0.81  0  
0.06  0.82  0  
0.06  0.83  0  
0.06  0.84  0  
0.06  0.85  0  
0.06  0.86  0  
0.06  0.87  0  
0.06  0.88  0  
0.06  0.89  0  
0.06  0.9  0  
0.06  0.91  0  
0.06  0.92  0  
0.06  0.93  0  
0.06  0.94  0  
0.06  0.95  4496  
0.06  0.96  0  
0.06  0.97  0  
0.06  0.98  0  
0.06  0.99  0  
0.08  0  0  
0.08  0.01  0  
0.08  0.02  0  
0.08  0.03  0  
0.08  0.04  0  
0.08  0.05  0  
0.08  0.06  0  
0.08  0.07  0  
0.08  0.08  0  
0.08  0.09  0  
0.08  0.1  0  
0.08  0.11  0  
0.08  0.12  0  
0.08  0.13  0  
0.08  0.14  0  
0.08  0.15  0  
0.08  0.16  0  
0.08  0.17  0  
0.08  0.18  0  
0.08  0.19  0  
0.08  0.2  0  
0.08  0.21  0  
0.08  0.22  0  
0.08  0.23  0  
0.08  0.24  0  
0.08  0.25  0  
0.08  0.26  0  
0.08  0.27  0  
0.08  0.28  0  
0.08  0.29  0  
0.08  0.3  0  
0.08  0.31  0  
0.08  0.32  0  
0.08  0.33  0  
0.08  0.34  0  
0.08  0.35  0  
0.08  0.36  0  
0.08  0.37  0  
0.08  0.38  0  
0.08  0.39  0  
0.08  0.4  0  
0.08  0.41  0  
0.08  0.42  0  
0.08  0.43  0  
0.08  0.44  0  
0.08  0.45  0  
0.08  0.46  1814  
0.08  0.47  0  
0.08  0.48  721  
0.08  0.49  0  
0.08  0.5  0  
0.08  0.51  0  
0.08  0.52  1610  
0.08  0.53  0  
0.08  0.54  0  
0.08  0.55  0  
0.08  0.56  0  
0.08  0.57  709  
0.08  0.58  1135  
0.08  0.59  0  
0.08  0.6  0  
0.08  0.61  708  
0.08  0.62  0  
0.08  0.63  0  
0.08  0.64  0  
0.08  0.65  107  
0.08  0.66  0  
0.08  0.67  0  
0.08  0.68  0  
0.08  0.69  0  
0.08  0.7  0  
0.08  0.71  0  
0.08  0.72  0  
0.08  0.73  2649  
0.08  0.74  0  
0.08  0.75  0  
0.08  0.76  0  
0.08  0.77  0  
0.08  0.78  0  
0.08  0.79  0  
0.08  0.8  0  
0.08  0.81  0  
0.08  0.82  2307  
0.08  0.83  0  
0.08  0.84  0  
0.08  0.85  0  
0.08  0.86  0  
0.08  0.87  0  
0.08  0.88  0  
0.08  0.89  0  
0.08  0.9  0  
0.08  0.91  0  
0.08  0.92  0  
0.08  0.93  0  
0.08  0.94  0  
0.08  0.95  2021  
0.08  0.96  0  
0.08  0.97  0  
0.08  0.98  0  
0.08  0.99  0  
0.1  0  0  
0.1  0.01  0  
0.1  0.02  0  
0.1  0.03  0  
0.1  0.04  0  
0.1  0.05  0  
0.1  0.06  0  
0.1  0.07  0  
0.1  0.08  0  
0.1  0.09  0  
0.1  0.1  0  
0.1  0.11  0  
0.1  0.12  0  
0.1  0.13  0  
0.1  0.14  0  
0.1  0.15  0  
0.1  0.16  0  
0.1  0.17  0  
0.1  0.18  0  
0.1  0.19  0  
0.1  0.2  0  
0.1  0.21  0  
0.1  0.22  0  
0.1  0.23  0  
0.1  0.24  0  
0.1  0.25  0  
0.1  0.26  0  
0.1  0.27  0  
0.1  0.28  0  
0.1  0.29  0  
0.1  0.3  0  
0.1  0.31  0  
0.1  0.32  0  
0.1  0.33  0  
0.1  0.34  0  
0.1  0.35  0  
0.1  0.36  0  
0.1  0.37  0  
0.1  0.38  0  
0.1  0.39  0  
0.1  0.4  0  
0.1  0.41  0  
0.1  0.42  0  
0.1  0.43  0  
0.1  0.44  0  
0.1  0.45  169  
0.1  0.46  1732  
0.1  0.47  778  
0.1  0.48  2595  
0.1  0.49  0  
0.1  0.5  710  
0.1  0.51  355  
0.1  0.52  2  
0.1  0.53  0  
0.1  0.54  0  
0.1  0.55  0  
0.1  0.56  0  
0.1  0.57  0  
0.1  0.58  1933  
0.1  0.59  0  
0.1  0.6  0  
0.1  0.61  0  
0.1  0.62  0  
0.1  0.63  0  
0.1  0.64  0  
0.1  0.65  0  
0.1  0.66  1649  
0.1  0.67  0  
0.1  0.68  0  
0.1  0.69  0  
0.1  0.7  0  
0.1  0.71  0  
0.1  0.72  0  
0.1  0.73  1804  
0.1  0.74  0  
0.1  0.75  0  
0.1  0.76  0  
0.1  0.77  0  
0.1  0.78  0  
0.1  0.79  0  
0.1  0.8  0  
0.1  0.81  1217  
0.1  0.82  3345  
0.1  0.83  0  
0.1  0.84  0  
0.1  0.85  0  
0.1  0.86  0  
0.1  0.87  0  
0.1  0.88  0  
0.1  0.89  0  
0.1  0.9  0  
0.1  0.91  0  
0.1  0.92  0  
0.1  0.93  0  
0.1  0.94  0  
0.1  0.95  0  
0.1  0.96  0  
0.1  0.97  0  
0.1  0.98  0  
0.1  0.99  0  
0.12  0  0  
0.12  0.01  0  
0.12  0.02  0  
0.12  0.03  0  
0.12  0.04  0  
0.12  0.05  0  
0.12  0.06  0  
0.12  0.07  0  
0.12  0.08  0  
0.12  0.09  0  
0.12  0.1  0  
0.12  0.11  0  
0.12  0.12  0  
0.12  0.13  0  
0.12  0.14  0  
0.12  0.15  0  
0.12  0.16  0  
0.12  0.17  0  
0.12  0.18  0  
0.12  0.19  0  
0.12  0.2  0  
0.12  0.21  0  
0.12  0.22  0  
0.12  0.23  0  
0.12  0.24  0  
0.12  0.25  0  
0.12  0.26  0  
0.12  0.27  0  
0.12  0.28  0  
0.12  0.29  0  
0.12  0.3  0  
0.12  0.31  0  
0.12  0.32  0  
0.12  0.33  0  
0.12  0.34  0  
0.12  0.35  0  
0.12  0.36  0  
0.12  0.37  0  
0.12  0.38  0  
0.12  0.39  0  
0.12  0.4  0  
0.12  0.41  0  
0.12  0.42  0  
0.12  0.43  705  
0.12  0.44  0  
0.12  0.45  0  
0.12  0.46  0  
0.12  0.47  0  
0.12  0.48  2719  
0.12  0.49  629  
0.12  0.5  1223  
0.12  0.51  0  
0.12  0.52  0  
0.12  0.53  0  
0.12  0.54  0  
0.12  0.55  0  
0.12  0.56  0  
0.12  0.57  0  
0.12  0.58  0  
0.12  0.59  0  
0.12  0.6  0  
0.12  0.61  0  
0.12  0.62  0  
0.12  0.63  0  
0.12  0.64  0  
0.12  0.65  0  
0.12  0.66  2271  
0.12  0.67  0  
0.12  0.68  0  
0.12  0.69  0  
0.12  0.7  0  
0.12  0.71  0  
0.12  0.72  0  
0.12  0.73  0  
0.12  0.74  0  
0.12  0.75  0  
0.12  0.76  0  
0.12  0.77  0  
0.12  0.78  0  
0.12  0.79  0  
0.12  0.8  0  
0.12  0.81  3602  
0.12  0.82  0  
0.12  0.83  0  
0.12  0.84  0  
0.12  0.85  0  
0.12  0.86  0  
0.12  0.87  0  
0.12  0.88  0  
0.12  0.89  0  
0.12  0.9  0  
0.12  0.91  0  
0.12  0.92  0  
0.12  0.93  0  
0.12  0.94  0  
0.12  0.95  0  
0.12  0.96  0  
0.12  0.97  0  
0.12  0.98  0  
0.12  0.99  0  
0.14  0  0  
0.14  0.01  0  
0.14  0.02  0  
0.14  0.03  0  
0.14  0.04  0  
0.14  0.05  0  
0.14  0.06  0  
0.14  0.07  0  
0.14  0.08  0  
0.14  0.09  0  
0.14  0.1  0  
0.14  0.11  0  
0.14  0.12  0  
0.14  0.13  0  
0.14  0.14  0  
0.14  0.15  0  
0.14  0.16  0  
0.14  0.17  0  
0.14  0.18  0  
0.14  0.19  0  
0.14  0.2  0  
0.14  0.21  0  
0.14  0.22  0  
0.14  0.23  0  
0.14  0.24  0  
0.14  0.25  0  
0.14  0.26  0  
0.14  0.27  0  
0.14  0.28  0  
0.14  0.29  0  
0.14  0.3  0  
0.14  0.31  0  
0.14  0.32  0  
0.14  0.33  0  
0.14  0.34  0  
0.14  0.35  0  
0.14  0.36  0  
0.14  0.37  0  
0.14  0.38  0  
0.14  0.39  0  
0.14  0.4  0  
0.14  0.41  0  
0.14  0.42  0  
0.14  0.43  1810  
0.14  0.44  1384  
0.14  0.45  0  
0.14  0.46  0  
0.14  0.47  0  
0.14  0.48  389  
0.14  0.49  1467  
0.14  0.5  0  
0.14  0.51  0  
0.14  0.52  0  
0.14  0.53  0  
0.14  0.54  0  
0.14  0.55  0  
0.14  0.56  0  
0.14  0.57  0  
0.14  0.58  0  
0.14  0.59  0  
0.14  0.6  2065  
0.14  0.61  0  
0.14  0.62  0  
0.14  0.63  837  
0.14  0.64  0  
0.14  0.65  0  
0.14  0.66  131  
0.14  0.67  0  
0.14  0.68  0  
0.14  0.69  0  
0.14  0.7  0  
0.14  0.71  0  
0.14  0.72  0  
0.14  0.73  0  
0.14  0.74  0  
0.14  0.75  0  
0.14  0.76  0  
0.14  0.77  0  
0.14  0.78  0  
0.14  0.79  0  
0.14  0.8  0  
0.14  0.81  2669  
0.14  0.82  0  
0.14  0.83  0  
0.14  0.84  0  
0.14  0.85  0  
0.14  0.86  0  
0.14  0.87  0  
0.14  0.88  0  
0.14  0.89  0  
0.14  0.9  0  
0.14  0.91  0  
0.14  0.92  0  
0.14  0.93  0  
0.14  0.94  0  
0.14  0.95  0  
0.14  0.96  0  
0.14  0.97  0  
0.14  0.98  0  
0.14  0.99  0  
0.16  0  0  
0.16  0.01  0  
0.16  0.02  0  
0.16  0.03  0  
0.16  0.04  0  
0.16  0.05  0  
0.16  0.06  0  
0.16  0.07  0  
0.16  0.08  0  
0.16  0.09  0  
0.16  0.1  0  
0.16  0.11  0  
0.16  0.12  0  
0.16  0.13  0  
0.16  0.14  0  
0.16  0.15  0  
0.16  0.16  0  
0.16  0.17  0  
0.16  0.18  0  
0.16  0.19  0  
0.16  0.2  0  
0.16  0.21  0  
0.16  0.22  0  
0.16  0.23  0  
0.16  0.24  0  
0.16  0.25  0  
0.16  0.26  0  
0.16  0.27  0  
0.16  0.28  0  
0.16  0.29  0  
0.16  0.3  0  
0.16  0.31  0  
0.16  0.32  0  
0.16  0.33  0  
0.16  0.34  0  
0.16  0.35  0  
0.16  0.36  0  
0.16  0.37  0  
0.16  0.38  0  
0.16  0.39  0  
0.16  0.4  0  
0.16  0.41  0  
0.16  0.42  0  
0.16  0.43  2798  
0.16  0.44  1517  
0.16  0.45  0  
0.16  0.46  0  
0.16  0.47  0  
0.16  0.48  0  
0.16  0.49  0  
0.16  0.5  0  
0.16  0.51  0  
0.16  0.52  0  
0.16  0.53  0  
0.16  0.54  0  
0.16  0.55  0  
0.16  0.56  0  
0.16  0.57  0  
0.16  0.58  0  
0.16  0.59  279  
0.16  0.6  1143  
0.16  0.61  0  
0.16  0.62  0  
0.16  0.63  2766  
0.16  0.64  0  
0.16  0.65  0  
0.16  0.66  936  
0.16  0.67  0  
0.16  0.68  0  
0.16  0.69  0  
0.16  0.7  0  
0.16  0.71  0  
0.16  0.72  0  
0.16  0.73  0  
0.16  0.74  0  
0.16  0.75  0  
0.16  0.76  0  
0.16  0.77  0  
0.16  0.78  0  
0.16  0.79  0  
0.16  0.8  0  
0.16  0.81  0  
0.16  0.82  0  
0.16  0.83  0  
0.16  0.84  0  
0.16  0.85  0  
0.16  0.86  0  
0.16  0.87  0  
0.16  0.88  0  
0.16  0.89  0  
0.16  0.9  0  
0.16  0.91  0  
0.16  0.92  0  
0.16  0.93  0  
0.16  0.94  0  
0.16  0.95  0  
0.16  0.96  0  
0.16  0.97  0  
0.16  0.98  0  
0.16  0.99  0  
0.18  0  0  
0.18  0.01  0  
0.18  0.02  0  
0.18  0.03  0  
0.18  0.04  0  
0.18  0.05  0  
0.18  0.06  0  
0.18  0.07  0  
0.18  0.08  0  
0.18  0.09  0  
0.18  0.1  0  
0.18  0.11  0  
0.18  0.12  0  
0.18  0.13  0  
0.18  0.14  0  
0.18  0.15  0  
0.18  0.16  0  
0.18  0.17  0  
0.18  0.18  0  
0.18  0.19  0  
0.18  0.2  0  
0.18  0.21  0  
0.18  0.22  0  
0.18  0.23  0  
0.18  0.24  0  
0.18  0.25  0  
0.18  0.26  0  
0.18  0.27  0  
0.18  0.28  0  
0.18  0.29  0  
0.18  0.3  0  
0.18  0.31  0  
0.18  0.32  0  
0.18  0.33  0  
0.18  0.34  0  
0.18  0.35  0  
0.18  0.36  0  
0.18  0.37  0  
0.18  0.38  0  
0.18  0.39  0  
0.18  0.4  0  
0.18  0.41  0  
0.18  0.42  0  
0.18  0.43  3562  
0.18  0.44  2120  
0.18  0.45  0  
0.18  0.46  0  
0.18  0.47  0  
0.18  0.48  0  
0.18  0.49  0  
0.18  0.5  0  
0.18  0.51  0  
0.18  0.52  0  
0.18  0.53  0  
0.18  0.54  0  
0.18  0.55  0  
0.18  0.56  0  
0.18  0.57  0  
0.18  0.58  0  
0.18  0.59  0  
0.18  0.6  0  
0.18  0.61  405  
0.18  0.62  1836  
0.18  0.63  1171  
0.18  0.64  2190  
0.18  0.65  0  
0.18  0.66  443  
0.18  0.67  0  
0.18  0.68  0  
0.18  0.69  0  
0.18  0.7  0  
0.18  0.71  0  
0.18  0.72  0  
0.18  0.73  0  
0.18  0.74  0  
0.18  0.75  0  
0.18  0.76  0  
0.18  0.77  0  
0.18  0.78  0  
0.18  0.79  0  
0.18  0.8  0  
0.18  0.81  0  
0.18  0.82  0  
0.18  0.83  0  
0.18  0.84  0  
0.18  0.85  0  
0.18  0.86  0  
0.18  0.87  0  
0.18  0.88  0  
0.18  0.89  0  
0.18  0.9  0  
0.18  0.91  0  
0.18  0.92  0  
0.18  0.93  0  
0.18  0.94  0  
0.18  0.95  0  
0.18  0.96  0  
0.18  0.97  0  
0.18  0.98  0  
0.18  0.99  0  
0.2  0  0  
0.2  0.01  0  
0.2  0.02  0  
0.2  0.03  0  
0.2  0.04  0  
0.2  0.05  0  
0.2  0.06  0  
0.2  0.07  0  
0.2  0.08  0  
0.2  0.09  0  
0.2  0.1  0  
0.2  0.11  0  
0.2  0.12  0  
0.2  0.13  0  
0.2  0.14  0  
0.2  0.15  0  
0.2  0.16  0  
0.2  0.17  0  
0.2  0.18  0  
0.2  0.19  0  
0.2  0.2  0  
0.2  0.21  0  
0.2  0.22  0  
0.2  0.23  0  
0.2  0.24  0  
0.2  0.25  0  
0.2  0.26  0  
0.2  0.27  0  
0.2  0.28  0  
0.2  0.29  0  
0.2  0.3  0  
0.2  0.31  0  
0.2  0.32  0  
0.2  0.33  0  
0.2  0.34  0  
0.2  0.35  0  
0.2  0.36  0  
0.2  0.37  0  
0.2  0.38  0  
0.2  0.39  0  
0.2  0.4  0  
0.2  0.41  0  
0.2  0.42  0  
0.2  0.43  4476  
0.2  0.44  2271  
0.2  0.45  0  
0.2  0.46  0  
0.2  0.47  0  
0.2  0.48  0  
0.2  0.49  0  
0.2  0.5  0  
0.2  0.51  0  
0.2  0.52  0  
0.2  0.53  0  
0.2  0.54  0  
0.2  0.55  0  
0.2  0.56  0  
0.2  0.57  0  
0.2  0.58  0  
0.2  0.59  0  
0.2  0.6  0  
0.2  0.61  0  
0.2  0.62  3795  
0.2  0.63  0  
0.2  0.64  2960  
0.2  0.65  0  
0.2  0.66  0  
0.2  0.67  0  
0.2  0.68  0  
0.2  0.69  0  
0.2  0.7  0  
0.2  0.71  0  
0.2  0.72  0  
0.2  0.73  0  
0.2  0.74  0  
0.2  0.75  0  
0.2  0.76  0  
0.2  0.77  0  
0.2  0.78  0  
0.2  0.79  0  
0.2  0.8  0  
0.2  0.81  0  
0.2  0.82  0  
0.2  0.83  0  
0.2  0.84  0  
0.2  0.85  0  
0.2  0.86  0  
0.2  0.87  0  
0.2  0.88  0  
0.2  0.89  0  
0.2  0.9  0  
0.2  0.91  0  
0.2  0.92  0  
0.2  0.93  0  
0.2  0.94  0  
0.2  0.95  0  
0.2  0.96  0  
0.2  0.97  0  
0.2  0.98  0  
0.2  0.99  0  
0.22  0  0  
0.22  0.01  0  
0.22  0.02  0  
0.22  0.03  0  
0.22  0.04  0  
0.22  0.05  0  
0.22  0.06  0  
0.22  0.07  0  
0.22  0.08  0  
0.22  0.09  0  
0.22  0.1  0  
0.22  0.11  0  
0.22  0.12  0  
0.22  0.13  0  
0.22  0.14  0  
0.22  0.15  0  
0.22  0.16  0  
0.22  0.17  0  
0.22  0.18  0  
0.22  0.19  0  
0.22  0.2  0  
0.22  0.21  0  
0.22  0.22  0  
0.22  0.23  0  
0.22  0.24  0  
0.22  0.25  0  
0.22  0.26  0  
0.22  0.27  0  
0.22  0.28  0  
0.22  0.29  0  
0.22  0.3  0  
0.22  0.31  0  
0.22  0.32  0  
0.22  0.33  0  
0.22  0.34  0  
0.22  0.35  0  
0.22  0.36  0  
0.22  0.37  0  
0.22  0.38  0  
0.22  0.39  0  
0.22  0.4  0  
0.22  0.41  1495  
0.22  0.42  0  
0.22  0.43  1409  
0.22  0.44  1503  
0.22  0.45  0  
0.22  0.46  0  
0.22  0.47  0  
0.22  0.48  0  
0.22  0.49  0  
0.22  0.5  0  
0.22  0.51  0  
0.22  0.52  0  
0.22  0.53  0  
0.22  0.54  0  
0.22  0.55  0  
0.22  0.56  2164  
0.22  0.57  0  
0.22  0.58  0  
0.22  0.59  0  
0.22  0.6  0  
0.22  0.61  1094  
0.22  0.62  658  
0.22  0.63  1091  
0.22  0.64  8  
0.22  0.65  0  
0.22  0.66  2  
0.22  0.67  0  
0.22  0.68  0  
0.22  0.69  0  
0.22  0.7  0  
0.22  0.71  0  
0.22  0.72  0  
0.22  0.73  0  
0.22  0.74  0  
0.22  0.75  0  
0.22  0.76  0  
0.22  0.77  0  
0.22  0.78  0  
0.22  0.79  0  
0.22  0.8  0  
0.22  0.81  0  
0.22  0.82  0  
0.22  0.83  0  
0.22  0.84  0  
0.22  0.85  0  
0.22  0.86  0  
0.22  0.87  0  
0.22  0.88  0  
0.22  0.89  0  
0.22  0.9  0  
0.22  0.91  0  
0.22  0.92  0  
0.22  0.93  0  
0.22  0.94  0  
0.22  0.95  0  
0.22  0.96  0  
0.22  0.97  0  
0.22  0.98  0  
0.22  0.99  0  
0.24  0  0  
0.24  0.01  0  
0.24  0.02  0  
0.24  0.03  0  
0.24  0.04  0  
0.24  0.05  0  
0.24  0.06  0  
0.24  0.07  0  
0.24  0.08  0  
0.24  0.09  0  
0.24  0.1  0  
0.24  0.11  0  
0.24  0.12  0  
0.24  0.13  0  
0.24  0.14  0  
0.24  0.15  0  
0.24  0.16  0  
0.24  0.17  0  
0.24  0.18  0  
0.24  0.19  0  
0.24  0.2  0  
0.24  0.21  0  
0.24  0.22  0  
0.24  0.23  0  
0.24  0.24  0  
0.24  0.25  0  
0.24  0.26  0  
0.24  0.27  0  
0.24  0.28  0  
0.24  0.29  0  
0.24  0.3  0  
0.24  0.31  0  
0.24  0.32  0  
0.24  0.33  0  
0.24  0.34  0  
0.24  0.35  0  
0.24  0.36  0  
0.24  0.37  0  
0.24  0.38  0  
0.24  0.39  0  
0.24  0.4  0  
0.24  0.41  1427  
0.24  0.42  0  
0.24  0.43  1384  
0.24  0.44  1586  
0.24  0.45  0  
0.24  0.46  0  
0.24  0.47  0  
0.24  0.48  0  
0.24  0.49  0  
0.24  0.5  0  
0.24  0.51  0  
0.24  0.52  0  
0.24  0.53  0  
0.24  0.54  0  
0.24  0.55  0  
0.24  0.56  1317  
0.24  0.57  728  
0.24  0.58  0  
0.24  0.59  0  
0.24  0.6  0  
0.24  0.61  2447  
0.24  0.62  0  
0.24  0.63  0  
0.24  0.64  0  
0.24  0.65  0  
0.24  0.66  0  
0.24  0.67  0  
0.24  0.68  0  
0.24  0.69  0  
0.24  0.7  0  
0.24  0.71  0  
0.24  0.72  0  
0.24  0.73  0  
0.24  0.74  0  
0.24  0.75  0  
0.24  0.76  0  
0.24  0.77  0  
0.24  0.78  0  
0.24  0.79  0  
0.24  0.8  0  
0.24  0.81  0  
0.24  0.82  0  
0.24  0.83  0  
0.24  0.84  0  
0.24  0.85  0  
0.24  0.86  0  
0.24  0.87  0  
0.24  0.88  0  
0.24  0.89  0  
0.24  0.9  0  
0.24  0.91  0  
0.24  0.92  0  
0.24  0.93  0  
0.24  0.94  0  
0.24  0.95  0  
0.24  0.96  0  
0.24  0.97  0  
0.24  0.98  0  
0.24  0.99  0  
0.26  0  0  
0.26  0.01  0  
0.26  0.02  0  
0.26  0.03  0  
0.26  0.04  0  
0.26  0.05  0  
0.26  0.06  0  
0.26  0.07  0  
0.26  0.08  0  
0.26  0.09  0  
0.26  0.1  0  
0.26  0.11  0  
0.26  0.12  0  
0.26  0.13  0  
0.26  0.14  0  
0.26  0.15  0  
0.26  0.16  0  
0.26  0.17  0  
0.26  0.18  0  
0.26  0.19  0  
0.26  0.2  0  
0.26  0.21  0  
0.26  0.22  0  
0.26  0.23  0  
0.26  0.24  0  
0.26  0.25  0  
0.26  0.26  0  
0.26  0.27  0  
0.26  0.28  0  
0.26  0.29  0  
0.26  0.3  0  
0.26  0.31  0  
0.26  0.32  0  
0.26  0.33  0  
0.26  0.34  0  
0.26  0.35  0  
0.26  0.36  0  
0.26  0.37  0  
0.26  0.38  1261  
0.26  0.39  0  
0.26  0.4  0  
0.26  0.41  1378  
0.26  0.42  0  
0.26  0.43  218  
0.26  0.44  1638  
0.26  0.45  0  
0.26  0.46  0  
0.26  0.47  0  
0.26  0.48  0  
0.26  0.49  0  
0.26  0.5  0  
0.26  0.51  2  
0.26  0.52  0  
0.26  0.53  0  
0.26  0.54  0  
0.26  0.55  1005  
0.26  0.56  240  
0.26  0.57  0  
0.26  0.58  887  
0.26  0.59  456  
0.26  0.6  1107  
0.26  0.61  1580  
0.26  0.62  0  
0.26  0.63  0  
0.26  0.64  0  
0.26  0.65  0  
0.26  0.66  0  
0.26  0.67  0  
0.26  0.68  0  
0.26  0.69  0  
0.26  0.7  0  
0.26  0.71  0  
0.26  0.72  0  
0.26  0.73  0  
0.26  0.74  0  
0.26  0.75  0  
0.26  0.76  0  
0.26  0.77  0  
0.26  0.78  0  
0.26  0.79  0  
0.26  0.8  0  
0.26  0.81  0  
0.26  0.82  0  
0.26  0.83  0  
0.26  0.84  0  
0.26  0.85  0  
0.26  0.86  0  
0.26  0.87  0  
0.26  0.88  0  
0.26  0.89  0  
0.26  0.9  0  
0.26  0.91  0  
0.26  0.92  0  
0.26  0.93  0  
0.26  0.94  0  
0.26  0.95  0  
0.26  0.96  0  
0.26  0.97  0  
0.26  0.98  0  
0.26  0.99  0  
0.28  0  0  
0.28  0.01  0  
0.28  0.02  0  
0.28  0.03  0  
0.28  0.04  0  
0.28  0.05  0  
0.28  0.06  0  
0.28  0.07  0  
0.28  0.08  0  
0.28  0.09  0  
0.28  0.1  0  
0.28  0.11  0  
0.28  0.12  0  
0.28  0.13  0  
0.28  0.14  0  
0.28  0.15  0  
0.28  0.16  0  
0.28  0.17  0  
0.28  0.18  0  
0.28  0.19  0  
0.28  0.2  0  
0.28  0.21  0  
0.28  0.22  0  
0.28  0.23  0  
0.28  0.24  0  
0.28  0.25  0  
0.28  0.26  0  
0.28  0.27  0  
0.28  0.28  0  
0.28  0.29  0  
0.28  0.3  0  
0.28  0.31  0  
0.28  0.32  0  
0.28  0.33  0  
0.28  0.34  0  
0.28  0.35  0  
0.28  0.36  0  
0.28  0.37  1538  
0.28  0.38  510  
0.28  0.39  0  
0.28  0.4  561  
0.28  0.41  1408  
0.28  0.42  0  
0.28  0.43  0  
0.28  0.44  2012  
0.28  0.45  0  
0.28  0.46  0  
0.28  0.47  0  
0.28  0.48  0  
0.28  0.49  0  
0.28  0.5  0  
0.28  0.51  0  
0.28  0.52  0  
0.28  0.53  1522  
0.28  0.54  140  
0.28  0.55  0  
0.28  0.56  0  
0.28  0.57  0  
0.28  0.58  903  
0.28  0.59  0  
0.28  0.6  2845  
0.28  0.61  0  
0.28  0.62  0  
0.28  0.63  0  
0.28  0.64  0  
0.28  0.65  0  
0.28  0.66  0  
0.28  0.67  0  
0.28  0.68  0  
0.28  0.69  0  
0.28  0.7  0  
0.28  0.71  0  
0.28  0.72  0  
0.28  0.73  0  
0.28  0.74  0  
0.28  0.75  0  
0.28  0.76  0  
0.28  0.77  0  
0.28  0.78  0  
0.28  0.79  0  
0.28  0.8  0  
0.28  0.81  0  
0.28  0.82  0  
0.28  0.83  0  
0.28  0.84  0  
0.28  0.85  0  
0.28  0.86  0  
0.28  0.87  0  
0.28  0.88  0  
0.28  0.89  0  
0.28  0.9  0  
0.28  0.91  0  
0.28  0.92  0  
0.28  0.93  0  
0.28  0.94  0  
0.28  0.95  0  
0.28  0.96  0  
0.28  0.97  0  
0.28  0.98  0  
0.28  0.99  0  
0.3  0  0  
0.3  0.01  0  
0.3  0.02  0  
0.3  0.03  0  
0.3  0.04  0  
0.3  0.05  0  
0.3  0.06  0  
0.3  0.07  0  
0.3  0.08  0  
0.3  0.09  0  
0.3  0.1  0  
0.3  0.11  0  
0.3  0.12  0  
0.3  0.13  0  
0.3  0.14  0  
0.3  0.15  0  
0.3  0.16  0  
0.3  0.17  0  
0.3  0.18  0  
0.3  0.19  0  
0.3  0.2  0  
0.3  0.21  0  
0.3  0.22  0  
0.3  0.23  0  
0.3  0.24  0  
0.3  0.25  0  
0.3  0.26  0  
0.3  0.27  0  
0.3  0.28  0  
0.3  0.29  0  
0.3  0.3  0  
0.3  0.31  0  
0.3  0.32  0  
0.3  0.33  0  
0.3  0.34  0  
0.3  0.35  0  
0.3  0.36  0  
0.3  0.37  2054  
0.3  0.38  0  
0.3  0.39  0  
0.3  0.4  2175  
0.3  0.41  0  
0.3  0.42  454  
0.3  0.43  1411  
0.3  0.44  794  
0.3  0.45  0  
0.3  0.46  0  
0.3  0.47  0  
0.3  0.48  0  
0.3  0.49  0  
0.3  0.5  0  
0.3  0.51  0  
0.3  0.52  0  
0.3  0.53  2215  
0.3  0.54  0  
0.3  0.55  0  
0.3  0.56  0  
0.3  0.57  0  
0.3  0.58  0  
0.3  0.59  0  
0.3  0.6  3325  
0.3  0.61  0  
0.3  0.62  0  
0.3  0.63  0  
0.3  0.64  0  
0.3  0.65  0  
0.3  0.66  0  
0.3  0.67  0  
0.3  0.68  0  
0.3  0.69  0  
0.3  0.7  0  
0.3  0.71  0  
0.3  0.72  0  
0.3  0.73  0  
0.3  0.74  0  
0.3  0.75  0  
0.3  0.76  0  
0.3  0.77  0  
0.3  0.78  0  
0.3  0.79  0  
0.3  0.8  0  
0.3  0.81  0  
0.3  0.82  0  
0.3  0.83  0  
0.3  0.84  0  
0.3  0.85  0  
0.3  0.86  0  
0.3  0.87  0  
0.3  0.88  0  
0.3  0.89  0  
0.3  0.9  0  
0.3  0.91  0  
0.3  0.92  0  
0.3  0.93  0  
0.3  0.94  0  
0.3  0.95  0  
0.3  0.96  0  
0.3  0.97  0  
0.3  0.98  0  
0.3  0.99  0  
0.32  0  0  
0.32  0.01  0  
0.32  0.02  0  
0.32  0.03  0  
0.32  0.04  0  
0.32  0.05  0  
0.32  0.06  0  
0.32  0.07  0  
0.32  0.08  0  
0.32  0.09  0  
0.32  0.1  0  
0.32  0.11  0  
0.32  0.12  0  
0.32  0.13  0  
0.32  0.14  0  
0.32  0.15  0  
0.32  0.16  0  
0.32  0.17  0  
0.32  0.18  0  
0.32  0.19  0  
0.32  0.2  0  
0.32  0.21  0  
0.32  0.22  0  
0.32  0.23  0  
0.32  0.24  0  
0.32  0.25  0  
0.32  0.26  0  
0.32  0.27  0  
0.32  0.28  0  
0.32  0.29  0  
0.32  0.3  0  
0.32  0.31  0  
0.32  0.32  0  
0.32  0.33  0  
0.32  0.34  0  
0.32  0.35  0  
0.32  0.36  0  
0.32  0.37  1264  
0.32  0.38  0  
0.32  0.39  0  
0.32  0.4  1319  
0.32  0.41  0  
0.32  0.42  0  
0.32  0.43  1464  
0.32  0.44  0  
0.32  0.45  0  
0.32  0.46  0  
0.32  0.47  0  
0.32  0.48  0  
0.32  0.49  0  
0.32  0.5  0  
0.32  0.51  2083  
0.32  0.52  0  
0.32  0.53  1019  
0.32  0.54  224  
0.32  0.55  0  
0.32  0.56  447  
0.32  0.57  0  
0.32  0.58  0  
0.32  0.59  0  
0.32  0.6  309  
0.32  0.61  0  
0.32  0.62  0  
0.32  0.63  0  
0.32  0.64  0  
0.32  0.65  0  
0.32  0.66  0  
0.32  0.67  0  
0.32  0.68  0  
0.32  0.69  0  
0.32  0.7  0  
0.32  0.71  0  
0.32  0.72  0  
0.32  0.73  0  
0.32  0.74  0  
0.32  0.75  0  
0.32  0.76  0  
0.32  0.77  0  
0.32  0.78  0  
0.32  0.79  0  
0.32  0.8  0  
0.32  0.81  0  
0.32  0.82  0  
0.32  0.83  0  
0.32  0.84  0  
0.32  0.85  0  
0.32  0.86  0  
0.32  0.87  0  
0.32  0.88  0  
0.32  0.89  0  
0.32  0.9  0  
0.32  0.91  0  
0.32  0.92  0  
0.32  0.93  0  
0.32  0.94  0  
0.32  0.95  0  
0.32  0.96  0  
0.32  0.97  0  
0.32  0.98  0  
0.32  0.99  0  
0.34  0  0  
0.34  0.01  0  
0.34  0.02  0  
0.34  0.03  0  
0.34  0.04  0  
0.34  0.05  0  
0.34  0.06  0  
0.34  0.07  0  
0.34  0.08  0  
0.34  0.09  0  
0.34  0.1  0  
0.34  0.11  0  
0.34  0.12  0  
0.34  0.13  0  
0.34  0.14  0  
0.34  0.15  0  
0.34  0.16  0  
0.34  0.17  0  
0.34  0.18  0  
0.34  0.19  0  
0.34  0.2  0  
0.34  0.21  0  
0.34  0.22  0  
0.34  0.23  0  
0.34  0.24  0  
0.34  0.25  0  
0.34  0.26  0  
0.34  0.27  0  
0.34  0.28  0  
0.34  0.29  0  
0.34  0.3  0  
0.34  0.31  0  
0.34  0.32  0  
0.34  0.33  0  
0.34  0.34  0  
0.34  0.35  0  
0.34  0.36  0  
0.34  0.37  1177  
0.34  0.38  0  
0.34  0.39  0  
0.34  0.4  1398  
0.34  0.41  146  
0.34  0.42  784  
0.34  0.43  770  
0.34  0.44  0  
0.34  0.45  112  
0.34  0.46  0  
0.34  0.47  0  
0.34  0.48  0  
0.34  0.49  0  
0.34  0.5  0  
0.34  0.51  2080  
0.34  0.52  0  
0.34  0.53  0  
0.34  0.54  0  
0.34  0.55  1566  
0.34  0.56  375  
0.34  0.57  0  
0.34  0.58  0  
0.34  0.59  0  
0.34  0.6  0  
0.34  0.61  0  
0.34  0.62  0  
0.34  0.63  0  
0.34  0.64  0  
0.34  0.65  0  
0.34  0.66  0  
0.34  0.67  0  
0.34  0.68  0  
0.34  0.69  0  
0.34  0.7  0  
0.34  0.71  0  
0.34  0.72  0  
0.34  0.73  0  
0.34  0.74  0  
0.34  0.75  0  
0.34  0.76  0  
0.34  0.77  0  
0.34  0.78  0  
0.34  0.79  0  
0.34  0.8  0  
0.34  0.81  0  
0.34  0.82  0  
0.34  0.83  0  
0.34  0.84  0  
0.34  0.85  0  
0.34  0.86  0  
0.34  0.87  0  
0.34  0.88  0  
0.34  0.89  0  
0.34  0.9  0  
0.34  0.91  0  
0.34  0.92  0  
0.34  0.93  0  
0.34  0.94  0  
0.34  0.95  0  
0.34  0.96  0  
0.34  0.97  0  
0.34  0.98  0  
0.34  0.99  0  
0.36  0  0  
0.36  0.01  0  
0.36  0.02  0  
0.36  0.03  0  
0.36  0.04  0  
0.36  0.05  0  
0.36  0.06  0  
0.36  0.07  0  
0.36  0.08  0  
0.36  0.09  0  
0.36  0.1  0  
0.36  0.11  0  
0.36  0.12  0  
0.36  0.13  0  
0.36  0.14  0  
0.36  0.15  0  
0.36  0.16  0  
0.36  0.17  0  
0.36  0.18  0  
0.36  0.19  0  
0.36  0.2  0  
0.36  0.21  0  
0.36  0.22  0  
0.36  0.23  0  
0.36  0.24  0  
0.36  0.25  0  
0.36  0.26  0  
0.36  0.27  0  
0.36  0.28  0  
0.36  0.29  0  
0.36  0.3  0  
0.36  0.31  0  
0.36  0.32  0  
0.36  0.33  0  
0.36  0.34  0  
0.36  0.35  0  
0.36  0.36  0  
0.36  0.37  1144  
0.36  0.38  0  
0.36  0.39  0  
0.36  0.4  0  
0.36  0.41  0  
0.36  0.42  1551  
0.36  0.43  0  
0.36  0.44  0  
0.36  0.45  1600  
0.36  0.46  0  
0.36  0.47  0  
0.36  0.48  0  
0.36  0.49  0  
0.36  0.5  385  
0.36  0.51  2081  
0.36  0.52  0  
0.36  0.53  0  
0.36  0.54  487  
0.36  0.55  1269  
0.36  0.56  0  
0.36  0.57  0  
0.36  0.58  0  
0.36  0.59  0  
0.36  0.6  0  
0.36  0.61  0  
0.36  0.62  0  
0.36  0.63  0  
0.36  0.64  0  
0.36  0.65  0  
0.36  0.66  0  
0.36  0.67  0  
0.36  0.68  0  
0.36  0.69  0  
0.36  0.7  0  
0.36  0.71  0  
0.36  0.72  0  
0.36  0.73  0  
0.36  0.74  0  
0.36  0.75  0  
0.36  0.76  0  
0.36  0.77  0  
0.36  0.78  0  
0.36  0.79  0  
0.36  0.8  0  
0.36  0.81  0  
0.36  0.82  0  
0.36  0.83  0  
0.36  0.84  0  
0.36  0.85  0  
0.36  0.86  0  
0.36  0.87  0  
0.36  0.88  0  
0.36  0.89  0  
0.36  0.9  0  
0.36  0.91  0  
0.36  0.92  0  
0.36  0.93  0  
0.36  0.94  0  
0.36  0.95  0  
0.36  0.96  0  
0.36  0.97  0  
0.36  0.98  0  
0.36  0.99  0  
0.38  0  0  
0.38  0.01  0  
0.38  0.02  0  
0.38  0.03  0  
0.38  0.04  0  
0.38  0.05  0  
0.38  0.06  0  
0.38  0.07  0  
0.38  0.08  0  
0.38  0.09  0  
0.38  0.1  0  
0.38  0.11  0  
0.38  0.12  0  
0.38  0.13  0  
0.38  0.14  0  
0.38  0.15  0  
0.38  0.16  0  
0.38  0.17  0  
0.38  0.18  0  
0.38  0.19  0  
0.38  0.2  0  
0.38  0.21  0  
0.38  0.22  0  
0.38  0.23  0  
0.38  0.24  0  
0.38  0.25  0  
0.38  0.26  0  
0.38  0.27  0  
0.38  0.28  0  
0.38  0.29  0  
0.38  0.3  0  
0.38  0.31  0  
0.38  0.32  0  
0.38  0.33  0  
0.38  0.34  0  
0.38  0.35  0  
0.38  0.36  0  
0.38  0.37  1975  
0.38  0.38  0  
0.38  0.39  0  
0.38  0.4  0  
0.38  0.41  0  
0.38  0.42  872  
0.38  0.43  205  
0.38  0.44  541  
0.38  0.45  4634  
0.38  0.46  283  
0.38  0.47  0  
0.38  0.48  0  
0.38  0.49  0  
0.38  0.5  2243  
0.38  0.51  347  
0.38  0.52  0  
0.38  0.53  0  
0.38  0.54  0  
0.38  0.55  0  
0.38  0.56  0  
0.38  0.57  0  
0.38  0.58  0  
0.38  0.59  0  
0.38  0.6  0  
0.38  0.61  0  
0.38  0.62  0  
0.38  0.63  0  
0.38  0.64  0  
0.38  0.65  0  
0.38  0.66  0  
0.38  0.67  0  
0.38  0.68  0  
0.38  0.69  0  
0.38  0.7  0  
0.38  0.71  0  
0.38  0.72  0  
0.38  0.73  0  
0.38  0.74  0  
0.38  0.75  0  
0.38  0.76  0  
0.38  0.77  0  
0.38  0.78  0  
0.38  0.79  0  
0.38  0.8  0  
0.38  0.81  0  
0.38  0.82  0  
0.38  0.83  0  
0.38  0.84  0  
0.38  0.85  0  
0.38  0.86  0  
0.38  0.87  0  
0.38  0.88  0  
0.38  0.89  0  
0.38  0.9  0  
0.38  0.91  0  
0.38  0.92  0  
0.38  0.93  0  
0.38  0.94  0  
0.38  0.95  0  
0.38  0.96  0  
0.38  0.97  0  
0.38  0.98  0  
0.38  0.99  0  
0.4  0  0  
0.4  0.01  0  
0.4  0.02  0  
0.4  0.03  0  
0.4  0.04  0  
0.4  0.05  0  
0.4  0.06  0  
0.4  0.07  0  
0.4  0.08  0  
0.4  0.09  0  
0.4  0.1  0  
0.4  0.11  0  
0.4  0.12  0  
0.4  0.13  0  
0.4  0.14  0  
0.4  0.15  0  
0.4  0.16  0  
0.4  0.17  0  
0.4  0.18  0  
0.4  0.19  0  
0.4  0.2  0  
0.4  0.21  0  
0.4  0.22  0  
0.4  0.23  0  
0.4  0.24  0  
0.4  0.25  0  
0.4  0.26  0  
0.4  0.27  0  
0.4  0.28  0  
0.4  0.29  0  
0.4  0.3  0  
0.4  0.31  0  
0.4  0.32  0  
0.4  0.33  0  
0.4  0.34  0  
0.4  0.35  0  
0.4  0.36  0  
0.4  0.37  1633  
0.4  0.38  0  
0.4  0.39  0  
0.4  0.4  0  
0.4  0.41  0  
0.4  0.42  0  
0.4  0.43  1606  
0.4  0.44  263  
0.4  0.45  4487  
0.4  0.46  697  
0.4  0.47  0  
0.4  0.48  0  
0.4  0.49  257  
0.4  0.5  1748  
0.4  0.51  0  
0.4  0.52  0  
0.4  0.53  0  
0.4  0.54  0  
0.4  0.55  0  
0.4  0.56  0  
0.4  0.57  0  
0.4  0.58  0  
0.4  0.59  0  
0.4  0.6  0  
0.4  0.61  0  
0.4  0.62  0  
0.4  0.63  0  
0.4  0.64  0  
0.4  0.65  0  
0.4  0.66  0  
0.4  0.67  0  
0.4  0.68  0  
0.4  0.69  0  
0.4  0.7  0  
0.4  0.71  0  
0.4  0.72  0  
0.4  0.73  0  
0.4  0.74  0  
0.4  0.75  0  
0.4  0.76  0  
0.4  0.77  0  
0.4  0.78  0  
0.4  0.79  0  
0.4  0.8  0  
0.4  0.81  0  
0.4  0.82  0  
0.4  0.83  0  
0.4  0.84  0  
0.4  0.85  0  
0.4  0.86  0  
0.4  0.87  0  
0.4  0.88  0  
0.4  0.89  0  
0.4  0.9  0  
0.4  0.91  0  
0.4  0.92  0  
0.4  0.93  0  
0.4  0.94  0  
0.4  0.95  0  
0.4  0.96  0  
0.4  0.97  0  
0.4  0.98  0  
0.4  0.99  0  
0.42  0  0  
0.42  0.01  0  
0.42  0.02  0  
0.42  0.03  0  
0.42  0.04  0  
0.42  0.05  0  
0.42  0.06  0  
0.42  0.07  0  
0.42  0.08  0  
0.42  0.09  0  
0.42  0.1  0  
0.42  0.11  0  
0.42  0.12  0  
0.42  0.13  0  
0.42  0.14  0  
0.42  0.15  0  
0.42  0.16  0  
0.42  0.17  0  
0.42  0.18  0  
0.42  0.19  0  
0.42  0.2  0  
0.42  0.21  0  
0.42  0.22  0  
0.42  0.23  0  
0.42  0.24  0  
0.42  0.25  0  
0.42  0.26  0  
0.42  0.27  0  
0.42  0.28  0  
0.42  0.29  0  
0.42  0.3  0  
0.42  0.31  0  
0.42  0.32  0  
0.42  0.33  0  
0.42  0.34  0  
0.42  0.35  0  
0.42  0.36  0  
0.42  0.37  1200  
0.42  0.38  0  
0.42  0.39  0  
0.42  0.4  0  
0.42  0.41  1856  
0.42  0.42  0  
0.42  0.43  310  
0.42  0.44  392  
0.42  0.45  1464  
0.42  0.46  1501  
0.42  0.47  419  
0.42  0.48  0  
0.42  0.49  526  
0.42  0.5  0  
0.42  0.51  0  
0.42  0.52  0  
0.42  0.53  0  
0.42  0.54  0  
0.42  0.55  0  
0.42  0.56  0  
0.42  0.57  0  
0.42  0.58  0  
0.42  0.59  0  
0.42  0.6  0  
0.42  0.61  0  
0.42  0.62  0  
0.42  0.63  0  
0.42  0.64  0  
0.42  0.65  0  
0.42  0.66  0  
0.42  0.67  0  
0.42  0.68  0  
0.42  0.69  0  
0.42  0.7  0  
0.42  0.71  0  
0.42  0.72  0  
0.42  0.73  0  
0.42  0.74  0  
0.42  0.75  0  
0.42  0.76  0  
0.42  0.77  0  
0.42  0.78  0  
0.42  0.79  0  
0.42  0.8  0  
0.42  0.81  0  
0.42  0.82  0  
0.42  0.83  0  
0.42  0.84  0  
0.42  0.85  0  
0.42  0.86  0  
0.42  0.87  0  
0.42  0.88  0  
0.42  0.89  0  
0.42  0.9  0  
0.42  0.91  0  
0.42  0.92  0  
0.42  0.93  0  
0.42  0.94  0  
0.42  0.95  0  
0.42  0.96  0  
0.42  0.97  0  
0.42  0.98  0  
0.42  0.99  0  
0.44  0  0  
0.44  0.01  0  
0.44  0.02  0  
0.44  0.03  0  
0.44  0.04  0  
0.44  0.05  0  
0.44  0.06  0  
0.44  0.07  0  
0.44  0.08  0  
0.44  0.09  0  
0.44  0.1  0  
0.44  0.11  0  
0.44  0.12  0  
0.44  0.13  0  
0.44  0.14  0  
0.44  0.15  0  
0.44  0.16  0  
0.44  0.17  0  
0.44  0.18  0  
0.44  0.19  0  
0.44  0.2  0  
0.44  0.21  0  
0.44  0.22  0  
0.44  0.23  0  
0.44  0.24  0  
0.44  0.25  0  
0.44  0.26  0  
0.44  0.27  0  
0.44  0.28  0  
0.44  0.29  0  
0.44  0.3  0  
0.44  0.31  0  
0.44  0.32  0  
0.44  0.33  0  
0.44  0.34  0  
0.44  0.35  0  
0.44  0.36  0  
0.44  0.37  1183  
0.44  0.38  0  
0.44  0.39  0  
0.44  0.4  0  
0.44  0.41  3129  
0.44  0.42  0  
0.44  0.43  0  
0.44  0.44  1234  
0.44  0.45  173  
0.44  0.46  1228  
0.44  0.47  0  
0.44  0.48  0  
0.44  0.49  0  
0.44  0.5  0  
0.44  0.51  0  
0.44  0.52  0  
0.44  0.53  0  
0.44  0.54  0  
0.44  0.55  0  
0.44  0.56  0  
0.44  0.57  0  
0.44  0.58  0  
0.44  0.59  0  
0.44  0.6  0  
0.44  0.61  0  
0.44  0.62  0  
0.44  0.63  0  
0.44  0.64  0  
0.44  0.65  0  
0.44  0.66  0  
0.44  0.67  0  
0.44  0.68  0  
0.44  0.69  0  
0.44  0.7  0  
0.44  0.71  0  
0.44  0.72  0  
0.44  0.73  0  
0.44  0.74  0  
0.44  0.75  0  
0.44  0.76  0  
0.44  0.77  0  
0.44  0.78  0  
0.44  0.79  0  
0.44  0.8  0  
0.44  0.81  0  
0.44  0.82  0  
0.44  0.83  0  
0.44  0.84  0  
0.44  0.85  0  
0.44  0.86  0  
0.44  0.87  0  
0.44  0.88  0  
0.44  0.89  0  
0.44  0.9  0  
0.44  0.91  0  
0.44  0.92  0  
0.44  0.93  0  
0.44  0.94  0  
0.44  0.95  0  
0.44  0.96  0  
0.44  0.97  0  
0.44  0.98  0  
0.44  0.99  0  
0.46  0  0  
0.46  0.01  0  
0.46  0.02  0  
0.46  0.03  0  
0.46  0.04  0  
0.46  0.05  0  
0.46  0.06  0  
0.46  0.07  0  
0.46  0.08  0  
0.46  0.09  0  
0.46  0.1  0  
0.46  0.11  0  
0.46  0.12  0  
0.46  0.13  0  
0.46  0.14  0  
0.46  0.15  0  
0.46  0.16  0  
0.46  0.17  0  
0.46  0.18  0  
0.46  0.19  0  
0.46  0.2  0  
0.46  0.21  0  
0.46  0.22  0  
0.46  0.23  0  
0.46  0.24  0  
0.46  0.25  0  
0.46  0.26  0  
0.46  0.27  0  
0.46  0.28  0  
0.46  0.29  0  
0.46  0.3  0  
0.46  0.31  0  
0.46  0.32  0  
0.46  0.33  0  
0.46  0.34  0  
0.46  0.35  0  
0.46  0.36  0  
0.46  0.37  1364  
0.46  0.38  0  
0.46  0.39  0  
0.46  0.4  360  
0.46  0.41  4218  
0.46  0.42  0  
0.46  0.43  0  
0.46  0.44  1095  
0.46  0.45  0  
0.46  0.46  0  
0.46  0.47  0  
0.46  0.48  0  
0.46  0.49  0  
0.46  0.5  5  
0.46  0.51  0  
0.46  0.52  0  
0.46  0.53  3  
0.46  0.54  2  
0.46  0.55  0  
0.46  0.56  0  
0.46  0.57  0  
0.46  0.58  0  
0.46  0.59  0  
0.46  0.6  0  
0.46  0.61  0  
0.46  0.62  0  
0.46  0.63  0  
0.46  0.64  0  
0.46  0.65  0  
0.46  0.66  0  
0.46  0.67  0  
0.46  0.68  0  
0.46  0.69  0  
0.46  0.7  0  
0.46  0.71  0  
0.46  0.72  0  
0.46  0.73  0  
0.46  0.74  0  
0.46  0.75  0  
0.46  0.76  0  
0.46  0.77  0  
0.46  0.78  0  
0.46  0.79  0  
0.46  0.8  0  
0.46  0.81  0  
0.46  0.82  0  
0.46  0.83  0  
0.46  0.84  0  
0.46  0.85  0  
0.46  0.86  0  
0.46  0.87  0  
0.46  0.88  0  
0.46  0.89  0  
0.46  0.9  0  
0.46  0.91  0  
0.46  0.92  0  
0.46  0.93  0  
0.46  0.94  0  
0.46  0.95  0  
0.46  0.96  0  
0.46  0.97  0  
0.46  0.98  0  
0.46  0.99  0  
0.48  0  0  
0.48  0.01  0  
0.48  0.02  0  
0.48  0.03  0  
0.48  0.04  0  
0.48  0.05  0  
0.48  0.06  0  
0.48  0.07  0  
0.48  0.08  0  
0.48  0.09  0  
0.48  0.1  0  
0.48  0.11  0  
0.48  0.12  0  
0.48  0.13  0  
0.48  0.14  0  
0.48  0.15  0  
0.48  0.16  0  
0.48  0.17  0  
0.48  0.18  0  
0.48  0.19  0  
0.48  0.2  0  
0.48  0.21  0  
0.48  0.22  0  
0.48  0.23  0  
0.48  0.24  0  
0.48  0.25  0  
0.48  0.26  0  
0.48  0.27  0  
0.48  0.28  0  
0.48  0.29  0  
0.48  0.3  0  
0.48  0.31  0  
0.48  0.32  0  
0.48  0.33  0  
0.48  0.34  0  
0.48  0.35  0  
0.48  0.36  89  
0.48  0.37  1290  
0.48  0.38  38  
0.48  0.39  46  
0.48  0.4  2170  
0.48  0.41  3833  
0.48  0.42  87  
0.48  0.43  81  
0.48  0.44  151  
0.48  0.45  214  
0.48  0.46  36  
0.48  0.47  51  
0.48  0.48  45  
0.48  0.49  154  
0.48  0.5  86  
0.48  0.51  24  
0.48  0.52  54  
0.48  0.53  82  
0.48  0.54  64  
0.48  0.55  10  
0.48  0.56  6  
0.48  0.57  22  
0.48  0.58  25  
0.48  0.59  6  
0.48  0.6  33  
0.48  0.61  12  
0.48  0.62  10  
0.48  0.63  35  
0.48  0.64  0  
0.48  0.65  0  
0.48  0.66  0  
0.48  0.67  0  
0.48  0.68  0  
0.48  0.69  0  
0.48  0.7  0  
0.48  0.71  0  
0.48  0.72  0  
0.48  0.73  8  
0.48  0.74  0  
0.48  0.75  0  
0.48  0.76  0  
0.48  0.77  0  
0.48  0.78  0  
0.48  0.79  0  
0.48  0.8  0  
0.48  0.81  0  
0.48  0.82  3  
0.48  0.83  0  
0.48  0.84  0  
0.48  0.85  0  
0.48  0.86  0  
0.48  0.87  0  
0.48  0.88  0  
0.48  0.89  0  
0.48  0.9  0  
0.48  0.91  0  
0.48  0.92  0  
0.48  0.93  0  
0.48  0.94  0  
0.48  0.95  0  
0.48  0.96  0  
0.48  0.97  0  
0.48  0.98  0  
0.48  0.99  0  
