10 1002 -12 -2 565  0  234169
-12  3  
-11.99  3  
-11.98  5  
-11.97  4  
-11.96  2  
-11.95  3  
-11.94  6  
-11.93  5  
-11.92  5  
-11.91  7  
-11.9  2  
-11.89  6  
-11.88  5  
-11.87  9  
-11.86  4  
-11.85  3  
-11.84  4  
-11.83  6  
-11.82  2  
-11.81  4  
-11.8  7  
-11.79  4  
-11.78  3  
-11.77  8  
-11.76  4  
-11.75  9  
-11.74  4  
-11.73  5  
-11.72  8  
-11.71  8  
-11.7  5  
-11.69  10  
-11.68  9  
-11.67  6  
-11.66  2  
-11.65  5  
-11.64  10  
-11.63  7  
-11.62  8  
-11.61  6  
-11.6  7  
-11.59  11  
-11.58  6  
-11.57  5  
-11.56  5  
-11.55  3  
-11.54  5  
-11.53  8  
-11.52  5  
-11.51  6  
-11.5  7  
-11.49  13  
-11.48  6  
-11.47  5  
-11.46  10  
-11.45  8  
-11.44  8  
-11.43  13  
-11.42  5  
-11.41  12  
-11.4  11  
-11.39  8  
-11.38  7  
-11.37  8  
-11.36  9  
-11.35  10  
-11.34  13  
-11.33  7  
-11.32  5  
-11.31  8  
-11.3  13  
-11.29  12  
-11.28  11  
-11.27  15  
-11.26  10  
-11.25  15  
-11.24  11  
-11.23  3  
-11.22  18  
-11.21  7  
-11.2  19  
-11.19  10  
-11.18  12  
-11.17  13  
-11.16  11  
-11.15  8  
-11.14  10  
-11.13  11  
-11.12  14  
-11.11  14  
-11.1  14  
-11.09  14  
-11.08  14  
-11.07  16  
-11.06  21  
-11.05  10  
-11.04  12  
-11.03  15  
-11.02  16  
-11.01  13  
-11  18  
-10.99  26  
-10.98  18  
-10.97  8  
-10.96  12  
-10.95  12  
-10.94  30  
-10.93  18  
-10.92  16  
-10.91  18  
-10.9  18  
-10.89  23  
-10.88  26  
-10.87  23  
-10.86  22  
-10.85  17  
-10.84  28  
-10.83  25  
-10.82  17  
-10.81  27  
-10.8  31  
-10.79  25  
-10.78  25  
-10.77  28  
-10.76  28  
-10.75  29  
-10.74  29  
-10.73  33  
-10.72  31  
-10.71  24  
-10.7  30  
-10.69  28  
-10.68  32  
-10.67  30  
-10.66  36  
-10.65  32  
-10.64  30  
-10.63  32  
-10.62  26  
-10.61  31  
-10.6  27  
-10.59  25  
-10.58  34  
-10.57  29  
-10.56  29  
-10.55  26  
-10.54  36  
-10.53  23  
-10.52  40  
-10.51  35  
-10.5  27  
-10.49  32  
-10.48  35  
-10.47  41  
-10.46  56  
-10.45  27  
-10.44  43  
-10.43  44  
-10.42  42  
-10.41  41  
-10.4  43  
-10.39  47  
-10.38  53  
-10.37  42  
-10.36  51  
-10.35  38  
-10.34  50  
-10.33  46  
-10.32  37  
-10.31  59  
-10.3  47  
-10.29  59  
-10.28  59  
-10.27  56  
-10.26  58  
-10.25  48  
-10.24  56  
-10.23  62  
-10.22  48  
-10.21  72  
-10.2  59  
-10.19  63  
-10.18  68  
-10.17  70  
-10.16  76  
-10.15  56  
-10.14  68  
-10.13  74  
-10.12  65  
-10.11  62  
-10.1  75  
-10.09  81  
-10.08  66  
-10.07  65  
-10.06  78  
-10.05  66  
-10.04  85  
-10.03  65  
-10.02  76  
-10.01  88  
-10  96  
-9.99  78  
-9.98  82  
-9.97  71  
-9.96  92  
-9.95  100  
-9.94  87  
-9.93  82  
-9.92  68  
-9.91  91  
-9.9  93  
-9.89  88  
-9.88  106  
-9.87  91  
-9.86  98  
-9.85  98  
-9.84  91  
-9.83  108  
-9.82  97  
-9.81  106  
-9.8  102  
-9.79  87  
-9.78  105  
-9.77  118  
-9.76  122  
-9.75  109  
-9.74  111  
-9.73  131  
-9.72  128  
-9.71  117  
-9.7  106  
-9.69  113  
-9.68  133  
-9.67  139  
-9.66  135  
-9.65  148  
-9.64  128  
-9.63  135  
-9.62  110  
-9.61  115  
-9.6  147  
-9.59  164  
-9.58  132  
-9.57  164  
-9.56  145  
-9.55  163  
-9.54  130  
-9.53  144  
-9.52  162  
-9.51  157  
-9.5  143  
-9.49  151  
-9.48  143  
-9.47  176  
-9.46  173  
-9.45  198  
-9.44  185  
-9.43  148  
-9.42  171  
-9.41  179  
-9.4  159  
-9.39  150  
-9.38  186  
-9.37  169  
-9.36  193  
-9.35  167  
-9.34  196  
-9.33  224  
-9.32  216  
-9.31  193  
-9.3  181  
-9.29  203  
-9.28  201  
-9.27  206  
-9.26  215  
-9.25  217  
-9.24  217  
-9.23  202  
-9.22  229  
-9.21  228  
-9.2  190  
-9.19  216  
-9.18  234  
-9.17  229  
-9.16  228  
-9.15  212  
-9.14  203  
-9.13  230  
-9.12  229  
-9.11  237  
-9.1  245  
-9.09  234  
-9.08  235  
-9.07  240  
-9.06  255  
-9.05  251  
-9.04  231  
-9.03  238  
-9.02  236  
-9.01  258  
-9  265  
-8.99  249  
-8.98  278  
-8.97  280  
-8.96  279  
-8.95  284  
-8.94  287  
-8.93  275  
-8.92  265  
-8.91  281  
-8.9  288  
-8.89  268  
-8.88  271  
-8.87  242  
-8.86  296  
-8.85  309  
-8.84  300  
-8.83  289  
-8.82  297  
-8.81  271  
-8.8  309  
-8.79  310  
-8.78  297  
-8.77  304  
-8.76  298  
-8.75  331  
-8.74  327  
-8.73  302  
-8.72  329  
-8.71  312  
-8.7  298  
-8.69  326  
-8.68  307  
-8.67  338  
-8.66  325  
-8.65  318  
-8.64  329  
-8.63  322  
-8.62  348  
-8.61  327  
-8.6  317  
-8.59  334  
-8.58  330  
-8.57  334  
-8.56  339  
-8.55  347  
-8.54  344  
-8.53  382  
-8.52  367  
-8.51  374  
-8.5  336  
-8.49  378  
-8.48  340  
-8.47  350  
-8.46  300  
-8.45  368  
-8.44  350  
-8.43  343  
-8.42  356  
-8.41  394  
-8.4  339  
-8.39  357  
-8.38  371  
-8.37  382  
-8.36  354  
-8.35  359  
-8.34  344  
-8.33  372  
-8.32  392  
-8.31  390  
-8.3  353  
-8.29  339  
-8.28  383  
-8.27  361  
-8.26  347  
-8.25  347  
-8.24  369  
-8.23  322  
-8.22  350  
-8.21  360  
-8.2  334  
-8.19  369  
-8.18  338  
-8.17  331  
-8.16  349  
-8.15  366  
-8.14  357  
-8.13  374  
-8.12  345  
-8.11  350  
-8.1  367  
-8.09  364  
-8.08  352  
-8.07  360  
-8.06  323  
-8.05  361  
-8.04  334  
-8.03  317  
-8.02  326  
-8.01  328  
-8  315  
-7.99  341  
-7.98  318  
-7.97  348  
-7.96  334  
-7.95  320  
-7.94  336  
-7.93  292  
-7.92  312  
-7.91  340  
-7.9  277  
-7.89  286  
-7.88  327  
-7.87  364  
-7.86  357  
-7.85  322  
-7.84  315  
-7.83  283  
-7.82  298  
-7.81  319  
-7.8  314  
-7.79  286  
-7.78  259  
-7.77  294  
-7.76  265  
-7.75  269  
-7.74  271  
-7.73  287  
-7.72  275  
-7.71  251  
-7.7  243  
-7.69  246  
-7.68  258  
-7.67  264  
-7.66  281  
-7.65  255  
-7.64  237  
-7.63  271  
-7.62  271  
-7.61  245  
-7.6  286  
-7.59  250  
-7.58  220  
-7.57  236  
-7.56  239  
-7.55  243  
-7.54  211  
-7.53  225  
-7.52  222  
-7.51  245  
-7.5  234  
-7.49  206  
-7.48  227  
-7.47  210  
-7.46  204  
-7.45  199  
-7.44  196  
-7.43  190  
-7.42  179  
-7.41  204  
-7.4  184  
-7.39  191  
-7.38  162  
-7.37  199  
-7.36  163  
-7.35  173  
-7.34  156  
-7.33  170  
-7.32  173  
-7.31  168  
-7.3  154  
-7.29  163  
-7.28  167  
-7.27  170  
-7.26  161  
-7.25  139  
-7.24  136  
-7.23  154  
-7.22  140  
-7.21  147  
-7.2  140  
-7.19  161  
-7.18  140  
-7.17  126  
-7.16  152  
-7.15  123  
-7.14  136  
-7.13  138  
-7.12  116  
-7.11  119  
-7.1  117  
-7.09  117  
-7.08  120  
-7.07  132  
-7.06  127  
-7.05  115  
-7.04  110  
-7.03  106  
-7.02  97  
-7.01  93  
-7  96  
-6.99  100  
-6.98  88  
-6.97  89  
-6.96  84  
-6.95  83  
-6.94  83  
-6.93  89  
-6.92  80  
-6.91  99  
-6.9  91  
-6.89  69  
-6.88  72  
-6.87  76  
-6.86  97  
-6.85  78  
-6.84  64  
-6.83  83  
-6.82  84  
-6.81  67  
-6.8  71  
-6.79  62  
-6.78  73  
-6.77  53  
-6.76  53  
-6.75  71  
-6.74  63  
-6.73  54  
-6.72  39  
-6.71  38  
-6.7  46  
-6.69  38  
-6.68  48  
-6.67  42  
-6.66  40  
-6.65  42  
-6.64  40  
-6.63  38  
-6.62  30  
-6.61  48  
-6.6  32  
-6.59  32  
-6.58  30  
-6.57  35  
-6.56  24  
-6.55  31  
-6.54  28  
-6.53  27  
-6.52  23  
-6.51  30  
-6.5  22  
-6.49  19  
-6.48  26  
-6.47  22  
-6.46  29  
-6.45  27  
-6.44  19  
-6.43  26  
-6.42  19  
-6.41  13  
-6.4  16  
-6.39  13  
-6.38  14  
-6.37  14  
-6.36  18  
-6.35  12  
-6.34  15  
-6.33  6  
-6.32  9  
-6.31  10  
-6.3  13  
-6.29  7  
-6.28  11  
-6.27  14  
-6.26  12  
-6.25  9  
-6.24  7  
-6.23  6  
-6.22  7  
-6.21  7  
-6.2  5  
-6.19  11  
-6.18  6  
-6.17  7  
-6.16  6  
-6.15  6  
-6.14  4  
-6.13  5  
-6.12  7  
-6.11  2  
-6.1  4  
-6.09  4  
-6.08  2  
-6.07  4  
-6.06  2  
-6.05  6  
-6.04  7  
-6.03  1  
-6.02  7  
-6.01  3  
-6  2  
-5.99  1  
-5.98  4  
-5.97  3  
-5.96  1  
-5.95  2  
-5.94  0  
-5.93  0  
-5.92  1  
-5.91  1  
-5.9  1  
-5.89  2  
-5.88  1  
-5.87  3  
-5.86  2  
-5.85  0  
-5.84  1  
-5.83  2  
-5.82  0  
-5.81  1  
-5.8  1  
-5.79  0  
-5.78  0  
-5.77  0  
-5.76  3  
-5.75  0  
-5.74  1  
-5.73  1  
-5.72  1  
-5.71  1  
-5.7  0  
-5.69  1  
-5.68  0  
-5.67  0  
-5.66  0  
-5.65  0  
-5.64  0  
-5.63  0  
-5.62  0  
-5.61  0  
-5.6  0  
-5.59  0  
-5.58  0  
-5.57  0  
-5.56  0  
-5.55  0  
-5.54  0  
-5.53  0  
-5.52  0  
-5.51  0  
-5.5  0  
-5.49  0  
-5.48  0  
-5.47  0  
-5.46  0  
-5.45  1  
-5.44  0  
-5.43  0  
-5.42  0  
-5.41  0  
-5.4  0  
-5.39  0  
-5.38  0  
-5.37  0  
-5.36  0  
-5.35  0  
-5.34  0  
-5.33  0  
-5.32  0  
-5.31  0  
-5.3  0  
-5.29  0  
-5.28  0  
-5.27  0  
-5.26  0  
-5.25  0  
-5.24  0  
-5.23  0  
-5.22  0  
-5.21  0  
-5.2  0  
-5.19  0  
-5.18  0  
-5.17  0  
-5.16  0  
-5.15  0  
-5.14  0  
-5.13  0  
-5.12  0  
-5.11  0  
-5.1  0  
-5.09  0  
-5.08  0  
-5.07  0  
-5.06  0  
-5.05  0  
-5.04  0  
-5.03  0  
-5.02  0  
-5.01  0  
-5  0  
-4.99  0  
-4.98  0  
-4.97  0  
-4.96  0  
-4.95  0  
-4.94  0  
-4.93  0  
-4.92  0  
-4.91  0  
-4.9  0  
-4.89  0  
-4.88  0  
-4.87  0  
-4.86  0  
-4.85  0  
-4.84  0  
-4.83  0  
-4.82  0  
-4.81  0  
-4.8  0  
-4.79  0  
-4.78  0  
-4.77  0  
-4.76  0  
-4.75  0  
-4.74  0  
-4.73  0  
-4.72  0  
-4.71  0  
-4.7  0  
-4.69  0  
-4.68  0  
-4.67  0  
-4.66  0  
-4.65  0  
-4.64  0  
-4.63  0  
-4.62  0  
-4.61  0  
-4.6  0  
-4.59  0  
-4.58  0  
-4.57  0  
-4.56  0  
-4.55  0  
-4.54  0  
-4.53  0  
-4.52  0  
-4.51  0  
-4.5  0  
-4.49  0  
-4.48  0  
-4.47  0  
-4.46  0  
-4.45  0  
-4.44  0  
-4.43  0  
-4.42  0  
-4.41  0  
-4.4  0  
-4.39  0  
-4.38  0  
-4.37  0  
-4.36  0  
-4.35  0  
-4.34  0  
-4.33  0  
-4.32  0  
-4.31  0  
-4.3  0  
-4.29  0  
-4.28  0  
-4.27  0  
-4.26  0  
-4.25  0  
-4.24  0  
-4.23  0  
-4.22  0  
-4.21  0  
-4.2  0  
-4.19  0  
-4.18  0  
-4.17  0  
-4.16  0  
-4.15  0  
-4.14  0  
-4.13  0  
-4.12  0  
-4.11  0  
-4.1  0  
-4.09  0  
-4.08  0  
-4.07  0  
-4.06  0  
-4.05  0  
-4.04  0  
-4.03  0  
-4.02  0  
-4.01  0  
-4  0  
-3.99  0  
-3.98  0  
-3.97  0  
-3.96  0  
-3.95  0  
-3.94  0  
-3.93  0  
-3.92  0  
-3.91  0  
-3.9  0  
-3.89  0  
-3.88  0  
-3.87  0  
-3.86  0  
-3.85  0  
-3.84  0  
-3.83  0  
-3.82  0  
-3.81  0  
-3.8  0  
-3.79  0  
-3.78  0  
-3.77  0  
-3.76  0  
-3.75  0  
-3.74  0  
-3.73  0  
-3.72  0  
-3.71  0  
-3.7  0  
-3.69  0  
-3.68  0  
-3.67  0  
-3.66  0  
-3.65  0  
-3.64  0  
-3.63  0  
-3.62  0  
-3.61  0  
-3.6  0  
-3.59  0  
-3.58  0  
-3.57  0  
-3.56  0  
-3.55  0  
-3.54  0  
-3.53  0  
-3.52  0  
-3.51  0  
-3.5  0  
-3.49  0  
-3.48  0  
-3.47  0  
-3.46  0  
-3.45  0  
-3.44  0  
-3.43  0  
-3.42  0  
-3.41  0  
-3.4  0  
-3.39  0  
-3.38  0  
-3.37  0  
-3.36  0  
-3.35  0  
-3.34  0  
-3.33  0  
-3.32  0  
-3.31  0  
-3.3  0  
-3.29  0  
-3.28  0  
-3.27  0  
-3.26  0  
-3.25  0  
-3.24  0  
-3.23  0  
-3.22  0  
-3.21  0  
-3.2  0  
-3.19  0  
-3.18  0  
-3.17  0  
-3.16  0  
-3.15  0  
-3.14  0  
-3.13  0  
-3.12  0  
-3.11  0  
-3.1  0  
-3.09  0  
-3.08  0  
-3.07  0  
-3.06  0  
-3.05  0  
-3.04  0  
-3.03  0  
-3.02  0  
-3.01  0  
-3  0  
-2.99  0  
-2.98  0  
-2.97  0  
-2.96  0  
-2.95  0  
-2.94  0  
-2.93  0  
-2.92  0  
-2.91  0  
-2.9  0  
-2.89  0  
-2.88  0  
-2.87  0  
-2.86  0  
-2.85  0  
-2.84  0  
-2.83  0  
-2.82  0  
-2.81  0  
-2.8  0  
-2.79  0  
-2.78  0  
-2.77  0  
-2.76  0  
-2.75  0  
-2.74  0  
-2.73  0  
-2.72  0  
-2.71  0  
-2.7  0  
-2.69  0  
-2.68  0  
-2.67  0  
-2.66  0  
-2.65  0  
-2.64  0  
-2.63  0  
-2.62  0  
-2.61  0  
-2.6  0  
-2.59  0  
-2.58  0  
-2.57  0  
-2.56  0  
-2.55  0  
-2.54  0  
-2.53  0  
-2.52  0  
-2.51  0  
-2.5  0  
-2.49  0  
-2.48  0  
-2.47  0  
-2.46  0  
-2.45  0  
-2.44  0  
-2.43  0  
-2.42  0  
-2.41  0  
-2.4  0  
-2.39  0  
-2.38  0  
-2.37  0  
-2.36  0  
-2.35  0  
-2.34  0  
-2.33  0  
-2.32  0  
-2.31  0  
-2.3  0  
-2.29  0  
-2.28  0  
-2.27  0  
-2.26  0  
-2.25  0  
-2.24  0  
-2.23  0  
-2.22  0  
-2.21  0  
-2.2  0  
-2.19  0  
-2.18  0  
-2.17  0  
-2.16  0  
-2.15  0  
-2.14  0  
-2.13  0  
-2.12  0  
-2.11  0  
-2.1  0  
-2.09  0  
-2.08  0  
-2.07  0  
-2.06  0  
-2.05  0  
-2.04  0  
-2.03  0  
-2.02  0  
-2.01  0  
-2  0  
