10 1002 -13 -3 6517  0  234169
-13  25  
-12.99  19  
-12.98  26  
-12.97  21  
-12.96  18  
-12.95  20  
-12.94  26  
-12.93  15  
-12.92  18  
-12.91  27  
-12.9  20  
-12.89  18  
-12.88  16  
-12.87  29  
-12.86  31  
-12.85  24  
-12.84  26  
-12.83  18  
-12.82  24  
-12.81  18  
-12.8  18  
-12.79  21  
-12.78  25  
-12.77  33  
-12.76  25  
-12.75  30  
-12.74  26  
-12.73  23  
-12.72  26  
-12.71  20  
-12.7  31  
-12.69  25  
-12.68  27  
-12.67  24  
-12.66  26  
-12.65  20  
-12.64  22  
-12.63  21  
-12.62  28  
-12.61  20  
-12.6  30  
-12.59  30  
-12.58  25  
-12.57  17  
-12.56  31  
-12.55  19  
-12.54  21  
-12.53  25  
-12.52  22  
-12.51  31  
-12.5  24  
-12.49  27  
-12.48  31  
-12.47  31  
-12.46  26  
-12.45  25  
-12.44  34  
-12.43  29  
-12.42  22  
-12.41  29  
-12.4  28  
-12.39  27  
-12.38  29  
-12.37  19  
-12.36  21  
-12.35  36  
-12.34  16  
-12.33  39  
-12.32  28  
-12.31  28  
-12.3  32  
-12.29  36  
-12.28  21  
-12.27  36  
-12.26  18  
-12.25  29  
-12.24  29  
-12.23  36  
-12.22  27  
-12.21  36  
-12.2  26  
-12.19  27  
-12.18  23  
-12.17  30  
-12.16  38  
-12.15  31  
-12.14  22  
-12.13  23  
-12.12  34  
-12.11  32  
-12.1  23  
-12.09  26  
-12.08  38  
-12.07  39  
-12.06  35  
-12.05  40  
-12.04  34  
-12.03  33  
-12.02  27  
-12.01  35  
-12  24  
-11.99  31  
-11.98  35  
-11.97  28  
-11.96  42  
-11.95  39  
-11.94  36  
-11.93  25  
-11.92  38  
-11.91  34  
-11.9  30  
-11.89  44  
-11.88  34  
-11.87  36  
-11.86  42  
-11.85  36  
-11.84  29  
-11.83  27  
-11.82  37  
-11.81  34  
-11.8  32  
-11.79  31  
-11.78  40  
-11.77  26  
-11.76  28  
-11.75  37  
-11.74  40  
-11.73  38  
-11.72  35  
-11.71  39  
-11.7  45  
-11.69  39  
-11.68  41  
-11.67  47  
-11.66  29  
-11.65  45  
-11.64  39  
-11.63  35  
-11.62  44  
-11.61  37  
-11.6  40  
-11.59  41  
-11.58  50  
-11.57  49  
-11.56  40  
-11.55  42  
-11.54  50  
-11.53  50  
-11.52  53  
-11.51  49  
-11.5  68  
-11.49  38  
-11.48  57  
-11.47  46  
-11.46  35  
-11.45  33  
-11.44  48  
-11.43  40  
-11.42  54  
-11.41  48  
-11.4  56  
-11.39  43  
-11.38  47  
-11.37  45  
-11.36  51  
-11.35  42  
-11.34  46  
-11.33  48  
-11.32  52  
-11.31  45  
-11.3  48  
-11.29  52  
-11.28  48  
-11.27  45  
-11.26  38  
-11.25  42  
-11.24  54  
-11.23  47  
-11.22  52  
-11.21  50  
-11.2  65  
-11.19  58  
-11.18  51  
-11.17  71  
-11.16  64  
-11.15  63  
-11.14  55  
-11.13  65  
-11.12  61  
-11.11  54  
-11.1  49  
-11.09  55  
-11.08  65  
-11.07  63  
-11.06  64  
-11.05  56  
-11.04  65  
-11.03  75  
-11.02  58  
-11.01  69  
-11  65  
-10.99  57  
-10.98  89  
-10.97  67  
-10.96  49  
-10.95  71  
-10.94  56  
-10.93  51  
-10.92  78  
-10.91  72  
-10.9  65  
-10.89  44  
-10.88  74  
-10.87  70  
-10.86  68  
-10.85  72  
-10.84  68  
-10.83  82  
-10.82  66  
-10.81  61  
-10.8  76  
-10.79  77  
-10.78  71  
-10.77  77  
-10.76  76  
-10.75  65  
-10.74  82  
-10.73  69  
-10.72  73  
-10.71  74  
-10.7  65  
-10.69  92  
-10.68  81  
-10.67  83  
-10.66  93  
-10.65  88  
-10.64  72  
-10.63  89  
-10.62  72  
-10.61  74  
-10.6  79  
-10.59  88  
-10.58  75  
-10.57  82  
-10.56  74  
-10.55  84  
-10.54  88  
-10.53  90  
-10.52  103  
-10.51  77  
-10.5  83  
-10.49  92  
-10.48  84  
-10.47  89  
-10.46  90  
-10.45  100  
-10.44  84  
-10.43  89  
-10.42  87  
-10.41  86  
-10.4  104  
-10.39  96  
-10.38  127  
-10.37  89  
-10.36  97  
-10.35  92  
-10.34  89  
-10.33  80  
-10.32  103  
-10.31  105  
-10.3  99  
-10.29  104  
-10.28  79  
-10.27  87  
-10.26  102  
-10.25  103  
-10.24  109  
-10.23  119  
-10.22  109  
-10.21  104  
-10.2  116  
-10.19  105  
-10.18  94  
-10.17  116  
-10.16  109  
-10.15  117  
-10.14  101  
-10.13  130  
-10.12  114  
-10.11  104  
-10.1  124  
-10.09  111  
-10.08  103  
-10.07  108  
-10.06  132  
-10.05  134  
-10.04  101  
-10.03  132  
-10.02  98  
-10.01  112  
-10  111  
-9.99  123  
-9.98  139  
-9.97  122  
-9.96  141  
-9.95  119  
-9.94  159  
-9.93  150  
-9.92  121  
-9.91  142  
-9.9  117  
-9.89  125  
-9.88  134  
-9.87  125  
-9.86  135  
-9.85  133  
-9.84  129  
-9.83  133  
-9.82  120  
-9.81  118  
-9.8  162  
-9.79  124  
-9.78  123  
-9.77  142  
-9.76  130  
-9.75  144  
-9.74  121  
-9.73  110  
-9.72  126  
-9.71  125  
-9.7  125  
-9.69  147  
-9.68  125  
-9.67  149  
-9.66  148  
-9.65  147  
-9.64  158  
-9.63  146  
-9.62  125  
-9.61  121  
-9.6  140  
-9.59  138  
-9.58  131  
-9.57  128  
-9.56  156  
-9.55  133  
-9.54  150  
-9.53  144  
-9.52  160  
-9.51  141  
-9.5  124  
-9.49  158  
-9.48  172  
-9.47  134  
-9.46  147  
-9.45  138  
-9.44  148  
-9.43  129  
-9.42  138  
-9.41  142  
-9.4  163  
-9.39  157  
-9.38  164  
-9.37  170  
-9.36  170  
-9.35  164  
-9.34  158  
-9.33  153  
-9.32  173  
-9.31  145  
-9.3  156  
-9.29  145  
-9.28  150  
-9.27  147  
-9.26  143  
-9.25  131  
-9.24  143  
-9.23  182  
-9.22  138  
-9.21  141  
-9.2  148  
-9.19  134  
-9.18  134  
-9.17  167  
-9.16  145  
-9.15  146  
-9.14  141  
-9.13  180  
-9.12  160  
-9.11  157  
-9.1  137  
-9.09  148  
-9.08  166  
-9.07  164  
-9.06  157  
-9.05  169  
-9.04  160  
-9.03  137  
-9.02  172  
-9.01  164  
-9  141  
-8.99  152  
-8.98  164  
-8.97  171  
-8.96  144  
-8.95  129  
-8.94  153  
-8.93  148  
-8.92  157  
-8.91  142  
-8.9  162  
-8.89  157  
-8.88  140  
-8.87  135  
-8.86  129  
-8.85  179  
-8.84  157  
-8.83  135  
-8.82  137  
-8.81  156  
-8.8  155  
-8.79  171  
-8.78  128  
-8.77  186  
-8.76  158  
-8.75  156  
-8.74  146  
-8.73  159  
-8.72  143  
-8.71  140  
-8.7  153  
-8.69  133  
-8.68  147  
-8.67  143  
-8.66  139  
-8.65  135  
-8.64  153  
-8.63  121  
-8.62  115  
-8.61  146  
-8.6  118  
-8.59  155  
-8.58  132  
-8.57  162  
-8.56  147  
-8.55  150  
-8.54  129  
-8.53  154  
-8.52  129  
-8.51  145  
-8.5  118  
-8.49  132  
-8.48  146  
-8.47  119  
-8.46  118  
-8.45  119  
-8.44  131  
-8.43  119  
-8.42  137  
-8.41  126  
-8.4  130  
-8.39  123  
-8.38  119  
-8.37  123  
-8.36  132  
-8.35  126  
-8.34  101  
-8.33  122  
-8.32  136  
-8.31  128  
-8.3  126  
-8.29  132  
-8.28  119  
-8.27  125  
-8.26  120  
-8.25  116  
-8.24  104  
-8.23  122  
-8.22  127  
-8.21  120  
-8.2  98  
-8.19  116  
-8.18  106  
-8.17  122  
-8.16  109  
-8.15  109  
-8.14  84  
-8.13  107  
-8.12  111  
-8.11  91  
-8.1  103  
-8.09  92  
-8.08  106  
-8.07  93  
-8.06  78  
-8.05  93  
-8.04  98  
-8.03  103  
-8.02  81  
-8.01  95  
-8  103  
-7.99  95  
-7.98  92  
-7.97  80  
-7.96  87  
-7.95  86  
-7.94  76  
-7.93  86  
-7.92  95  
-7.91  85  
-7.9  94  
-7.89  91  
-7.88  77  
-7.87  89  
-7.86  93  
-7.85  88  
-7.84  73  
-7.83  74  
-7.82  90  
-7.81  85  
-7.8  86  
-7.79  63  
-7.78  66  
-7.77  69  
-7.76  62  
-7.75  75  
-7.74  69  
-7.73  67  
-7.72  66  
-7.71  78  
-7.7  62  
-7.69  69  
-7.68  62  
-7.67  57  
-7.66  58  
-7.65  52  
-7.64  64  
-7.63  63  
-7.62  73  
-7.61  63  
-7.6  60  
-7.59  43  
-7.58  55  
-7.57  52  
-7.56  59  
-7.55  50  
-7.54  49  
-7.53  57  
-7.52  50  
-7.51  48  
-7.5  40  
-7.49  40  
-7.48  45  
-7.47  55  
-7.46  40  
-7.45  54  
-7.44  44  
-7.43  50  
-7.42  48  
-7.41  26  
-7.4  43  
-7.39  33  
-7.38  40  
-7.37  29  
-7.36  40  
-7.35  42  
-7.34  37  
-7.33  47  
-7.32  36  
-7.31  32  
-7.3  37  
-7.29  38  
-7.28  30  
-7.27  32  
-7.26  36  
-7.25  25  
-7.24  40  
-7.23  38  
-7.22  34  
-7.21  28  
-7.2  24  
-7.19  36  
-7.18  37  
-7.17  28  
-7.16  27  
-7.15  36  
-7.14  27  
-7.13  25  
-7.12  23  
-7.11  22  
-7.1  28  
-7.09  23  
-7.08  15  
-7.07  28  
-7.06  22  
-7.05  15  
-7.04  20  
-7.03  26  
-7.02  31  
-7.01  28  
-7  14  
-6.99  18  
-6.98  21  
-6.97  27  
-6.96  14  
-6.95  16  
-6.94  19  
-6.93  10  
-6.92  18  
-6.91  18  
-6.9  14  
-6.89  17  
-6.88  14  
-6.87  13  
-6.86  18  
-6.85  7  
-6.84  9  
-6.83  9  
-6.82  18  
-6.81  15  
-6.8  8  
-6.79  17  
-6.78  10  
-6.77  14  
-6.76  9  
-6.75  12  
-6.74  6  
-6.73  9  
-6.72  8  
-6.71  11  
-6.7  12  
-6.69  5  
-6.68  9  
-6.67  8  
-6.66  4  
-6.65  6  
-6.64  10  
-6.63  7  
-6.62  9  
-6.61  9  
-6.6  0  
-6.59  4  
-6.58  3  
-6.57  6  
-6.56  6  
-6.55  5  
-6.54  5  
-6.53  6  
-6.52  3  
-6.51  5  
-6.5  5  
-6.49  3  
-6.48  1  
-6.47  3  
-6.46  4  
-6.45  9  
-6.44  4  
-6.43  6  
-6.42  3  
-6.41  3  
-6.4  2  
-6.39  8  
-6.38  6  
-6.37  2  
-6.36  3  
-6.35  3  
-6.34  2  
-6.33  6  
-6.32  4  
-6.31  2  
-6.3  3  
-6.29  1  
-6.28  5  
-6.27  0  
-6.26  3  
-6.25  2  
-6.24  5  
-6.23  1  
-6.22  3  
-6.21  2  
-6.2  3  
-6.19  2  
-6.18  0  
-6.17  1  
-6.16  2  
-6.15  0  
-6.14  3  
-6.13  1  
-6.12  0  
-6.11  2  
-6.1  2  
-6.09  2  
-6.08  3  
-6.07  3  
-6.06  2  
-6.05  1  
-6.04  0  
-6.03  4  
-6.02  1  
-6.01  1  
-6  4  
-5.99  1  
-5.98  2  
-5.97  0  
-5.96  0  
-5.95  0  
-5.94  0  
-5.93  0  
-5.92  1  
-5.91  0  
-5.9  0  
-5.89  0  
-5.88  0  
-5.87  1  
-5.86  0  
-5.85  2  
-5.84  0  
-5.83  0  
-5.82  1  
-5.81  3  
-5.8  1  
-5.79  0  
-5.78  0  
-5.77  2  
-5.76  1  
-5.75  0  
-5.74  0  
-5.73  0  
-5.72  0  
-5.71  0  
-5.7  0  
-5.69  0  
-5.68  0  
-5.67  0  
-5.66  0  
-5.65  0  
-5.64  0  
-5.63  0  
-5.62  0  
-5.61  0  
-5.6  1  
-5.59  0  
-5.58  1  
-5.57  0  
-5.56  0  
-5.55  1  
-5.54  0  
-5.53  0  
-5.52  0  
-5.51  0  
-5.5  0  
-5.49  0  
-5.48  0  
-5.47  0  
-5.46  0  
-5.45  0  
-5.44  1  
-5.43  1  
-5.42  0  
-5.41  1  
-5.4  0  
-5.39  0  
-5.38  0  
-5.37  0  
-5.36  0  
-5.35  0  
-5.34  0  
-5.33  0  
-5.32  0  
-5.31  0  
-5.3  0  
-5.29  0  
-5.28  0  
-5.27  0  
-5.26  0  
-5.25  0  
-5.24  0  
-5.23  0  
-5.22  0  
-5.21  0  
-5.2  0  
-5.19  0  
-5.18  0  
-5.17  0  
-5.16  0  
-5.15  0  
-5.14  0  
-5.13  0  
-5.12  0  
-5.11  0  
-5.1  0  
-5.09  0  
-5.08  0  
-5.07  0  
-5.06  0  
-5.05  0  
-5.04  0  
-5.03  0  
-5.02  0  
-5.01  0  
-5  0  
-4.99  0  
-4.98  0  
-4.97  0  
-4.96  0  
-4.95  0  
-4.94  0  
-4.93  0  
-4.92  0  
-4.91  0  
-4.9  0  
-4.89  0  
-4.88  0  
-4.87  0  
-4.86  0  
-4.85  0  
-4.84  0  
-4.83  0  
-4.82  0  
-4.81  0  
-4.8  0  
-4.79  0  
-4.78  0  
-4.77  0  
-4.76  0  
-4.75  0  
-4.74  0  
-4.73  0  
-4.72  0  
-4.71  0  
-4.7  0  
-4.69  0  
-4.68  0  
-4.67  0  
-4.66  0  
-4.65  0  
-4.64  0  
-4.63  0  
-4.62  0  
-4.61  0  
-4.6  0  
-4.59  0  
-4.58  0  
-4.57  0  
-4.56  0  
-4.55  0  
-4.54  0  
-4.53  0  
-4.52  0  
-4.51  0  
-4.5  0  
-4.49  0  
-4.48  0  
-4.47  0  
-4.46  0  
-4.45  0  
-4.44  0  
-4.43  0  
-4.42  0  
-4.41  0  
-4.4  0  
-4.39  0  
-4.38  0  
-4.37  0  
-4.36  0  
-4.35  0  
-4.34  0  
-4.33  0  
-4.32  0  
-4.31  0  
-4.3  0  
-4.29  0  
-4.28  0  
-4.27  0  
-4.26  0  
-4.25  0  
-4.24  0  
-4.23  0  
-4.22  0  
-4.21  0  
-4.2  0  
-4.19  0  
-4.18  0  
-4.17  0  
-4.16  0  
-4.15  0  
-4.14  0  
-4.13  0  
-4.12  0  
-4.11  0  
-4.1  0  
-4.09  0  
-4.08  0  
-4.07  0  
-4.06  0  
-4.05  0  
-4.04  0  
-4.03  0  
-4.02  0  
-4.01  0  
-4  0  
-3.99  0  
-3.98  0  
-3.97  0  
-3.96  0  
-3.95  0  
-3.94  0  
-3.93  0  
-3.92  0  
-3.91  0  
-3.9  0  
-3.89  0  
-3.88  0  
-3.87  0  
-3.86  0  
-3.85  0  
-3.84  0  
-3.83  0  
-3.82  0  
-3.81  0  
-3.8  0  
-3.79  0  
-3.78  0  
-3.77  0  
-3.76  0  
-3.75  0  
-3.74  0  
-3.73  0  
-3.72  0  
-3.71  0  
-3.7  0  
-3.69  0  
-3.68  0  
-3.67  0  
-3.66  0  
-3.65  0  
-3.64  0  
-3.63  0  
-3.62  0  
-3.61  0  
-3.6  0  
-3.59  0  
-3.58  0  
-3.57  0  
-3.56  0  
-3.55  0  
-3.54  0  
-3.53  0  
-3.52  0  
-3.51  0  
-3.5  0  
-3.49  0  
-3.48  0  
-3.47  0  
-3.46  0  
-3.45  0  
-3.44  0  
-3.43  0  
-3.42  0  
-3.41  0  
-3.4  0  
-3.39  0  
-3.38  0  
-3.37  0  
-3.36  0  
-3.35  0  
-3.34  0  
-3.33  0  
-3.32  0  
-3.31  0  
-3.3  0  
-3.29  0  
-3.28  0  
-3.27  0  
-3.26  0  
-3.25  0  
-3.24  0  
-3.23  0  
-3.22  0  
-3.21  0  
-3.2  0  
-3.19  0  
-3.18  0  
-3.17  0  
-3.16  0  
-3.15  0  
-3.14  0  
-3.13  0  
-3.12  0  
-3.11  0  
-3.1  0  
-3.09  0  
-3.08  0  
-3.07  0  
-3.06  0  
-3.05  0  
-3.04  0  
-3.03  0  
-3.02  0  
-3.01  0  
-3  0  
