10 1002 -13 -3 785  0  234169
-13  2  
-12.99  10  
-12.98  8  
-12.97  8  
-12.96  7  
-12.95  8  
-12.94  7  
-12.93  6  
-12.92  5  
-12.91  9  
-12.9  7  
-12.89  6  
-12.88  5  
-12.87  6  
-12.86  4  
-12.85  13  
-12.84  10  
-12.83  9  
-12.82  4  
-12.81  10  
-12.8  7  
-12.79  1  
-12.78  6  
-12.77  8  
-12.76  6  
-12.75  14  
-12.74  4  
-12.73  5  
-12.72  11  
-12.71  6  
-12.7  8  
-12.69  6  
-12.68  12  
-12.67  5  
-12.66  5  
-12.65  9  
-12.64  10  
-12.63  9  
-12.62  7  
-12.61  12  
-12.6  13  
-12.59  5  
-12.58  12  
-12.57  11  
-12.56  9  
-12.55  8  
-12.54  10  
-12.53  10  
-12.52  12  
-12.51  8  
-12.5  11  
-12.49  17  
-12.48  16  
-12.47  10  
-12.46  7  
-12.45  11  
-12.44  13  
-12.43  10  
-12.42  17  
-12.41  14  
-12.4  12  
-12.39  14  
-12.38  16  
-12.37  10  
-12.36  15  
-12.35  14  
-12.34  9  
-12.33  13  
-12.32  5  
-12.31  15  
-12.3  14  
-12.29  23  
-12.28  22  
-12.27  17  
-12.26  12  
-12.25  23  
-12.24  16  
-12.23  20  
-12.22  19  
-12.21  15  
-12.2  19  
-12.19  16  
-12.18  19  
-12.17  13  
-12.16  14  
-12.15  20  
-12.14  9  
-12.13  17  
-12.12  23  
-12.11  17  
-12.1  22  
-12.09  16  
-12.08  19  
-12.07  22  
-12.06  28  
-12.05  13  
-12.04  19  
-12.03  25  
-12.02  19  
-12.01  20  
-12  22  
-11.99  17  
-11.98  27  
-11.97  23  
-11.96  25  
-11.95  24  
-11.94  23  
-11.93  20  
-11.92  26  
-11.91  25  
-11.9  25  
-11.89  19  
-11.88  22  
-11.87  21  
-11.86  25  
-11.85  18  
-11.84  27  
-11.83  38  
-11.82  29  
-11.81  21  
-11.8  30  
-11.79  35  
-11.78  29  
-11.77  27  
-11.76  38  
-11.75  28  
-11.74  30  
-11.73  41  
-11.72  30  
-11.71  36  
-11.7  23  
-11.69  29  
-11.68  44  
-11.67  36  
-11.66  29  
-11.65  25  
-11.64  39  
-11.63  35  
-11.62  37  
-11.61  32  
-11.6  38  
-11.59  41  
-11.58  35  
-11.57  39  
-11.56  40  
-11.55  36  
-11.54  45  
-11.53  53  
-11.52  59  
-11.51  44  
-11.5  37  
-11.49  51  
-11.48  51  
-11.47  52  
-11.46  43  
-11.45  56  
-11.44  56  
-11.43  57  
-11.42  50  
-11.41  60  
-11.4  54  
-11.39  51  
-11.38  66  
-11.37  48  
-11.36  55  
-11.35  57  
-11.34  64  
-11.33  56  
-11.32  59  
-11.31  64  
-11.3  60  
-11.29  61  
-11.28  71  
-11.27  61  
-11.26  59  
-11.25  63  
-11.24  79  
-11.23  77  
-11.22  65  
-11.21  75  
-11.2  58  
-11.19  59  
-11.18  71  
-11.17  63  
-11.16  71  
-11.15  77  
-11.14  71  
-11.13  70  
-11.12  86  
-11.11  68  
-11.1  79  
-11.09  86  
-11.08  66  
-11.07  92  
-11.06  82  
-11.05  85  
-11.04  77  
-11.03  74  
-11.02  93  
-11.01  84  
-11  92  
-10.99  97  
-10.98  111  
-10.97  87  
-10.96  101  
-10.95  109  
-10.94  98  
-10.93  109  
-10.92  106  
-10.91  102  
-10.9  137  
-10.89  99  
-10.88  107  
-10.87  102  
-10.86  98  
-10.85  118  
-10.84  115  
-10.83  108  
-10.82  116  
-10.81  122  
-10.8  124  
-10.79  100  
-10.78  107  
-10.77  112  
-10.76  122  
-10.75  118  
-10.74  123  
-10.73  122  
-10.72  109  
-10.71  137  
-10.7  132  
-10.69  149  
-10.68  124  
-10.67  134  
-10.66  123  
-10.65  136  
-10.64  149  
-10.63  150  
-10.62  146  
-10.61  158  
-10.6  137  
-10.59  161  
-10.58  158  
-10.57  132  
-10.56  126  
-10.55  152  
-10.54  140  
-10.53  145  
-10.52  145  
-10.51  184  
-10.5  157  
-10.49  163  
-10.48  154  
-10.47  173  
-10.46  183  
-10.45  162  
-10.44  171  
-10.43  176  
-10.42  180  
-10.41  193  
-10.4  175  
-10.39  193  
-10.38  167  
-10.37  204  
-10.36  166  
-10.35  199  
-10.34  197  
-10.33  188  
-10.32  194  
-10.31  196  
-10.3  215  
-10.29  188  
-10.28  184  
-10.27  193  
-10.26  201  
-10.25  216  
-10.24  225  
-10.23  217  
-10.22  219  
-10.21  236  
-10.2  208  
-10.19  210  
-10.18  218  
-10.17  230  
-10.16  222  
-10.15  251  
-10.14  257  
-10.13  219  
-10.12  244  
-10.11  247  
-10.1  206  
-10.09  233  
-10.08  233  
-10.07  254  
-10.06  251  
-10.05  244  
-10.04  267  
-10.03  253  
-10.02  235  
-10.01  249  
-10  258  
-9.99  259  
-9.98  241  
-9.97  282  
-9.96  290  
-9.95  263  
-9.94  241  
-9.93  273  
-9.92  266  
-9.91  290  
-9.9  290  
-9.89  273  
-9.88  298  
-9.87  270  
-9.86  284  
-9.85  268  
-9.84  318  
-9.83  294  
-9.82  318  
-9.81  303  
-9.8  321  
-9.79  326  
-9.78  291  
-9.77  295  
-9.76  333  
-9.75  320  
-9.74  312  
-9.73  291  
-9.72  323  
-9.71  288  
-9.7  307  
-9.69  293  
-9.68  310  
-9.67  285  
-9.66  335  
-9.65  336  
-9.64  325  
-9.63  320  
-9.62  292  
-9.61  296  
-9.6  342  
-9.59  336  
-9.58  327  
-9.57  325  
-9.56  326  
-9.55  332  
-9.54  309  
-9.53  325  
-9.52  315  
-9.51  315  
-9.5  343  
-9.49  318  
-9.48  363  
-9.47  316  
-9.46  342  
-9.45  315  
-9.44  318  
-9.43  335  
-9.42  324  
-9.41  323  
-9.4  351  
-9.39  339  
-9.38  346  
-9.37  340  
-9.36  330  
-9.35  345  
-9.34  349  
-9.33  348  
-9.32  315  
-9.31  330  
-9.3  334  
-9.29  354  
-9.28  346  
-9.27  342  
-9.26  312  
-9.25  334  
-9.24  318  
-9.23  349  
-9.22  295  
-9.21  343  
-9.2  298  
-9.19  328  
-9.18  323  
-9.17  368  
-9.16  342  
-9.15  340  
-9.14  327  
-9.13  327  
-9.12  324  
-9.11  324  
-9.1  306  
-9.09  299  
-9.08  314  
-9.07  313  
-9.06  347  
-9.05  342  
-9.04  335  
-9.03  339  
-9.02  342  
-9.01  300  
-9  285  
-8.99  311  
-8.98  330  
-8.97  318  
-8.96  313  
-8.95  312  
-8.94  318  
-8.93  305  
-8.92  291  
-8.91  306  
-8.9  273  
-8.89  288  
-8.88  247  
-8.87  273  
-8.86  335  
-8.85  302  
-8.84  306  
-8.83  285  
-8.82  298  
-8.81  267  
-8.8  285  
-8.79  295  
-8.78  268  
-8.77  295  
-8.76  297  
-8.75  297  
-8.74  266  
-8.73  289  
-8.72  249  
-8.71  284  
-8.7  238  
-8.69  266  
-8.68  251  
-8.67  244  
-8.66  231  
-8.65  274  
-8.64  253  
-8.63  266  
-8.62  255  
-8.61  246  
-8.6  240  
-8.59  215  
-8.58  245  
-8.57  235  
-8.56  221  
-8.55  227  
-8.54  217  
-8.53  245  
-8.52  209  
-8.51  194  
-8.5  210  
-8.49  220  
-8.48  206  
-8.47  220  
-8.46  213  
-8.45  203  
-8.44  198  
-8.43  198  
-8.42  199  
-8.41  170  
-8.4  193  
-8.39  182  
-8.38  193  
-8.37  203  
-8.36  182  
-8.35  169  
-8.34  185  
-8.33  174  
-8.32  163  
-8.31  181  
-8.3  166  
-8.29  170  
-8.28  170  
-8.27  162  
-8.26  171  
-8.25  138  
-8.24  178  
-8.23  130  
-8.22  155  
-8.21  151  
-8.2  138  
-8.19  154  
-8.18  141  
-8.17  127  
-8.16  133  
-8.15  125  
-8.14  119  
-8.13  122  
-8.12  130  
-8.11  106  
-8.1  122  
-8.09  110  
-8.08  120  
-8.07  110  
-8.06  111  
-8.05  96  
-8.04  112  
-8.03  107  
-8.02  97  
-8.01  98  
-8  95  
-7.99  102  
-7.98  106  
-7.97  96  
-7.96  75  
-7.95  89  
-7.94  81  
-7.93  87  
-7.92  77  
-7.91  55  
-7.9  71  
-7.89  81  
-7.88  80  
-7.87  85  
-7.86  63  
-7.85  73  
-7.84  62  
-7.83  60  
-7.82  54  
-7.81  55  
-7.8  52  
-7.79  48  
-7.78  57  
-7.77  72  
-7.76  52  
-7.75  60  
-7.74  61  
-7.73  61  
-7.72  52  
-7.71  39  
-7.7  45  
-7.69  40  
-7.68  47  
-7.67  53  
-7.66  49  
-7.65  52  
-7.64  45  
-7.63  41  
-7.62  48  
-7.61  35  
-7.6  34  
-7.59  32  
-7.58  35  
-7.57  32  
-7.56  32  
-7.55  24  
-7.54  34  
-7.53  33  
-7.52  35  
-7.51  30  
-7.5  35  
-7.49  34  
-7.48  28  
-7.47  20  
-7.46  20  
-7.45  23  
-7.44  24  
-7.43  22  
-7.42  23  
-7.41  21  
-7.4  12  
-7.39  20  
-7.38  24  
-7.37  20  
-7.36  12  
-7.35  20  
-7.34  17  
-7.33  17  
-7.32  20  
-7.31  9  
-7.3  16  
-7.29  16  
-7.28  8  
-7.27  13  
-7.26  10  
-7.25  14  
-7.24  9  
-7.23  15  
-7.22  8  
-7.21  3  
-7.2  16  
-7.19  7  
-7.18  7  
-7.17  14  
-7.16  5  
-7.15  8  
-7.14  6  
-7.13  7  
-7.12  4  
-7.11  5  
-7.1  9  
-7.09  5  
-7.08  3  
-7.07  4  
-7.06  8  
-7.05  3  
-7.04  3  
-7.03  4  
-7.02  1  
-7.01  2  
-7  4  
-6.99  5  
-6.98  5  
-6.97  4  
-6.96  4  
-6.95  1  
-6.94  1  
-6.93  3  
-6.92  2  
-6.91  6  
-6.9  4  
-6.89  3  
-6.88  1  
-6.87  0  
-6.86  3  
-6.85  3  
-6.84  2  
-6.83  3  
-6.82  1  
-6.81  3  
-6.8  4  
-6.79  3  
-6.78  1  
-6.77  2  
-6.76  0  
-6.75  0  
-6.74  1  
-6.73  0  
-6.72  1  
-6.71  0  
-6.7  1  
-6.69  1  
-6.68  1  
-6.67  1  
-6.66  1  
-6.65  0  
-6.64  1  
-6.63  0  
-6.62  0  
-6.61  0  
-6.6  1  
-6.59  0  
-6.58  0  
-6.57  0  
-6.56  1  
-6.55  0  
-6.54  0  
-6.53  0  
-6.52  0  
-6.51  0  
-6.5  0  
-6.49  0  
-6.48  0  
-6.47  0  
-6.46  0  
-6.45  0  
-6.44  1  
-6.43  0  
-6.42  0  
-6.41  0  
-6.4  0  
-6.39  0  
-6.38  0  
-6.37  0  
-6.36  0  
-6.35  0  
-6.34  1  
-6.33  0  
-6.32  0  
-6.31  0  
-6.3  0  
-6.29  0  
-6.28  0  
-6.27  0  
-6.26  0  
-6.25  0  
-6.24  0  
-6.23  0  
-6.22  0  
-6.21  0  
-6.2  0  
-6.19  0  
-6.18  0  
-6.17  0  
-6.16  0  
-6.15  0  
-6.14  0  
-6.13  0  
-6.12  0  
-6.11  0  
-6.1  0  
-6.09  0  
-6.08  0  
-6.07  0  
-6.06  0  
-6.05  0  
-6.04  0  
-6.03  0  
-6.02  0  
-6.01  0  
-6  0  
-5.99  0  
-5.98  0  
-5.97  0  
-5.96  0  
-5.95  0  
-5.94  0  
-5.93  0  
-5.92  0  
-5.91  0  
-5.9  0  
-5.89  0  
-5.88  0  
-5.87  0  
-5.86  0  
-5.85  0  
-5.84  0  
-5.83  0  
-5.82  0  
-5.81  0  
-5.8  0  
-5.79  0  
-5.78  0  
-5.77  0  
-5.76  0  
-5.75  0  
-5.74  0  
-5.73  0  
-5.72  0  
-5.71  0  
-5.7  0  
-5.69  0  
-5.68  0  
-5.67  0  
-5.66  0  
-5.65  0  
-5.64  0  
-5.63  0  
-5.62  0  
-5.61  0  
-5.6  0  
-5.59  0  
-5.58  0  
-5.57  0  
-5.56  0  
-5.55  0  
-5.54  0  
-5.53  0  
-5.52  0  
-5.51  0  
-5.5  0  
-5.49  0  
-5.48  0  
-5.47  0  
-5.46  0  
-5.45  0  
-5.44  0  
-5.43  0  
-5.42  0  
-5.41  0  
-5.4  0  
-5.39  0  
-5.38  0  
-5.37  0  
-5.36  0  
-5.35  0  
-5.34  0  
-5.33  0  
-5.32  0  
-5.31  0  
-5.3  0  
-5.29  0  
-5.28  0  
-5.27  0  
-5.26  0  
-5.25  0  
-5.24  0  
-5.23  0  
-5.22  0  
-5.21  0  
-5.2  0  
-5.19  0  
-5.18  0  
-5.17  0  
-5.16  0  
-5.15  0  
-5.14  0  
-5.13  0  
-5.12  0  
-5.11  0  
-5.1  0  
-5.09  0  
-5.08  0  
-5.07  0  
-5.06  0  
-5.05  0  
-5.04  0  
-5.03  0  
-5.02  0  
-5.01  0  
-5  0  
-4.99  0  
-4.98  0  
-4.97  0  
-4.96  0  
-4.95  0  
-4.94  0  
-4.93  0  
-4.92  0  
-4.91  0  
-4.9  0  
-4.89  0  
-4.88  0  
-4.87  0  
-4.86  0  
-4.85  0  
-4.84  0  
-4.83  0  
-4.82  0  
-4.81  0  
-4.8  0  
-4.79  0  
-4.78  0  
-4.77  0  
-4.76  0  
-4.75  0  
-4.74  0  
-4.73  0  
-4.72  0  
-4.71  0  
-4.7  0  
-4.69  0  
-4.68  0  
-4.67  0  
-4.66  0  
-4.65  0  
-4.64  0  
-4.63  0  
-4.62  0  
-4.61  0  
-4.6  0  
-4.59  0  
-4.58  0  
-4.57  0  
-4.56  0  
-4.55  0  
-4.54  0  
-4.53  0  
-4.52  0  
-4.51  0  
-4.5  0  
-4.49  0  
-4.48  0  
-4.47  0  
-4.46  0  
-4.45  0  
-4.44  0  
-4.43  0  
-4.42  0  
-4.41  0  
-4.4  0  
-4.39  0  
-4.38  0  
-4.37  0  
-4.36  0  
-4.35  0  
-4.34  0  
-4.33  0  
-4.32  0  
-4.31  0  
-4.3  0  
-4.29  0  
-4.28  0  
-4.27  0  
-4.26  0  
-4.25  0  
-4.24  0  
-4.23  0  
-4.22  0  
-4.21  0  
-4.2  0  
-4.19  0  
-4.18  0  
-4.17  0  
-4.16  0  
-4.15  0  
-4.14  0  
-4.13  0  
-4.12  0  
-4.11  0  
-4.1  0  
-4.09  0  
-4.08  0  
-4.07  0  
-4.06  0  
-4.05  0  
-4.04  0  
-4.03  0  
-4.02  0  
-4.01  0  
-4  0  
-3.99  0  
-3.98  0  
-3.97  0  
-3.96  0  
-3.95  0  
-3.94  0  
-3.93  0  
-3.92  0  
-3.91  0  
-3.9  0  
-3.89  0  
-3.88  0  
-3.87  0  
-3.86  0  
-3.85  0  
-3.84  0  
-3.83  0  
-3.82  0  
-3.81  0  
-3.8  0  
-3.79  0  
-3.78  0  
-3.77  0  
-3.76  0  
-3.75  0  
-3.74  0  
-3.73  0  
-3.72  0  
-3.71  0  
-3.7  0  
-3.69  0  
-3.68  0  
-3.67  0  
-3.66  0  
-3.65  0  
-3.64  0  
-3.63  0  
-3.62  0  
-3.61  0  
-3.6  0  
-3.59  0  
-3.58  0  
-3.57  0  
-3.56  0  
-3.55  0  
-3.54  0  
-3.53  0  
-3.52  0  
-3.51  0  
-3.5  0  
-3.49  0  
-3.48  0  
-3.47  0  
-3.46  0  
-3.45  0  
-3.44  0  
-3.43  0  
-3.42  0  
-3.41  0  
-3.4  0  
-3.39  0  
-3.38  0  
-3.37  0  
-3.36  0  
-3.35  0  
-3.34  0  
-3.33  0  
-3.32  0  
-3.31  0  
-3.3  0  
-3.29  0  
-3.28  0  
-3.27  0  
-3.26  0  
-3.25  0  
-3.24  0  
-3.23  0  
-3.22  0  
-3.21  0  
-3.2  0  
-3.19  0  
-3.18  0  
-3.17  0  
-3.16  0  
-3.15  0  
-3.14  0  
-3.13  0  
-3.12  0  
-3.11  0  
-3.1  0  
-3.09  0  
-3.08  0  
-3.07  0  
-3.06  0  
-3.05  0  
-3.04  0  
-3.03  0  
-3.02  0  
-3.01  0  
-3  0  
