kf          Mass  Width  3*e    Y    SU(3) 2*Spin maj  on stbl m_on  Name       
1            0.01  .0    -1    -1      1      1    0    1   1   0     d
2            0.005 .0     2     1      1      1    0    1   1   0     u
3            0.2   .0    -1    -1      1      1    0    1   1   0     s 
4            1.42  .0     2     1      1      1    0    1   1   0     c
5            4.8   .0    -1    -1      1      1    0    1   1   1     b
6          175.   1.5     2     1      1      1    0    1   1   1     t
7         1000.  50.0    -1    -1      1      1    0    1   1   0     b'
8         1000.  50.0     2     1      1      1    0    1   1   0     t' 
11        0.000511 .0    -3    -1      0      1    0    1   1   0     e-
12            .0   .0     0     1      0      1    0    1   1   0     nu_e
13            .105 .0    -3    -1      0      1    0    1   1   0     mu-
14            .0   .0     0     1      0      1    0    1   1   0     nu_mu 
15        1.777   2.36E-12 -3  -1      0      1    0    1   1   1     tau-
16            .0   .0     0     1      0      1    0    1   1   0     nu_tau
17        1000.  50.0    -3    -1      0      1    0    1   1   1     tau-'
18        1000.  50.0     0     1      0      1    0    1   1   0     nu_tau'
21            .0   .0     0     0      1      2    0    1   1   0     gluon
22            .0   .0     0     0      0      2    0    1   1   0     photon
23         91.188 2.49    0     0      0      2    0    1   0   1     Z
24         80.419 2.06    3     0      0      2    0    1   0   1     W+      
25         120.  0.0037   0     0      0      0    0    1   0   1     h0
27         100.    .0     0     0      0      4    0    1   1   1     graviton
28         100.    .0     0     0      0      0    0    1   1   1     gscalar
32        1000.  10.0     0     0      0      2    0    0   1   1     Z'
33        1000.  10.0     0     0      0      2    0    0   1   1     Z''
34        1000.  10.0     3     0      0      2    0    0   0   1     W+'      
35        1000.  10.0     0     0      0      0    0    1   1   1     H0
36        1000.  10.0     0     0      0      0    0    1   1   1     A0
37        1000.  10.0     3     0      0      0    0    1   1   1     H+
1000024   1000.  10.0    -3     0      0      1    0    1   1   1     chargino1
1000037   1000.  10.0    -3     0      0      1    0    1   1   1     chargino2
1000022   1000.  10.0     0     0      0      1    1    1   1   1     neutralino1
1000023   1000.  10.0     0     0      0      1    1    1   1   1     neutralino2
1000025   1000.  10.0     0     0      0      1    1    1   1   1     neutralino3
1000035   1000.  10.0     0     0      0      1    1    1   1   1     neutralino4
1000021   1000.  10.0     0     0      1      1    1    1   1   1     gluino
1000002   1000.  10.0     2     1      1      0    0    1   1   1     sup_L
1000004   1000.  10.0     2     1      1      0    0    1   1   1     scharm_L
1000006   1000.  10.0     2     1      1      0    0    1   1   1     stop_1
2000002   1000.  10.0     2     1      1      0    0    1   1   1     sup_R
2000004   1000.  10.0     2     1      1      0    0    1   1   1     scharm_R
2000006   1000.  10.0     2     1      1      0    0    1   1   1     stop_2
1000001   1000.  10.0    -1    -1      1      0    0    1   1   1     sdown_L
1000003   1000.  10.0    -1    -1      1      0    0    1   1   1     sstrange_L
1000005   1000.  10.0    -1    -1      1      0    0    1   1   1     sbottom_1
2000001   1000.  10.0    -1    -1      1      0    0    1   1   1     sdown_R
2000003   1000.  10.0    -1    -1      1      0    0    1   1   1     sstrange_R
2000005   1000.  10.0    -1    -1      1      0    0    1   1   1     sbottom_2
1000011   1000.  10.0    -3    -1      0      0    0    1   1   1     selectron_L
1000013   1000.  10.0    -3    -1      0      0    0    1   1   1     smuon_L
1000015   1000.  10.0    -3    -1      0      0    0    1   1   1     stau_1
2000011   1000.  10.0    -3    -1      0      0    0    1   1   1     selectron_R
2000013   1000.  10.0    -3    -1      0      0    0    1   1   1     smuon_R
2000015   1000.  10.0    -3    -1      0      0    0    1   1   1     stau_2
1000012   1000.  10.0     0     1      0      0    0    1   1   1     snu_1
1000014   1000.  10.0     0     1      0      0    0    1   1   1     snu_2
1000016   1000.  10.0     0     1      0      0    0    1   1   1     snu_3
