15 isr_2_3__j__j__P__nu_e__e+ 310000 310000 6.49434656635e-10 46
Resonance_Uniform_8041 15503 0.237939616654 0.237939616654 0.000174979778646 3.37406291056e-10 1.56190876603e-23 1.13827386156e-19
Resonance_Forward_8041 12375 0.191505257344 0.191505257344 0.000195809170983 3.33966743697e-10 1.54133953673e-23 1.115183725e-19
Resonance_Backward_8041 215 0.00290785767702 0.00290785767702 0.000501544855165 2.90200919278e-10 1.89490761949e-23 8.41976244739e-20
Simple_Pole_Uniform_50 0 0 0 0 0 0 0
Simple_Pole_Forward_50 0 0 0 0 0 0 0
Simple_Pole_Backward_50 0 0 0 0 0 0 0
Simple_Pole_Uniform_99 168 0.00159353252009 0.00159353252009 0.00203450615531 4.25683088528e-10 7.27304293229e-21 1.73933048926e-19
Simple_Pole_Forward_99 245 0.00249269947812 0.00249269947812 0.00233053049246 4.23778509816e-10 9.94914167624e-21 1.69639083706e-19
Simple_Pole_Backward_99 0 0 0 0 0 0 0
Simple_Pole_Uniform_150 17466 0.194134898261 0.194134898261 0.000729395546025 3.50630022298e-10 1.2415590965e-22 1.22817256627e-19
Simple_Pole_Forward_150 19046 0.205879863205 0.205879863205 0.00101431599731 3.60926904791e-10 1.6877621089e-22 1.30099454391e-19
Simple_Pole_Backward_150 14982 0.163546274861 0.163546274861 0.000729470234445 3.63441571177e-10 4.23199443553e-22 1.31666576216e-19
Simple_Pole_Uniform_200 0 0 0 0 0 0 0
Simple_Pole_Forward_200 0 0 0 0 0 0 0
Simple_Pole_Backward_200 0 0 0 0 0 0 0
