19 fsr_2_4__j__j__P__nu_e__e+__j 310000 310000 1.56864672393e-09 46
fsrchannels4/C4_0 0 0 0 0 0 0 0
fsrchannels4/C4_1 0 0 0 0 0 0 0
fsrchannels4/C4_2 0 0 0 0 0 0 0
fsrchannels4/C4_3 6092 0.0824120496595 0.0824044860998 7851042.3669 3.24207140048e-10 1.48574122494e-21 1.03624528433e-19
fsrchannels4/C4_4 0 0 0 0 0 0 0
fsrchannels4/C4_5 306 0.00545227551977 0.00545177512436 44142.6176139 5.20598772153e-10 3.90640569692e-20 2.31959024598e-19
fsrchannels4/C4_6 2871 0.0405059454685 0.0405022279401 4432866.49331 3.41786880827e-10 3.78790950125e-21 1.13030362404e-19
fsrchannels4/C4_7 1765 0.0460406401714 0.0460364146833 85515.5746615 2.9387117382e-10 1.37617550686e-21 8.49840912957e-20
fsrchannels4/C4_8 0 0 0 0 0 0 0
fsrchannels4/C4_9 0 0 0 0 0 0 0
fsrchannels4/C4_10 0 0 0 0 0 0 0
fsrchannels4/C4_11 0 0 9.17773521734e-05 0 0 0 0
fsrchannels4/C4_12 0 0 0 0 0 0 0
fsrchannels4/C4_13 0 0 0 0 0 0 0
fsrchannels4/C4_14 0 0 0 0 0 0 0
fsrchannels4/C4_15 22676 0.284389622996 0.28436352247 312922098.789 2.82864333533e-10 2.89858784752e-23 7.99832453067e-20
fsrchannels4/C4_16 30616 0.335855541263 0.335824717331 3.23375405617 4.09470712112e-10 2.29513274578e-20 1.4471493662e-19
fsrchannels4/C4_17 6148 0.0926270087961 0.0926185077345 5007169.39746 3.53896521179e-10 1.64779557956e-21 1.23594952123e-19
fsrchannels4/C4_18 9526 0.112716916126 0.112706571265 1950352.37402 3.60855964709e-10 1.86915668583e-21 1.2834787058e-19
