10 1002 -13 -3 462  0  127339
-13  4  
-12.99  4  
-12.98  1  
-12.97  2  
-12.96  3  
-12.95  3  
-12.94  5  
-12.93  1  
-12.92  4  
-12.91  4  
-12.9  3  
-12.89  6  
-12.88  4  
-12.87  4  
-12.86  1  
-12.85  2  
-12.84  3  
-12.83  1  
-12.82  4  
-12.81  4  
-12.8  1  
-12.79  4  
-12.78  6  
-12.77  4  
-12.76  5  
-12.75  6  
-12.74  2  
-12.73  4  
-12.72  2  
-12.71  3  
-12.7  7  
-12.69  3  
-12.68  3  
-12.67  3  
-12.66  4  
-12.65  2  
-12.64  4  
-12.63  5  
-12.62  7  
-12.61  4  
-12.6  6  
-12.59  4  
-12.58  5  
-12.57  7  
-12.56  4  
-12.55  7  
-12.54  6  
-12.53  7  
-12.52  4  
-12.51  2  
-12.5  5  
-12.49  3  
-12.48  10  
-12.47  0  
-12.46  3  
-12.45  3  
-12.44  5  
-12.43  7  
-12.42  5  
-12.41  4  
-12.4  7  
-12.39  8  
-12.38  8  
-12.37  5  
-12.36  5  
-12.35  9  
-12.34  5  
-12.33  4  
-12.32  5  
-12.31  5  
-12.3  3  
-12.29  6  
-12.28  7  
-12.27  4  
-12.26  9  
-12.25  5  
-12.24  10  
-12.23  8  
-12.22  6  
-12.21  5  
-12.2  14  
-12.19  7  
-12.18  2  
-12.17  8  
-12.16  5  
-12.15  6  
-12.14  8  
-12.13  14  
-12.12  12  
-12.11  6  
-12.1  7  
-12.09  15  
-12.08  6  
-12.07  9  
-12.06  9  
-12.05  9  
-12.04  11  
-12.03  11  
-12.02  11  
-12.01  13  
-12  7  
-11.99  11  
-11.98  5  
-11.97  10  
-11.96  13  
-11.95  9  
-11.94  9  
-11.93  5  
-11.92  13  
-11.91  10  
-11.9  6  
-11.89  12  
-11.88  11  
-11.87  9  
-11.86  12  
-11.85  10  
-11.84  14  
-11.83  11  
-11.82  14  
-11.81  17  
-11.8  15  
-11.79  16  
-11.78  15  
-11.77  13  
-11.76  10  
-11.75  14  
-11.74  12  
-11.73  11  
-11.72  11  
-11.71  14  
-11.7  16  
-11.69  20  
-11.68  15  
-11.67  18  
-11.66  15  
-11.65  22  
-11.64  19  
-11.63  21  
-11.62  18  
-11.61  17  
-11.6  15  
-11.59  16  
-11.58  17  
-11.57  19  
-11.56  22  
-11.55  17  
-11.54  21  
-11.53  26  
-11.52  20  
-11.51  24  
-11.5  15  
-11.49  19  
-11.48  23  
-11.47  11  
-11.46  21  
-11.45  25  
-11.44  32  
-11.43  27  
-11.42  19  
-11.41  21  
-11.4  18  
-11.39  21  
-11.38  21  
-11.37  20  
-11.36  23  
-11.35  35  
-11.34  34  
-11.33  26  
-11.32  26  
-11.31  22  
-11.3  25  
-11.29  22  
-11.28  35  
-11.27  30  
-11.26  32  
-11.25  27  
-11.24  42  
-11.23  26  
-11.22  40  
-11.21  35  
-11.2  27  
-11.19  40  
-11.18  34  
-11.17  23  
-11.16  34  
-11.15  35  
-11.14  36  
-11.13  37  
-11.12  37  
-11.11  32  
-11.1  41  
-11.09  33  
-11.08  40  
-11.07  32  
-11.06  48  
-11.05  49  
-11.04  45  
-11.03  49  
-11.02  35  
-11.01  39  
-11  35  
-10.99  56  
-10.98  38  
-10.97  32  
-10.96  57  
-10.95  41  
-10.94  45  
-10.93  48  
-10.92  48  
-10.91  56  
-10.9  42  
-10.89  58  
-10.88  34  
-10.87  53  
-10.86  66  
-10.85  56  
-10.84  62  
-10.83  63  
-10.82  50  
-10.81  46  
-10.8  61  
-10.79  46  
-10.78  53  
-10.77  53  
-10.76  67  
-10.75  59  
-10.74  62  
-10.73  65  
-10.72  70  
-10.71  63  
-10.7  81  
-10.69  68  
-10.68  59  
-10.67  65  
-10.66  79  
-10.65  66  
-10.64  69  
-10.63  65  
-10.62  87  
-10.61  82  
-10.6  58  
-10.59  67  
-10.58  91  
-10.57  76  
-10.56  71  
-10.55  73  
-10.54  90  
-10.53  79  
-10.52  80  
-10.51  86  
-10.5  76  
-10.49  86  
-10.48  76  
-10.47  89  
-10.46  71  
-10.45  94  
-10.44  77  
-10.43  89  
-10.42  93  
-10.41  89  
-10.4  82  
-10.39  90  
-10.38  110  
-10.37  84  
-10.36  96  
-10.35  88  
-10.34  97  
-10.33  108  
-10.32  117  
-10.31  85  
-10.3  109  
-10.29  96  
-10.28  111  
-10.27  109  
-10.26  124  
-10.25  122  
-10.24  94  
-10.23  108  
-10.22  119  
-10.21  126  
-10.2  117  
-10.19  118  
-10.18  129  
-10.17  101  
-10.16  116  
-10.15  126  
-10.14  102  
-10.13  126  
-10.12  125  
-10.11  114  
-10.1  107  
-10.09  126  
-10.08  123  
-10.07  132  
-10.06  148  
-10.05  130  
-10.04  142  
-10.03  134  
-10.02  135  
-10.01  131  
-10  136  
-9.99  156  
-9.98  156  
-9.97  134  
-9.96  130  
-9.95  147  
-9.94  141  
-9.93  146  
-9.92  151  
-9.91  164  
-9.9  142  
-9.89  169  
-9.88  142  
-9.87  167  
-9.86  170  
-9.85  155  
-9.84  180  
-9.83  151  
-9.82  169  
-9.81  167  
-9.8  162  
-9.79  182  
-9.78  160  
-9.77  170  
-9.76  159  
-9.75  170  
-9.74  150  
-9.73  188  
-9.72  173  
-9.71  167  
-9.7  172  
-9.69  207  
-9.68  180  
-9.67  185  
-9.66  192  
-9.65  172  
-9.64  165  
-9.63  176  
-9.62  216  
-9.61  181  
-9.6  180  
-9.59  194  
-9.58  202  
-9.57  167  
-9.56  200  
-9.55  183  
-9.54  198  
-9.53  199  
-9.52  212  
-9.51  200  
-9.5  220  
-9.49  214  
-9.48  212  
-9.47  208  
-9.46  242  
-9.45  240  
-9.44  229  
-9.43  226  
-9.42  227  
-9.41  200  
-9.4  250  
-9.39  199  
-9.38  211  
-9.37  267  
-9.36  225  
-9.35  271  
-9.34  236  
-9.33  243  
-9.32  226  
-9.31  249  
-9.3  247  
-9.29  226  
-9.28  224  
-9.27  245  
-9.26  256  
-9.25  234  
-9.24  257  
-9.23  253  
-9.22  275  
-9.21  291  
-9.2  267  
-9.19  282  
-9.18  274  
-9.17  292  
-9.16  246  
-9.15  275  
-9.14  263  
-9.13  272  
-9.12  290  
-9.11  312  
-9.1  285  
-9.09  281  
-9.08  284  
-9.07  258  
-9.06  276  
-9.05  294  
-9.04  325  
-9.03  315  
-9.02  262  
-9.01  259  
-9  303  
-8.99  264  
-8.98  300  
-8.97  328  
-8.96  292  
-8.95  315  
-8.94  312  
-8.93  310  
-8.92  285  
-8.91  271  
-8.9  296  
-8.89  293  
-8.88  291  
-8.87  292  
-8.86  310  
-8.85  307  
-8.84  330  
-8.83  315  
-8.82  302  
-8.81  305  
-8.8  320  
-8.79  357  
-8.78  310  
-8.77  334  
-8.76  299  
-8.75  317  
-8.74  323  
-8.73  315  
-8.72  353  
-8.71  359  
-8.7  327  
-8.69  355  
-8.68  299  
-8.67  338  
-8.66  325  
-8.65  360  
-8.64  341  
-8.63  360  
-8.62  349  
-8.61  333  
-8.6  324  
-8.59  340  
-8.58  330  
-8.57  352  
-8.56  331  
-8.55  317  
-8.54  341  
-8.53  324  
-8.52  329  
-8.51  331  
-8.5  340  
-8.49  330  
-8.48  337  
-8.47  355  
-8.46  362  
-8.45  345  
-8.44  365  
-8.43  346  
-8.42  323  
-8.41  301  
-8.4  349  
-8.39  337  
-8.38  322  
-8.37  367  
-8.36  353  
-8.35  350  
-8.34  340  
-8.33  341  
-8.32  357  
-8.31  336  
-8.3  345  
-8.29  384  
-8.28  371  
-8.27  361  
-8.26  395  
-8.25  346  
-8.24  350  
-8.23  315  
-8.22  334  
-8.21  337  
-8.2  359  
-8.19  350  
-8.18  327  
-8.17  387  
-8.16  352  
-8.15  395  
-8.14  363  
-8.13  352  
-8.12  366  
-8.11  355  
-8.1  386  
-8.09  353  
-8.08  355  
-8.07  367  
-8.06  334  
-8.05  361  
-8.04  373  
-8.03  375  
-8.02  369  
-8.01  363  
-8  391  
-7.99  369  
-7.98  414  
-7.97  367  
-7.96  396  
-7.95  360  
-7.94  362  
-7.93  384  
-7.92  369  
-7.91  364  
-7.9  366  
-7.89  378  
-7.88  364  
-7.87  378  
-7.86  369  
-7.85  375  
-7.84  357  
-7.83  333  
-7.82  348  
-7.81  323  
-7.8  330  
-7.79  359  
-7.78  305  
-7.77  348  
-7.76  304  
-7.75  285  
-7.74  301  
-7.73  255  
-7.72  257  
-7.71  270  
-7.7  270  
-7.69  230  
-7.68  203  
-7.67  209  
-7.66  213  
-7.65  171  
-7.64  172  
-7.63  191  
-7.62  156  
-7.61  144  
-7.6  136  
-7.59  128  
-7.58  130  
-7.57  110  
-7.56  96  
-7.55  72  
-7.54  53  
-7.53  70  
-7.52  37  
-7.51  20  
-7.5  31  
-7.49  28  
-7.48  19  
-7.47  16  
-7.46  10  
-7.45  6  
-7.44  10  
-7.43  7  
-7.42  5  
-7.41  5  
-7.4  6  
-7.39  2  
-7.38  3  
-7.37  3  
-7.36  2  
-7.35  5  
-7.34  7  
-7.33  2  
-7.32  3  
-7.31  0  
-7.3  3  
-7.29  1  
-7.28  1  
-7.27  2  
-7.26  1  
-7.25  0  
-7.24  1  
-7.23  1  
-7.22  1  
-7.21  0  
-7.2  0  
-7.19  0  
-7.18  0  
-7.17  1  
-7.16  1  
-7.15  0  
-7.14  1  
-7.13  0  
-7.12  1  
-7.11  1  
-7.1  1  
-7.09  0  
-7.08  2  
-7.07  0  
-7.06  0  
-7.05  0  
-7.04  0  
-7.03  0  
-7.02  0  
-7.01  0  
-7  0  
-6.99  0  
-6.98  0  
-6.97  0  
-6.96  0  
-6.95  0  
-6.94  0  
-6.93  0  
-6.92  0  
-6.91  0  
-6.9  1  
-6.89  0  
-6.88  0  
-6.87  0  
-6.86  0  
-6.85  0  
-6.84  0  
-6.83  0  
-6.82  0  
-6.81  0  
-6.8  0  
-6.79  0  
-6.78  0  
-6.77  0  
-6.76  0  
-6.75  0  
-6.74  0  
-6.73  0  
-6.72  0  
-6.71  0  
-6.7  0  
-6.69  0  
-6.68  0  
-6.67  0  
-6.66  0  
-6.65  0  
-6.64  0  
-6.63  0  
-6.62  0  
-6.61  0  
-6.6  0  
-6.59  0  
-6.58  0  
-6.57  0  
-6.56  0  
-6.55  0  
-6.54  0  
-6.53  0  
-6.52  0  
-6.51  0  
-6.5  0  
-6.49  0  
-6.48  0  
-6.47  0  
-6.46  0  
-6.45  0  
-6.44  0  
-6.43  0  
-6.42  0  
-6.41  0  
-6.4  0  
-6.39  0  
-6.38  0  
-6.37  0  
-6.36  0  
-6.35  0  
-6.34  0  
-6.33  0  
-6.32  0  
-6.31  0  
-6.3  0  
-6.29  0  
-6.28  0  
-6.27  0  
-6.26  0  
-6.25  0  
-6.24  0  
-6.23  0  
-6.22  0  
-6.21  0  
-6.2  0  
-6.19  0  
-6.18  0  
-6.17  0  
-6.16  0  
-6.15  0  
-6.14  0  
-6.13  0  
-6.12  0  
-6.11  0  
-6.1  0  
-6.09  0  
-6.08  0  
-6.07  0  
-6.06  0  
-6.05  0  
-6.04  0  
-6.03  0  
-6.02  0  
-6.01  0  
-6  0  
-5.99  0  
-5.98  0  
-5.97  0  
-5.96  0  
-5.95  0  
-5.94  0  
-5.93  0  
-5.92  0  
-5.91  0  
-5.9  0  
-5.89  0  
-5.88  0  
-5.87  0  
-5.86  0  
-5.85  0  
-5.84  0  
-5.83  0  
-5.82  0  
-5.81  0  
-5.8  0  
-5.79  0  
-5.78  0  
-5.77  0  
-5.76  0  
-5.75  0  
-5.74  0  
-5.73  0  
-5.72  0  
-5.71  0  
-5.7  0  
-5.69  0  
-5.68  0  
-5.67  0  
-5.66  0  
-5.65  0  
-5.64  0  
-5.63  0  
-5.62  0  
-5.61  0  
-5.6  0  
-5.59  0  
-5.58  0  
-5.57  0  
-5.56  0  
-5.55  0  
-5.54  0  
-5.53  0  
-5.52  0  
-5.51  0  
-5.5  0  
-5.49  0  
-5.48  0  
-5.47  0  
-5.46  0  
-5.45  0  
-5.44  0  
-5.43  0  
-5.42  0  
-5.41  0  
-5.4  0  
-5.39  0  
-5.38  0  
-5.37  0  
-5.36  0  
-5.35  0  
-5.34  0  
-5.33  0  
-5.32  0  
-5.31  0  
-5.3  0  
-5.29  0  
-5.28  0  
-5.27  0  
-5.26  0  
-5.25  0  
-5.24  0  
-5.23  0  
-5.22  0  
-5.21  0  
-5.2  0  
-5.19  0  
-5.18  0  
-5.17  0  
-5.16  0  
-5.15  0  
-5.14  0  
-5.13  0  
-5.12  0  
-5.11  0  
-5.1  0  
-5.09  0  
-5.08  0  
-5.07  0  
-5.06  0  
-5.05  0  
-5.04  0  
-5.03  0  
-5.02  0  
-5.01  0  
-5  0  
-4.99  0  
-4.98  0  
-4.97  0  
-4.96  0  
-4.95  0  
-4.94  0  
-4.93  0  
-4.92  0  
-4.91  0  
-4.9  0  
-4.89  0  
-4.88  0  
-4.87  0  
-4.86  0  
-4.85  0  
-4.84  0  
-4.83  0  
-4.82  0  
-4.81  0  
-4.8  0  
-4.79  0  
-4.78  0  
-4.77  0  
-4.76  0  
-4.75  0  
-4.74  0  
-4.73  0  
-4.72  0  
-4.71  0  
-4.7  0  
-4.69  0  
-4.68  0  
-4.67  0  
-4.66  0  
-4.65  0  
-4.64  0  
-4.63  0  
-4.62  0  
-4.61  0  
-4.6  0  
-4.59  0  
-4.58  0  
-4.57  0  
-4.56  0  
-4.55  0  
-4.54  0  
-4.53  0  
-4.52  0  
-4.51  0  
-4.5  0  
-4.49  0  
-4.48  0  
-4.47  0  
-4.46  0  
-4.45  0  
-4.44  0  
-4.43  0  
-4.42  0  
-4.41  0  
-4.4  0  
-4.39  0  
-4.38  0  
-4.37  0  
-4.36  0  
-4.35  0  
-4.34  0  
-4.33  0  
-4.32  0  
-4.31  0  
-4.3  0  
-4.29  0  
-4.28  0  
-4.27  0  
-4.26  0  
-4.25  0  
-4.24  0  
-4.23  0  
-4.22  0  
-4.21  0  
-4.2  0  
-4.19  0  
-4.18  0  
-4.17  0  
-4.16  0  
-4.15  0  
-4.14  0  
-4.13  0  
-4.12  0  
-4.11  0  
-4.1  0  
-4.09  0  
-4.08  0  
-4.07  0  
-4.06  0  
-4.05  0  
-4.04  0  
-4.03  0  
-4.02  0  
-4.01  0  
-4  0  
-3.99  0  
-3.98  0  
-3.97  0  
-3.96  0  
-3.95  0  
-3.94  0  
-3.93  0  
-3.92  0  
-3.91  0  
-3.9  0  
-3.89  0  
-3.88  0  
-3.87  0  
-3.86  0  
-3.85  0  
-3.84  0  
-3.83  0  
-3.82  0  
-3.81  0  
-3.8  0  
-3.79  0  
-3.78  0  
-3.77  0  
-3.76  0  
-3.75  0  
-3.74  0  
-3.73  0  
-3.72  0  
-3.71  0  
-3.7  0  
-3.69  0  
-3.68  0  
-3.67  0  
-3.66  0  
-3.65  0  
-3.64  0  
-3.63  0  
-3.62  0  
-3.61  0  
-3.6  0  
-3.59  0  
-3.58  0  
-3.57  0  
-3.56  0  
-3.55  0  
-3.54  0  
-3.53  0  
-3.52  0  
-3.51  0  
-3.5  0  
-3.49  0  
-3.48  0  
-3.47  0  
-3.46  0  
-3.45  0  
-3.44  0  
-3.43  0  
-3.42  0  
-3.41  0  
-3.4  0  
-3.39  0  
-3.38  0  
-3.37  0  
-3.36  0  
-3.35  0  
-3.34  0  
-3.33  0  
-3.32  0  
-3.31  0  
-3.3  0  
-3.29  0  
-3.28  0  
-3.27  0  
-3.26  0  
-3.25  0  
-3.24  0  
-3.23  0  
-3.22  0  
-3.21  0  
-3.2  0  
-3.19  0  
-3.18  0  
-3.17  0  
-3.16  0  
-3.15  0  
-3.14  0  
-3.13  0  
-3.12  0  
-3.11  0  
-3.1  0  
-3.09  0  
-3.08  0  
-3.07  0  
-3.06  0  
-3.05  0  
-3.04  0  
-3.03  0  
-3.02  0  
-3.01  0  
-3  0  
