9 isr_2_4__j__j__P__nu_e__e+__j 310000 310000 3.23921631581e-10 46
Threshold_Central_18094 30365 0.34092997788 0.34092997788 0.805510487728 3.67423384643e-10 5.38722342888e-21 1.29612720153e-19
Threshold_Forward_18094 12724 0.13570087127 0.13570087127 1.41351398039 3.75872996748e-10 7.05061056707e-21 1.34229899118e-19
Threshold_Backward_18094 25442 0.295907076792 0.295907076792 0.680150415802 3.55930598186e-10 4.56901357118e-21 1.22117577154e-19
Threshold_Central_8241 5516 0.107920985328 0.107920985328 2.99921748002 2.96603721034e-10 3.65367515781e-22 8.76083998153e-20
Threshold_Forward_8241 0 0 0 0 0 0 0
Threshold_Backward_8241 5953 0.119541088731 0.119541088731 1.16101582819 2.90686568532e-10 1.94957947237e-22 8.43037231777e-20
Simple_Pole_Uniform_50 0 0 0 0 0 0 0
Simple_Pole_Forward_50 0 0 0 0 0 0 0
Simple_Pole_Backward_50 0 0 0 0 0 0 0
