10 1002 -12 -2 464  0  128089
-12  2  
-11.99  5  
-11.98  5  
-11.97  1  
-11.96  5  
-11.95  5  
-11.94  6  
-11.93  6  
-11.92  2  
-11.91  1  
-11.9  4  
-11.89  5  
-11.88  3  
-11.87  2  
-11.86  3  
-11.85  4  
-11.84  8  
-11.83  5  
-11.82  5  
-11.81  2  
-11.8  3  
-11.79  6  
-11.78  8  
-11.77  3  
-11.76  0  
-11.75  3  
-11.74  6  
-11.73  1  
-11.72  8  
-11.71  5  
-11.7  3  
-11.69  7  
-11.68  5  
-11.67  0  
-11.66  7  
-11.65  3  
-11.64  6  
-11.63  6  
-11.62  8  
-11.61  5  
-11.6  7  
-11.59  8  
-11.58  9  
-11.57  8  
-11.56  8  
-11.55  5  
-11.54  3  
-11.53  5  
-11.52  4  
-11.51  6  
-11.5  7  
-11.49  5  
-11.48  5  
-11.47  5  
-11.46  5  
-11.45  4  
-11.44  7  
-11.43  3  
-11.42  7  
-11.41  7  
-11.4  6  
-11.39  8  
-11.38  6  
-11.37  7  
-11.36  10  
-11.35  11  
-11.34  4  
-11.33  7  
-11.32  9  
-11.31  7  
-11.3  5  
-11.29  7  
-11.28  4  
-11.27  5  
-11.26  10  
-11.25  15  
-11.24  9  
-11.23  9  
-11.22  7  
-11.21  12  
-11.2  12  
-11.19  10  
-11.18  10  
-11.17  10  
-11.16  5  
-11.15  9  
-11.14  18  
-11.13  7  
-11.12  12  
-11.11  6  
-11.1  4  
-11.09  10  
-11.08  11  
-11.07  14  
-11.06  11  
-11.05  11  
-11.04  7  
-11.03  9  
-11.02  16  
-11.01  15  
-11  13  
-10.99  13  
-10.98  12  
-10.97  13  
-10.96  8  
-10.95  19  
-10.94  12  
-10.93  20  
-10.92  4  
-10.91  9  
-10.9  16  
-10.89  17  
-10.88  11  
-10.87  12  
-10.86  16  
-10.85  16  
-10.84  13  
-10.83  19  
-10.82  13  
-10.81  13  
-10.8  15  
-10.79  13  
-10.78  12  
-10.77  25  
-10.76  23  
-10.75  16  
-10.74  21  
-10.73  24  
-10.72  18  
-10.71  21  
-10.7  17  
-10.69  18  
-10.68  24  
-10.67  18  
-10.66  25  
-10.65  18  
-10.64  25  
-10.63  14  
-10.62  20  
-10.61  17  
-10.6  29  
-10.59  20  
-10.58  28  
-10.57  18  
-10.56  22  
-10.55  27  
-10.54  18  
-10.53  32  
-10.52  26  
-10.51  18  
-10.5  23  
-10.49  21  
-10.48  20  
-10.47  26  
-10.46  29  
-10.45  30  
-10.44  28  
-10.43  27  
-10.42  24  
-10.41  33  
-10.4  30  
-10.39  26  
-10.38  27  
-10.37  33  
-10.36  43  
-10.35  34  
-10.34  28  
-10.33  33  
-10.32  35  
-10.31  26  
-10.3  27  
-10.29  25  
-10.28  39  
-10.27  35  
-10.26  41  
-10.25  37  
-10.24  36  
-10.23  40  
-10.22  42  
-10.21  26  
-10.2  41  
-10.19  35  
-10.18  34  
-10.17  35  
-10.16  46  
-10.15  38  
-10.14  52  
-10.13  34  
-10.12  42  
-10.11  47  
-10.1  38  
-10.09  39  
-10.08  34  
-10.07  46  
-10.06  48  
-10.05  41  
-10.04  56  
-10.03  55  
-10.02  52  
-10.01  48  
-10  42  
-9.99  55  
-9.98  54  
-9.97  61  
-9.96  58  
-9.95  53  
-9.94  61  
-9.93  59  
-9.92  53  
-9.91  65  
-9.9  50  
-9.89  49  
-9.88  66  
-9.87  58  
-9.86  68  
-9.85  72  
-9.84  69  
-9.83  73  
-9.82  56  
-9.81  59  
-9.8  63  
-9.79  69  
-9.78  79  
-9.77  63  
-9.76  74  
-9.75  80  
-9.74  54  
-9.73  82  
-9.72  81  
-9.71  80  
-9.7  75  
-9.69  96  
-9.68  88  
-9.67  87  
-9.66  80  
-9.65  74  
-9.64  87  
-9.63  82  
-9.62  87  
-9.61  82  
-9.6  87  
-9.59  87  
-9.58  75  
-9.57  80  
-9.56  89  
-9.55  108  
-9.54  107  
-9.53  133  
-9.52  97  
-9.51  90  
-9.5  87  
-9.49  93  
-9.48  99  
-9.47  103  
-9.46  106  
-9.45  104  
-9.44  114  
-9.43  112  
-9.42  124  
-9.41  99  
-9.4  115  
-9.39  109  
-9.38  121  
-9.37  136  
-9.36  112  
-9.35  107  
-9.34  155  
-9.33  124  
-9.32  132  
-9.31  128  
-9.3  158  
-9.29  133  
-9.28  152  
-9.27  158  
-9.26  142  
-9.25  173  
-9.24  163  
-9.23  150  
-9.22  126  
-9.21  158  
-9.2  154  
-9.19  162  
-9.18  172  
-9.17  169  
-9.16  160  
-9.15  166  
-9.14  186  
-9.13  175  
-9.12  170  
-9.11  176  
-9.1  169  
-9.09  204  
-9.08  210  
-9.07  172  
-9.06  183  
-9.05  196  
-9.04  208  
-9.03  187  
-9.02  185  
-9.01  209  
-9  232  
-8.99  229  
-8.98  233  
-8.97  240  
-8.96  225  
-8.95  258  
-8.94  230  
-8.93  201  
-8.92  259  
-8.91  242  
-8.9  238  
-8.89  236  
-8.88  247  
-8.87  220  
-8.86  263  
-8.85  250  
-8.84  290  
-8.83  283  
-8.82  267  
-8.81  309  
-8.8  277  
-8.79  274  
-8.78  300  
-8.77  273  
-8.76  298  
-8.75  282  
-8.74  295  
-8.73  309  
-8.72  309  
-8.71  307  
-8.7  317  
-8.69  325  
-8.68  311  
-8.67  347  
-8.66  341  
-8.65  326  
-8.64  337  
-8.63  319  
-8.62  350  
-8.61  350  
-8.6  355  
-8.59  355  
-8.58  343  
-8.57  382  
-8.56  354  
-8.55  367  
-8.54  368  
-8.53  349  
-8.52  363  
-8.51  341  
-8.5  318  
-8.49  365  
-8.48  395  
-8.47  329  
-8.46  338  
-8.45  336  
-8.44  326  
-8.43  346  
-8.42  338  
-8.41  323  
-8.4  335  
-8.39  374  
-8.38  328  
-8.37  322  
-8.36  303  
-8.35  323  
-8.34  351  
-8.33  354  
-8.32  363  
-8.31  352  
-8.3  376  
-8.29  316  
-8.28  386  
-8.27  327  
-8.26  336  
-8.25  334  
-8.24  361  
-8.23  334  
-8.22  330  
-8.21  340  
-8.2  312  
-8.19  343  
-8.18  326  
-8.17  345  
-8.16  319  
-8.15  312  
-8.14  321  
-8.13  321  
-8.12  300  
-8.11  345  
-8.1  309  
-8.09  290  
-8.08  288  
-8.07  326  
-8.06  304  
-8.05  284  
-8.04  303  
-8.03  315  
-8.02  320  
-8.01  320  
-8  287  
-7.99  291  
-7.98  302  
-7.97  302  
-7.96  326  
-7.95  311  
-7.94  300  
-7.93  309  
-7.92  302  
-7.91  291  
-7.9  292  
-7.89  274  
-7.88  268  
-7.87  272  
-7.86  299  
-7.85  253  
-7.84  266  
-7.83  276  
-7.82  270  
-7.81  281  
-7.8  271  
-7.79  273  
-7.78  270  
-7.77  265  
-7.76  271  
-7.75  235  
-7.74  271  
-7.73  251  
-7.72  273  
-7.71  255  
-7.7  245  
-7.69  276  
-7.68  210  
-7.67  236  
-7.66  218  
-7.65  248  
-7.64  245  
-7.63  230  
-7.62  265  
-7.61  231  
-7.6  241  
-7.59  242  
-7.58  233  
-7.57  222  
-7.56  215  
-7.55  240  
-7.54  231  
-7.53  199  
-7.52  233  
-7.51  216  
-7.5  217  
-7.49  215  
-7.48  217  
-7.47  255  
-7.46  254  
-7.45  205  
-7.44  224  
-7.43  216  
-7.42  211  
-7.41  212  
-7.4  189  
-7.39  194  
-7.38  198  
-7.37  199  
-7.36  201  
-7.35  192  
-7.34  227  
-7.33  199  
-7.32  200  
-7.31  174  
-7.3  184  
-7.29  188  
-7.28  172  
-7.27  187  
-7.26  211  
-7.25  212  
-7.24  212  
-7.23  195  
-7.22  182  
-7.21  205  
-7.2  187  
-7.19  201  
-7.18  197  
-7.17  168  
-7.16  204  
-7.15  202  
-7.14  207  
-7.13  191  
-7.12  205  
-7.11  255  
-7.1  217  
-7.09  232  
-7.08  260  
-7.07  239  
-7.06  248  
-7.05  262  
-7.04  295  
-7.03  287  
-7.02  298  
-7.01  333  
-7  350  
-6.99  351  
-6.98  335  
-6.97  362  
-6.96  372  
-6.95  353  
-6.94  360  
-6.93  369  
-6.92  345  
-6.91  393  
-6.9  397  
-6.89  390  
-6.88  365  
-6.87  379  
-6.86  379  
-6.85  331  
-6.84  309  
-6.83  285  
-6.82  285  
-6.81  256  
-6.8  217  
-6.79  218  
-6.78  193  
-6.77  139  
-6.76  133  
-6.75  142  
-6.74  111  
-6.73  120  
-6.72  106  
-6.71  91  
-6.7  94  
-6.69  73  
-6.68  79  
-6.67  76  
-6.66  60  
-6.65  63  
-6.64  57  
-6.63  70  
-6.62  67  
-6.61  57  
-6.6  40  
-6.59  41  
-6.58  44  
-6.57  46  
-6.56  33  
-6.55  35  
-6.54  38  
-6.53  39  
-6.52  36  
-6.51  40  
-6.5  22  
-6.49  17  
-6.48  25  
-6.47  21  
-6.46  16  
-6.45  17  
-6.44  15  
-6.43  19  
-6.42  17  
-6.41  24  
-6.4  7  
-6.39  12  
-6.38  8  
-6.37  8  
-6.36  11  
-6.35  6  
-6.34  11  
-6.33  4  
-6.32  8  
-6.31  2  
-6.3  7  
-6.29  4  
-6.28  3  
-6.27  4  
-6.26  3  
-6.25  0  
-6.24  2  
-6.23  1  
-6.22  1  
-6.21  3  
-6.2  2  
-6.19  1  
-6.18  1  
-6.17  1  
-6.16  1  
-6.15  0  
-6.14  2  
-6.13  2  
-6.12  0  
-6.11  0  
-6.1  0  
-6.09  0  
-6.08  3  
-6.07  1  
-6.06  2  
-6.05  1  
-6.04  0  
-6.03  0  
-6.02  1  
-6.01  0  
-6  0  
-5.99  0  
-5.98  0  
-5.97  0  
-5.96  0  
-5.95  0  
-5.94  1  
-5.93  0  
-5.92  0  
-5.91  0  
-5.9  0  
-5.89  1  
-5.88  0  
-5.87  0  
-5.86  0  
-5.85  0  
-5.84  0  
-5.83  1  
-5.82  0  
-5.81  0  
-5.8  0  
-5.79  0  
-5.78  1  
-5.77  0  
-5.76  0  
-5.75  1  
-5.74  0  
-5.73  0  
-5.72  0  
-5.71  0  
-5.7  0  
-5.69  1  
-5.68  0  
-5.67  0  
-5.66  0  
-5.65  0  
-5.64  0  
-5.63  0  
-5.62  0  
-5.61  0  
-5.6  0  
-5.59  0  
-5.58  0  
-5.57  0  
-5.56  0  
-5.55  0  
-5.54  0  
-5.53  0  
-5.52  0  
-5.51  0  
-5.5  0  
-5.49  0  
-5.48  0  
-5.47  0  
-5.46  0  
-5.45  0  
-5.44  0  
-5.43  0  
-5.42  0  
-5.41  0  
-5.4  0  
-5.39  0  
-5.38  0  
-5.37  0  
-5.36  0  
-5.35  0  
-5.34  0  
-5.33  0  
-5.32  0  
-5.31  0  
-5.3  0  
-5.29  0  
-5.28  0  
-5.27  0  
-5.26  0  
-5.25  0  
-5.24  0  
-5.23  0  
-5.22  0  
-5.21  0  
-5.2  0  
-5.19  0  
-5.18  0  
-5.17  0  
-5.16  0  
-5.15  0  
-5.14  0  
-5.13  0  
-5.12  0  
-5.11  0  
-5.1  0  
-5.09  0  
-5.08  0  
-5.07  0  
-5.06  0  
-5.05  0  
-5.04  0  
-5.03  0  
-5.02  0  
-5.01  0  
-5  0  
-4.99  0  
-4.98  0  
-4.97  0  
-4.96  0  
-4.95  0  
-4.94  0  
-4.93  0  
-4.92  0  
-4.91  0  
-4.9  0  
-4.89  0  
-4.88  0  
-4.87  0  
-4.86  0  
-4.85  0  
-4.84  0  
-4.83  0  
-4.82  0  
-4.81  0  
-4.8  0  
-4.79  0  
-4.78  0  
-4.77  0  
-4.76  0  
-4.75  0  
-4.74  0  
-4.73  0  
-4.72  0  
-4.71  0  
-4.7  0  
-4.69  0  
-4.68  0  
-4.67  0  
-4.66  0  
-4.65  0  
-4.64  0  
-4.63  0  
-4.62  0  
-4.61  0  
-4.6  0  
-4.59  0  
-4.58  0  
-4.57  0  
-4.56  0  
-4.55  0  
-4.54  0  
-4.53  0  
-4.52  0  
-4.51  0  
-4.5  0  
-4.49  0  
-4.48  0  
-4.47  0  
-4.46  0  
-4.45  0  
-4.44  0  
-4.43  0  
-4.42  0  
-4.41  0  
-4.4  0  
-4.39  0  
-4.38  0  
-4.37  0  
-4.36  0  
-4.35  0  
-4.34  0  
-4.33  0  
-4.32  0  
-4.31  0  
-4.3  0  
-4.29  0  
-4.28  0  
-4.27  0  
-4.26  0  
-4.25  0  
-4.24  0  
-4.23  0  
-4.22  0  
-4.21  0  
-4.2  0  
-4.19  0  
-4.18  0  
-4.17  0  
-4.16  0  
-4.15  0  
-4.14  0  
-4.13  0  
-4.12  0  
-4.11  0  
-4.1  0  
-4.09  0  
-4.08  0  
-4.07  0  
-4.06  0  
-4.05  0  
-4.04  0  
-4.03  0  
-4.02  0  
-4.01  0  
-4  0  
-3.99  0  
-3.98  0  
-3.97  0  
-3.96  0  
-3.95  0  
-3.94  0  
-3.93  0  
-3.92  0  
-3.91  0  
-3.9  0  
-3.89  0  
-3.88  0  
-3.87  0  
-3.86  0  
-3.85  0  
-3.84  0  
-3.83  0  
-3.82  0  
-3.81  0  
-3.8  0  
-3.79  0  
-3.78  0  
-3.77  0  
-3.76  0  
-3.75  0  
-3.74  0  
-3.73  0  
-3.72  0  
-3.71  0  
-3.7  0  
-3.69  0  
-3.68  0  
-3.67  0  
-3.66  0  
-3.65  0  
-3.64  0  
-3.63  0  
-3.62  0  
-3.61  0  
-3.6  0  
-3.59  0  
-3.58  0  
-3.57  0  
-3.56  0  
-3.55  0  
-3.54  0  
-3.53  0  
-3.52  0  
-3.51  0  
-3.5  0  
-3.49  0  
-3.48  0  
-3.47  0  
-3.46  0  
-3.45  0  
-3.44  0  
-3.43  0  
-3.42  0  
-3.41  0  
-3.4  0  
-3.39  0  
-3.38  0  
-3.37  0  
-3.36  0  
-3.35  0  
-3.34  0  
-3.33  0  
-3.32  0  
-3.31  0  
-3.3  0  
-3.29  0  
-3.28  0  
-3.27  0  
-3.26  0  
-3.25  0  
-3.24  0  
-3.23  0  
-3.22  0  
-3.21  0  
-3.2  0  
-3.19  0  
-3.18  0  
-3.17  0  
-3.16  0  
-3.15  0  
-3.14  0  
-3.13  0  
-3.12  0  
-3.11  0  
-3.1  0  
-3.09  0  
-3.08  0  
-3.07  0  
-3.06  0  
-3.05  0  
-3.04  0  
-3.03  0  
-3.02  0  
-3.01  0  
-3  0  
-2.99  0  
-2.98  0  
-2.97  0  
-2.96  0  
-2.95  0  
-2.94  0  
-2.93  0  
-2.92  0  
-2.91  0  
-2.9  0  
-2.89  0  
-2.88  0  
-2.87  0  
-2.86  0  
-2.85  0  
-2.84  0  
-2.83  0  
-2.82  0  
-2.81  0  
-2.8  0  
-2.79  0  
-2.78  0  
-2.77  0  
-2.76  0  
-2.75  0  
-2.74  0  
-2.73  0  
-2.72  0  
-2.71  0  
-2.7  0  
-2.69  0  
-2.68  0  
-2.67  0  
-2.66  0  
-2.65  0  
-2.64  0  
-2.63  0  
-2.62  0  
-2.61  0  
-2.6  0  
-2.59  0  
-2.58  0  
-2.57  0  
-2.56  0  
-2.55  0  
-2.54  0  
-2.53  0  
-2.52  0  
-2.51  0  
-2.5  0  
-2.49  0  
-2.48  0  
-2.47  0  
-2.46  0  
-2.45  0  
-2.44  0  
-2.43  0  
-2.42  0  
-2.41  0  
-2.4  0  
-2.39  0  
-2.38  0  
-2.37  0  
-2.36  0  
-2.35  0  
-2.34  0  
-2.33  0  
-2.32  0  
-2.31  0  
-2.3  0  
-2.29  0  
-2.28  0  
-2.27  0  
-2.26  0  
-2.25  0  
-2.24  0  
-2.23  0  
-2.22  0  
-2.21  0  
-2.2  0  
-2.19  0  
-2.18  0  
-2.17  0  
-2.16  0  
-2.15  0  
-2.14  0  
-2.13  0  
-2.12  0  
-2.11  0  
-2.1  0  
-2.09  0  
-2.08  0  
-2.07  0  
-2.06  0  
-2.05  0  
-2.04  0  
-2.03  0  
-2.02  0  
-2.01  0  
-2  0  
