10 1002 -13 -3 833  0  128089
-13  5  
-12.99  6  
-12.98  6  
-12.97  4  
-12.96  8  
-12.95  5  
-12.94  8  
-12.93  7  
-12.92  6  
-12.91  9  
-12.9  2  
-12.89  7  
-12.88  12  
-12.87  7  
-12.86  7  
-12.85  4  
-12.84  8  
-12.83  13  
-12.82  8  
-12.81  14  
-12.8  8  
-12.79  11  
-12.78  5  
-12.77  12  
-12.76  9  
-12.75  11  
-12.74  12  
-12.73  8  
-12.72  15  
-12.71  9  
-12.7  15  
-12.69  10  
-12.68  8  
-12.67  11  
-12.66  12  
-12.65  12  
-12.64  12  
-12.63  8  
-12.62  6  
-12.61  6  
-12.6  11  
-12.59  12  
-12.58  15  
-12.57  14  
-12.56  13  
-12.55  11  
-12.54  9  
-12.53  12  
-12.52  9  
-12.51  12  
-12.5  16  
-12.49  14  
-12.48  11  
-12.47  17  
-12.46  18  
-12.45  17  
-12.44  8  
-12.43  10  
-12.42  19  
-12.41  11  
-12.4  24  
-12.39  17  
-12.38  15  
-12.37  14  
-12.36  14  
-12.35  14  
-12.34  21  
-12.33  15  
-12.32  14  
-12.31  17  
-12.3  14  
-12.29  16  
-12.28  18  
-12.27  17  
-12.26  15  
-12.25  15  
-12.24  23  
-12.23  19  
-12.22  18  
-12.21  18  
-12.2  15  
-12.19  11  
-12.18  13  
-12.17  23  
-12.16  26  
-12.15  21  
-12.14  25  
-12.13  23  
-12.12  23  
-12.11  18  
-12.1  22  
-12.09  22  
-12.08  18  
-12.07  24  
-12.06  19  
-12.05  28  
-12.04  19  
-12.03  22  
-12.02  23  
-12.01  32  
-12  21  
-11.99  27  
-11.98  38  
-11.97  34  
-11.96  24  
-11.95  31  
-11.94  39  
-11.93  26  
-11.92  29  
-11.91  30  
-11.9  29  
-11.89  27  
-11.88  32  
-11.87  23  
-11.86  34  
-11.85  36  
-11.84  23  
-11.83  26  
-11.82  33  
-11.81  22  
-11.8  27  
-11.79  32  
-11.78  32  
-11.77  28  
-11.76  34  
-11.75  37  
-11.74  37  
-11.73  34  
-11.72  32  
-11.71  34  
-11.7  31  
-11.69  32  
-11.68  51  
-11.67  35  
-11.66  36  
-11.65  39  
-11.64  40  
-11.63  47  
-11.62  39  
-11.61  55  
-11.6  47  
-11.59  54  
-11.58  46  
-11.57  48  
-11.56  58  
-11.55  50  
-11.54  49  
-11.53  50  
-11.52  52  
-11.51  53  
-11.5  42  
-11.49  57  
-11.48  49  
-11.47  46  
-11.46  48  
-11.45  55  
-11.44  39  
-11.43  57  
-11.42  47  
-11.41  44  
-11.4  60  
-11.39  51  
-11.38  51  
-11.37  77  
-11.36  52  
-11.35  54  
-11.34  71  
-11.33  52  
-11.32  66  
-11.31  58  
-11.3  56  
-11.29  83  
-11.28  65  
-11.27  68  
-11.26  64  
-11.25  66  
-11.24  75  
-11.23  73  
-11.22  63  
-11.21  61  
-11.2  81  
-11.19  94  
-11.18  80  
-11.17  82  
-11.16  65  
-11.15  74  
-11.14  70  
-11.13  86  
-11.12  65  
-11.11  78  
-11.1  81  
-11.09  86  
-11.08  83  
-11.07  96  
-11.06  90  
-11.05  87  
-11.04  76  
-11.03  88  
-11.02  99  
-11.01  100  
-11  89  
-10.99  85  
-10.98  109  
-10.97  96  
-10.96  92  
-10.95  95  
-10.94  97  
-10.93  106  
-10.92  112  
-10.91  114  
-10.9  115  
-10.89  94  
-10.88  96  
-10.87  100  
-10.86  110  
-10.85  116  
-10.84  119  
-10.83  130  
-10.82  113  
-10.81  124  
-10.8  127  
-10.79  108  
-10.78  143  
-10.77  132  
-10.76  123  
-10.75  116  
-10.74  121  
-10.73  136  
-10.72  132  
-10.71  112  
-10.7  106  
-10.69  114  
-10.68  128  
-10.67  123  
-10.66  136  
-10.65  134  
-10.64  133  
-10.63  126  
-10.62  147  
-10.61  137  
-10.6  115  
-10.59  124  
-10.58  120  
-10.57  140  
-10.56  138  
-10.55  137  
-10.54  157  
-10.53  141  
-10.52  123  
-10.51  126  
-10.5  151  
-10.49  140  
-10.48  145  
-10.47  159  
-10.46  154  
-10.45  151  
-10.44  148  
-10.43  155  
-10.42  141  
-10.41  160  
-10.4  160  
-10.39  160  
-10.38  180  
-10.37  154  
-10.36  161  
-10.35  177  
-10.34  176  
-10.33  199  
-10.32  190  
-10.31  174  
-10.3  166  
-10.29  192  
-10.28  192  
-10.27  176  
-10.26  165  
-10.25  159  
-10.24  184  
-10.23  212  
-10.22  187  
-10.21  195  
-10.2  179  
-10.19  172  
-10.18  186  
-10.17  178  
-10.16  205  
-10.15  206  
-10.14  176  
-10.13  186  
-10.12  203  
-10.11  216  
-10.1  195  
-10.09  185  
-10.08  178  
-10.07  192  
-10.06  218  
-10.05  194  
-10.04  214  
-10.03  210  
-10.02  244  
-10.01  212  
-10  211  
-9.99  224  
-9.98  211  
-9.97  229  
-9.96  239  
-9.95  211  
-9.94  222  
-9.93  201  
-9.92  225  
-9.91  206  
-9.9  224  
-9.89  222  
-9.88  231  
-9.87  208  
-9.86  239  
-9.85  207  
-9.84  229  
-9.83  247  
-9.82  269  
-9.81  219  
-9.8  244  
-9.79  243  
-9.78  236  
-9.77  230  
-9.76  236  
-9.75  237  
-9.74  236  
-9.73  232  
-9.72  237  
-9.71  270  
-9.7  249  
-9.69  271  
-9.68  236  
-9.67  228  
-9.66  230  
-9.65  254  
-9.64  236  
-9.63  267  
-9.62  235  
-9.61  271  
-9.6  252  
-9.59  245  
-9.58  245  
-9.57  254  
-9.56  286  
-9.55  264  
-9.54  240  
-9.53  287  
-9.52  254  
-9.51  244  
-9.5  285  
-9.49  267  
-9.48  242  
-9.47  288  
-9.46  242  
-9.45  279  
-9.44  267  
-9.43  269  
-9.42  272  
-9.41  278  
-9.4  253  
-9.39  306  
-9.38  261  
-9.37  249  
-9.36  263  
-9.35  276  
-9.34  299  
-9.33  265  
-9.32  268  
-9.31  295  
-9.3  286  
-9.29  285  
-9.28  294  
-9.27  263  
-9.26  275  
-9.25  280  
-9.24  312  
-9.23  262  
-9.22  293  
-9.21  288  
-9.2  286  
-9.19  281  
-9.18  287  
-9.17  239  
-9.16  288  
-9.15  258  
-9.14  277  
-9.13  281  
-9.12  294  
-9.11  287  
-9.1  262  
-9.09  288  
-9.08  255  
-9.07  291  
-9.06  286  
-9.05  290  
-9.04  251  
-9.03  286  
-9.02  286  
-9.01  298  
-9  264  
-8.99  249  
-8.98  270  
-8.97  255  
-8.96  259  
-8.95  274  
-8.94  256  
-8.93  251  
-8.92  243  
-8.91  246  
-8.9  267  
-8.89  297  
-8.88  265  
-8.87  275  
-8.86  249  
-8.85  277  
-8.84  276  
-8.83  254  
-8.82  258  
-8.81  234  
-8.8  268  
-8.79  241  
-8.78  241  
-8.77  237  
-8.76  247  
-8.75  252  
-8.74  239  
-8.73  219  
-8.72  233  
-8.71  209  
-8.7  237  
-8.69  219  
-8.68  248  
-8.67  255  
-8.66  218  
-8.65  230  
-8.64  237  
-8.63  230  
-8.62  215  
-8.61  244  
-8.6  230  
-8.59  181  
-8.58  250  
-8.57  229  
-8.56  235  
-8.55  189  
-8.54  247  
-8.53  191  
-8.52  230  
-8.51  230  
-8.5  199  
-8.49  208  
-8.48  224  
-8.47  212  
-8.46  226  
-8.45  209  
-8.44  196  
-8.43  211  
-8.42  194  
-8.41  211  
-8.4  208  
-8.39  196  
-8.38  220  
-8.37  211  
-8.36  181  
-8.35  201  
-8.34  197  
-8.33  216  
-8.32  200  
-8.31  205  
-8.3  191  
-8.29  199  
-8.28  186  
-8.27  161  
-8.26  169  
-8.25  197  
-8.24  174  
-8.23  173  
-8.22  192  
-8.21  195  
-8.2  189  
-8.19  182  
-8.18  167  
-8.17  199  
-8.16  152  
-8.15  187  
-8.14  172  
-8.13  180  
-8.12  159  
-8.11  169  
-8.1  150  
-8.09  159  
-8.08  171  
-8.07  167  
-8.06  167  
-8.05  145  
-8.04  145  
-8.03  157  
-8.02  164  
-8.01  163  
-8  143  
-7.99  152  
-7.98  170  
-7.97  145  
-7.96  136  
-7.95  160  
-7.94  170  
-7.93  145  
-7.92  164  
-7.91  137  
-7.9  145  
-7.89  140  
-7.88  155  
-7.87  143  
-7.86  152  
-7.85  132  
-7.84  132  
-7.83  117  
-7.82  147  
-7.81  149  
-7.8  152  
-7.79  134  
-7.78  125  
-7.77  140  
-7.76  131  
-7.75  133  
-7.74  145  
-7.73  119  
-7.72  141  
-7.71  122  
-7.7  124  
-7.69  143  
-7.68  138  
-7.67  127  
-7.66  128  
-7.65  133  
-7.64  145  
-7.63  146  
-7.62  138  
-7.61  131  
-7.6  138  
-7.59  128  
-7.58  137  
-7.57  150  
-7.56  139  
-7.55  173  
-7.54  150  
-7.53  161  
-7.52  140  
-7.51  134  
-7.5  132  
-7.49  170  
-7.48  166  
-7.47  148  
-7.46  146  
-7.45  137  
-7.44  140  
-7.43  149  
-7.42  128  
-7.41  146  
-7.4  111  
-7.39  116  
-7.38  125  
-7.37  116  
-7.36  114  
-7.35  102  
-7.34  100  
-7.33  93  
-7.32  89  
-7.31  82  
-7.3  74  
-7.29  57  
-7.28  81  
-7.27  60  
-7.26  53  
-7.25  33  
-7.24  33  
-7.23  29  
-7.22  35  
-7.21  28  
-7.2  31  
-7.19  18  
-7.18  20  
-7.17  24  
-7.16  18  
-7.15  11  
-7.14  14  
-7.13  18  
-7.12  12  
-7.11  8  
-7.1  14  
-7.09  8  
-7.08  7  
-7.07  12  
-7.06  5  
-7.05  8  
-7.04  10  
-7.03  8  
-7.02  4  
-7.01  4  
-7  4  
-6.99  4  
-6.98  8  
-6.97  2  
-6.96  5  
-6.95  3  
-6.94  2  
-6.93  1  
-6.92  3  
-6.91  2  
-6.9  1  
-6.89  1  
-6.88  0  
-6.87  4  
-6.86  1  
-6.85  1  
-6.84  1  
-6.83  1  
-6.82  0  
-6.81  1  
-6.8  0  
-6.79  0  
-6.78  0  
-6.77  1  
-6.76  0  
-6.75  0  
-6.74  0  
-6.73  0  
-6.72  0  
-6.71  0  
-6.7  0  
-6.69  0  
-6.68  0  
-6.67  0  
-6.66  0  
-6.65  0  
-6.64  0  
-6.63  0  
-6.62  0  
-6.61  0  
-6.6  0  
-6.59  0  
-6.58  0  
-6.57  0  
-6.56  0  
-6.55  0  
-6.54  0  
-6.53  0  
-6.52  0  
-6.51  0  
-6.5  0  
-6.49  0  
-6.48  0  
-6.47  0  
-6.46  0  
-6.45  0  
-6.44  0  
-6.43  0  
-6.42  0  
-6.41  0  
-6.4  0  
-6.39  0  
-6.38  0  
-6.37  0  
-6.36  0  
-6.35  0  
-6.34  0  
-6.33  0  
-6.32  0  
-6.31  0  
-6.3  0  
-6.29  0  
-6.28  0  
-6.27  0  
-6.26  0  
-6.25  0  
-6.24  0  
-6.23  0  
-6.22  0  
-6.21  0  
-6.2  0  
-6.19  0  
-6.18  0  
-6.17  0  
-6.16  0  
-6.15  0  
-6.14  0  
-6.13  0  
-6.12  0  
-6.11  0  
-6.1  0  
-6.09  0  
-6.08  0  
-6.07  0  
-6.06  0  
-6.05  0  
-6.04  0  
-6.03  0  
-6.02  0  
-6.01  0  
-6  0  
-5.99  0  
-5.98  0  
-5.97  0  
-5.96  0  
-5.95  0  
-5.94  0  
-5.93  0  
-5.92  0  
-5.91  0  
-5.9  0  
-5.89  0  
-5.88  0  
-5.87  0  
-5.86  0  
-5.85  0  
-5.84  0  
-5.83  0  
-5.82  0  
-5.81  0  
-5.8  0  
-5.79  0  
-5.78  0  
-5.77  0  
-5.76  0  
-5.75  0  
-5.74  0  
-5.73  0  
-5.72  0  
-5.71  0  
-5.7  0  
-5.69  0  
-5.68  0  
-5.67  0  
-5.66  0  
-5.65  0  
-5.64  0  
-5.63  0  
-5.62  0  
-5.61  0  
-5.6  0  
-5.59  0  
-5.58  0  
-5.57  0  
-5.56  0  
-5.55  0  
-5.54  0  
-5.53  0  
-5.52  0  
-5.51  0  
-5.5  0  
-5.49  0  
-5.48  0  
-5.47  0  
-5.46  0  
-5.45  0  
-5.44  0  
-5.43  0  
-5.42  0  
-5.41  0  
-5.4  0  
-5.39  0  
-5.38  0  
-5.37  0  
-5.36  0  
-5.35  0  
-5.34  0  
-5.33  0  
-5.32  0  
-5.31  0  
-5.3  0  
-5.29  0  
-5.28  0  
-5.27  0  
-5.26  0  
-5.25  0  
-5.24  0  
-5.23  0  
-5.22  0  
-5.21  0  
-5.2  0  
-5.19  0  
-5.18  0  
-5.17  0  
-5.16  0  
-5.15  0  
-5.14  0  
-5.13  0  
-5.12  0  
-5.11  0  
-5.1  0  
-5.09  0  
-5.08  0  
-5.07  0  
-5.06  0  
-5.05  0  
-5.04  0  
-5.03  0  
-5.02  0  
-5.01  0  
-5  0  
-4.99  0  
-4.98  0  
-4.97  0  
-4.96  0  
-4.95  0  
-4.94  0  
-4.93  0  
-4.92  0  
-4.91  0  
-4.9  0  
-4.89  0  
-4.88  0  
-4.87  0  
-4.86  0  
-4.85  0  
-4.84  0  
-4.83  0  
-4.82  0  
-4.81  0  
-4.8  0  
-4.79  0  
-4.78  0  
-4.77  0  
-4.76  0  
-4.75  0  
-4.74  0  
-4.73  0  
-4.72  0  
-4.71  0  
-4.7  0  
-4.69  0  
-4.68  0  
-4.67  0  
-4.66  0  
-4.65  0  
-4.64  0  
-4.63  0  
-4.62  0  
-4.61  0  
-4.6  0  
-4.59  0  
-4.58  0  
-4.57  0  
-4.56  0  
-4.55  0  
-4.54  0  
-4.53  0  
-4.52  0  
-4.51  0  
-4.5  0  
-4.49  0  
-4.48  0  
-4.47  0  
-4.46  0  
-4.45  0  
-4.44  0  
-4.43  0  
-4.42  0  
-4.41  0  
-4.4  0  
-4.39  0  
-4.38  0  
-4.37  0  
-4.36  0  
-4.35  0  
-4.34  0  
-4.33  0  
-4.32  0  
-4.31  0  
-4.3  0  
-4.29  0  
-4.28  0  
-4.27  0  
-4.26  0  
-4.25  0  
-4.24  0  
-4.23  0  
-4.22  0  
-4.21  0  
-4.2  0  
-4.19  0  
-4.18  0  
-4.17  0  
-4.16  0  
-4.15  0  
-4.14  0  
-4.13  0  
-4.12  0  
-4.11  0  
-4.1  0  
-4.09  0  
-4.08  0  
-4.07  0  
-4.06  0  
-4.05  0  
-4.04  0  
-4.03  0  
-4.02  0  
-4.01  0  
-4  0  
-3.99  0  
-3.98  0  
-3.97  0  
-3.96  0  
-3.95  0  
-3.94  0  
-3.93  0  
-3.92  0  
-3.91  0  
-3.9  0  
-3.89  0  
-3.88  0  
-3.87  0  
-3.86  0  
-3.85  0  
-3.84  0  
-3.83  0  
-3.82  0  
-3.81  0  
-3.8  0  
-3.79  0  
-3.78  0  
-3.77  0  
-3.76  0  
-3.75  0  
-3.74  0  
-3.73  0  
-3.72  0  
-3.71  0  
-3.7  0  
-3.69  0  
-3.68  0  
-3.67  0  
-3.66  0  
-3.65  0  
-3.64  0  
-3.63  0  
-3.62  0  
-3.61  0  
-3.6  0  
-3.59  0  
-3.58  0  
-3.57  0  
-3.56  0  
-3.55  0  
-3.54  0  
-3.53  0  
-3.52  0  
-3.51  0  
-3.5  0  
-3.49  0  
-3.48  0  
-3.47  0  
-3.46  0  
-3.45  0  
-3.44  0  
-3.43  0  
-3.42  0  
-3.41  0  
-3.4  0  
-3.39  0  
-3.38  0  
-3.37  0  
-3.36  0  
-3.35  0  
-3.34  0  
-3.33  0  
-3.32  0  
-3.31  0  
-3.3  0  
-3.29  0  
-3.28  0  
-3.27  0  
-3.26  0  
-3.25  0  
-3.24  0  
-3.23  0  
-3.22  0  
-3.21  0  
-3.2  0  
-3.19  0  
-3.18  0  
-3.17  0  
-3.16  0  
-3.15  0  
-3.14  0  
-3.13  0  
-3.12  0  
-3.11  0  
-3.1  0  
-3.09  0  
-3.08  0  
-3.07  0  
-3.06  0  
-3.05  0  
-3.04  0  
-3.03  0  
-3.02  0  
-3.01  0  
-3  0  
