9 isr_2_4__j__j__P__e-__nu_eb__j 310000 310000 1.71122526064e-09 46
Threshold_Central_16083 31265 0.362481217857 0.362481217857 0.00228352877674 1.69102904255e-09 2.38331130925e-20 2.83574610965e-18
Threshold_Forward_16083 17115 0.172936537379 0.172936537379 0.00862235410866 1.70347591237e-09 2.33794228834e-20 2.87845076115e-18
Threshold_Backward_16083 7309 0.0787207332208 0.0787207332208 0.00789445340228 1.62923472979e-09 2.20114503099e-20 2.63239435445e-18
Threshold_Central_8041 10864 0.170479862026 0.170479862026 0.00352423241729 1.68261462377e-09 2.63967980636e-20 2.80479517407e-18
Threshold_Forward_8041 2655 0.0402087692856 0.0402087692856 0.00428759672087 1.52297504532e-09 4.52025293844e-20 2.27425045929e-18
Threshold_Backward_8041 10792 0.175172880231 0.175172880231 0.0034184602298 1.76847295157e-09 1.74552045294e-19 2.95294453513e-18
Simple_Pole_Uniform_50 0 0 0 0 0 0 0
Simple_Pole_Forward_50 0 0 0 0 0 0 0
Simple_Pole_Backward_50 0 0 0 0 0 0 0
