10 1002 -14 -4 7262  0  187656
-14  25  
-13.99  26  
-13.98  22  
-13.97  15  
-13.96  21  
-13.95  29  
-13.94  28  
-13.93  19  
-13.92  20  
-13.91  22  
-13.9  23  
-13.89  29  
-13.88  24  
-13.87  23  
-13.86  28  
-13.85  24  
-13.84  22  
-13.83  23  
-13.82  19  
-13.81  19  
-13.8  29  
-13.79  23  
-13.78  27  
-13.77  27  
-13.76  22  
-13.75  20  
-13.74  25  
-13.73  22  
-13.72  31  
-13.71  28  
-13.7  25  
-13.69  18  
-13.68  23  
-13.67  31  
-13.66  29  
-13.65  17  
-13.64  29  
-13.63  29  
-13.62  19  
-13.61  32  
-13.6  21  
-13.59  19  
-13.58  22  
-13.57  30  
-13.56  21  
-13.55  27  
-13.54  14  
-13.53  35  
-13.52  20  
-13.51  19  
-13.5  21  
-13.49  21  
-13.48  26  
-13.47  21  
-13.46  23  
-13.45  29  
-13.44  25  
-13.43  22  
-13.42  23  
-13.41  28  
-13.4  25  
-13.39  25  
-13.38  18  
-13.37  23  
-13.36  20  
-13.35  23  
-13.34  27  
-13.33  21  
-13.32  26  
-13.31  17  
-13.3  28  
-13.29  25  
-13.28  22  
-13.27  27  
-13.26  19  
-13.25  26  
-13.24  21  
-13.23  16  
-13.22  23  
-13.21  16  
-13.2  21  
-13.19  28  
-13.18  24  
-13.17  25  
-13.16  28  
-13.15  24  
-13.14  22  
-13.13  15  
-13.12  24  
-13.11  21  
-13.1  25  
-13.09  21  
-13.08  23  
-13.07  21  
-13.06  28  
-13.05  18  
-13.04  22  
-13.03  24  
-13.02  33  
-13.01  25  
-13  27  
-12.99  27  
-12.98  21  
-12.97  18  
-12.96  26  
-12.95  27  
-12.94  25  
-12.93  24  
-12.92  20  
-12.91  27  
-12.9  24  
-12.89  32  
-12.88  25  
-12.87  23  
-12.86  29  
-12.85  31  
-12.84  20  
-12.83  20  
-12.82  17  
-12.81  24  
-12.8  25  
-12.79  26  
-12.78  35  
-12.77  22  
-12.76  28  
-12.75  20  
-12.74  26  
-12.73  22  
-12.72  34  
-12.71  24  
-12.7  18  
-12.69  25  
-12.68  36  
-12.67  27  
-12.66  23  
-12.65  25  
-12.64  31  
-12.63  25  
-12.62  32  
-12.61  27  
-12.6  30  
-12.59  27  
-12.58  24  
-12.57  29  
-12.56  20  
-12.55  25  
-12.54  28  
-12.53  25  
-12.52  35  
-12.51  29  
-12.5  27  
-12.49  26  
-12.48  30  
-12.47  23  
-12.46  26  
-12.45  21  
-12.44  27  
-12.43  25  
-12.42  32  
-12.41  28  
-12.4  31  
-12.39  36  
-12.38  30  
-12.37  23  
-12.36  31  
-12.35  32  
-12.34  31  
-12.33  29  
-12.32  38  
-12.31  32  
-12.3  34  
-12.29  40  
-12.28  37  
-12.27  31  
-12.26  38  
-12.25  36  
-12.24  35  
-12.23  28  
-12.22  42  
-12.21  36  
-12.2  35  
-12.19  40  
-12.18  41  
-12.17  42  
-12.16  33  
-12.15  42  
-12.14  39  
-12.13  30  
-12.12  37  
-12.11  32  
-12.1  29  
-12.09  23  
-12.08  33  
-12.07  35  
-12.06  39  
-12.05  51  
-12.04  52  
-12.03  43  
-12.02  39  
-12.01  37  
-12  46  
-11.99  30  
-11.98  40  
-11.97  39  
-11.96  48  
-11.95  45  
-11.94  30  
-11.93  47  
-11.92  51  
-11.91  41  
-11.9  56  
-11.89  38  
-11.88  44  
-11.87  26  
-11.86  48  
-11.85  45  
-11.84  41  
-11.83  39  
-11.82  51  
-11.81  47  
-11.8  43  
-11.79  42  
-11.78  51  
-11.77  53  
-11.76  44  
-11.75  45  
-11.74  54  
-11.73  46  
-11.72  54  
-11.71  52  
-11.7  47  
-11.69  46  
-11.68  40  
-11.67  51  
-11.66  47  
-11.65  65  
-11.64  44  
-11.63  46  
-11.62  48  
-11.61  44  
-11.6  58  
-11.59  58  
-11.58  55  
-11.57  49  
-11.56  74  
-11.55  59  
-11.54  66  
-11.53  57  
-11.52  59  
-11.51  56  
-11.5  66  
-11.49  67  
-11.48  80  
-11.47  65  
-11.46  77  
-11.45  70  
-11.44  58  
-11.43  63  
-11.42  51  
-11.41  55  
-11.4  61  
-11.39  59  
-11.38  66  
-11.37  71  
-11.36  71  
-11.35  62  
-11.34  66  
-11.33  76  
-11.32  64  
-11.31  80  
-11.3  66  
-11.29  79  
-11.28  63  
-11.27  68  
-11.26  76  
-11.25  74  
-11.24  59  
-11.23  85  
-11.22  62  
-11.21  77  
-11.2  93  
-11.19  88  
-11.18  70  
-11.17  95  
-11.16  86  
-11.15  80  
-11.14  72  
-11.13  77  
-11.12  80  
-11.11  84  
-11.1  82  
-11.09  95  
-11.08  107  
-11.07  103  
-11.06  92  
-11.05  93  
-11.04  74  
-11.03  97  
-11.02  100  
-11.01  96  
-11  104  
-10.99  96  
-10.98  96  
-10.97  86  
-10.96  94  
-10.95  98  
-10.94  96  
-10.93  119  
-10.92  93  
-10.91  102  
-10.9  94  
-10.89  117  
-10.88  114  
-10.87  119  
-10.86  100  
-10.85  107  
-10.84  107  
-10.83  110  
-10.82  109  
-10.81  113  
-10.8  129  
-10.79  114  
-10.78  140  
-10.77  109  
-10.76  128  
-10.75  146  
-10.74  127  
-10.73  129  
-10.72  122  
-10.71  128  
-10.7  139  
-10.69  135  
-10.68  128  
-10.67  112  
-10.66  129  
-10.65  138  
-10.64  124  
-10.63  153  
-10.62  149  
-10.61  132  
-10.6  133  
-10.59  157  
-10.58  150  
-10.57  126  
-10.56  154  
-10.55  157  
-10.54  130  
-10.53  137  
-10.52  129  
-10.51  147  
-10.5  158  
-10.49  151  
-10.48  145  
-10.47  130  
-10.46  166  
-10.45  149  
-10.44  127  
-10.43  156  
-10.42  159  
-10.41  181  
-10.4  177  
-10.39  152  
-10.38  155  
-10.37  157  
-10.36  173  
-10.35  167  
-10.34  169  
-10.33  159  
-10.32  150  
-10.31  166  
-10.3  161  
-10.29  171  
-10.28  143  
-10.27  192  
-10.26  161  
-10.25  159  
-10.24  157  
-10.23  156  
-10.22  185  
-10.21  155  
-10.2  169  
-10.19  165  
-10.18  180  
-10.17  176  
-10.16  173  
-10.15  174  
-10.14  174  
-10.13  175  
-10.12  191  
-10.11  181  
-10.1  170  
-10.09  179  
-10.08  205  
-10.07  188  
-10.06  212  
-10.05  186  
-10.04  186  
-10.03  180  
-10.02  203  
-10.01  180  
-10  169  
-9.99  160  
-9.98  174  
-9.97  164  
-9.96  174  
-9.95  197  
-9.94  178  
-9.93  184  
-9.92  202  
-9.91  185  
-9.9  190  
-9.89  180  
-9.88  162  
-9.87  198  
-9.86  187  
-9.85  193  
-9.84  180  
-9.83  188  
-9.82  194  
-9.81  194  
-9.8  178  
-9.79  162  
-9.78  172  
-9.77  211  
-9.76  184  
-9.75  188  
-9.74  171  
-9.73  168  
-9.72  191  
-9.71  197  
-9.7  177  
-9.69  205  
-9.68  172  
-9.67  191  
-9.66  215  
-9.65  203  
-9.64  175  
-9.63  188  
-9.62  167  
-9.61  171  
-9.6  184  
-9.59  185  
-9.58  174  
-9.57  198  
-9.56  204  
-9.55  200  
-9.54  174  
-9.53  177  
-9.52  188  
-9.51  187  
-9.5  181  
-9.49  175  
-9.48  141  
-9.47  161  
-9.46  191  
-9.45  169  
-9.44  169  
-9.43  179  
-9.42  167  
-9.41  192  
-9.4  188  
-9.39  170  
-9.38  184  
-9.37  201  
-9.36  168  
-9.35  167  
-9.34  150  
-9.33  152  
-9.32  182  
-9.31  159  
-9.3  164  
-9.29  153  
-9.28  165  
-9.27  187  
-9.26  154  
-9.25  155  
-9.24  167  
-9.23  160  
-9.22  153  
-9.21  141  
-9.2  145  
-9.19  170  
-9.18  133  
-9.17  148  
-9.16  168  
-9.15  149  
-9.14  150  
-9.13  147  
-9.12  142  
-9.11  136  
-9.1  133  
-9.09  139  
-9.08  127  
-9.07  142  
-9.06  134  
-9.05  122  
-9.04  130  
-9.03  135  
-9.02  133  
-9.01  134  
-9  126  
-8.99  124  
-8.98  123  
-8.97  128  
-8.96  107  
-8.95  140  
-8.94  129  
-8.93  125  
-8.92  137  
-8.91  112  
-8.9  120  
-8.89  115  
-8.88  137  
-8.87  97  
-8.86  132  
-8.85  110  
-8.84  108  
-8.83  113  
-8.82  102  
-8.81  106  
-8.8  104  
-8.79  97  
-8.78  115  
-8.77  112  
-8.76  105  
-8.75  99  
-8.74  100  
-8.73  116  
-8.72  94  
-8.71  98  
-8.7  87  
-8.69  90  
-8.68  83  
-8.67  82  
-8.66  94  
-8.65  89  
-8.64  87  
-8.63  86  
-8.62  102  
-8.61  85  
-8.6  69  
-8.59  85  
-8.58  95  
-8.57  73  
-8.56  73  
-8.55  71  
-8.54  78  
-8.53  71  
-8.52  82  
-8.51  72  
-8.5  68  
-8.49  68  
-8.48  68  
-8.47  59  
-8.46  71  
-8.45  63  
-8.44  61  
-8.43  52  
-8.42  53  
-8.41  55  
-8.4  68  
-8.39  59  
-8.38  70  
-8.37  59  
-8.36  54  
-8.35  61  
-8.34  56  
-8.33  53  
-8.32  50  
-8.31  43  
-8.3  57  
-8.29  56  
-8.28  45  
-8.27  47  
-8.26  49  
-8.25  36  
-8.24  39  
-8.23  34  
-8.22  36  
-8.21  48  
-8.2  34  
-8.19  41  
-8.18  38  
-8.17  27  
-8.16  28  
-8.15  34  
-8.14  30  
-8.13  15  
-8.12  24  
-8.11  33  
-8.1  28  
-8.09  23  
-8.08  32  
-8.07  32  
-8.06  20  
-8.05  21  
-8.04  23  
-8.03  19  
-8.02  17  
-8.01  12  
-8  23  
-7.99  15  
-7.98  22  
-7.97  17  
-7.96  16  
-7.95  9  
-7.94  14  
-7.93  12  
-7.92  14  
-7.91  19  
-7.9  17  
-7.89  17  
-7.88  15  
-7.87  11  
-7.86  6  
-7.85  5  
-7.84  10  
-7.83  8  
-7.82  7  
-7.81  7  
-7.8  7  
-7.79  9  
-7.78  3  
-7.77  8  
-7.76  2  
-7.75  5  
-7.74  2  
-7.73  7  
-7.72  3  
-7.71  7  
-7.7  5  
-7.69  6  
-7.68  2  
-7.67  8  
-7.66  6  
-7.65  6  
-7.64  0  
-7.63  3  
-7.62  2  
-7.61  1  
-7.6  1  
-7.59  0  
-7.58  4  
-7.57  2  
-7.56  3  
-7.55  1  
-7.54  4  
-7.53  2  
-7.52  1  
-7.51  0  
-7.5  3  
-7.49  1  
-7.48  1  
-7.47  1  
-7.46  1  
-7.45  1  
-7.44  1  
-7.43  0  
-7.42  1  
-7.41  0  
-7.4  2  
-7.39  1  
-7.38  1  
-7.37  1  
-7.36  1  
-7.35  0  
-7.34  0  
-7.33  0  
-7.32  0  
-7.31  0  
-7.3  0  
-7.29  0  
-7.28  0  
-7.27  0  
-7.26  0  
-7.25  0  
-7.24  0  
-7.23  0  
-7.22  0  
-7.21  0  
-7.2  0  
-7.19  0  
-7.18  0  
-7.17  0  
-7.16  1  
-7.15  0  
-7.14  1  
-7.13  0  
-7.12  0  
-7.11  0  
-7.1  0  
-7.09  0  
-7.08  0  
-7.07  0  
-7.06  0  
-7.05  0  
-7.04  0  
-7.03  0  
-7.02  0  
-7.01  0  
-7  0  
-6.99  0  
-6.98  0  
-6.97  0  
-6.96  0  
-6.95  0  
-6.94  0  
-6.93  0  
-6.92  0  
-6.91  0  
-6.9  0  
-6.89  0  
-6.88  0  
-6.87  0  
-6.86  0  
-6.85  0  
-6.84  0  
-6.83  0  
-6.82  0  
-6.81  0  
-6.8  0  
-6.79  0  
-6.78  0  
-6.77  0  
-6.76  0  
-6.75  0  
-6.74  0  
-6.73  0  
-6.72  0  
-6.71  0  
-6.7  0  
-6.69  0  
-6.68  0  
-6.67  0  
-6.66  0  
-6.65  0  
-6.64  0  
-6.63  0  
-6.62  0  
-6.61  0  
-6.6  0  
-6.59  0  
-6.58  0  
-6.57  0  
-6.56  0  
-6.55  0  
-6.54  0  
-6.53  0  
-6.52  0  
-6.51  0  
-6.5  0  
-6.49  0  
-6.48  0  
-6.47  0  
-6.46  0  
-6.45  0  
-6.44  0  
-6.43  0  
-6.42  0  
-6.41  0  
-6.4  0  
-6.39  0  
-6.38  0  
-6.37  0  
-6.36  0  
-6.35  0  
-6.34  0  
-6.33  0  
-6.32  0  
-6.31  0  
-6.3  0  
-6.29  0  
-6.28  0  
-6.27  0  
-6.26  0  
-6.25  0  
-6.24  0  
-6.23  0  
-6.22  0  
-6.21  0  
-6.2  0  
-6.19  0  
-6.18  0  
-6.17  0  
-6.16  0  
-6.15  0  
-6.14  0  
-6.13  0  
-6.12  0  
-6.11  0  
-6.1  0  
-6.09  0  
-6.08  0  
-6.07  0  
-6.06  0  
-6.05  0  
-6.04  0  
-6.03  0  
-6.02  0  
-6.01  0  
-6  0  
-5.99  0  
-5.98  0  
-5.97  0  
-5.96  0  
-5.95  0  
-5.94  0  
-5.93  0  
-5.92  0  
-5.91  0  
-5.9  0  
-5.89  0  
-5.88  0  
-5.87  0  
-5.86  0  
-5.85  0  
-5.84  0  
-5.83  0  
-5.82  0  
-5.81  0  
-5.8  0  
-5.79  0  
-5.78  0  
-5.77  0  
-5.76  0  
-5.75  0  
-5.74  0  
-5.73  0  
-5.72  0  
-5.71  0  
-5.7  0  
-5.69  0  
-5.68  0  
-5.67  0  
-5.66  0  
-5.65  0  
-5.64  0  
-5.63  0  
-5.62  0  
-5.61  0  
-5.6  0  
-5.59  0  
-5.58  0  
-5.57  0  
-5.56  0  
-5.55  0  
-5.54  0  
-5.53  0  
-5.52  0  
-5.51  0  
-5.5  0  
-5.49  0  
-5.48  0  
-5.47  0  
-5.46  0  
-5.45  0  
-5.44  0  
-5.43  0  
-5.42  0  
-5.41  0  
-5.4  0  
-5.39  0  
-5.38  0  
-5.37  0  
-5.36  0  
-5.35  0  
-5.34  0  
-5.33  0  
-5.32  0  
-5.31  0  
-5.3  0  
-5.29  0  
-5.28  0  
-5.27  0  
-5.26  0  
-5.25  0  
-5.24  0  
-5.23  0  
-5.22  0  
-5.21  0  
-5.2  0  
-5.19  0  
-5.18  0  
-5.17  0  
-5.16  0  
-5.15  0  
-5.14  0  
-5.13  0  
-5.12  0  
-5.11  0  
-5.1  0  
-5.09  0  
-5.08  0  
-5.07  0  
-5.06  0  
-5.05  0  
-5.04  0  
-5.03  0  
-5.02  0  
-5.01  0  
-5  0  
-4.99  0  
-4.98  0  
-4.97  0  
-4.96  0  
-4.95  0  
-4.94  0  
-4.93  0  
-4.92  0  
-4.91  0  
-4.9  0  
-4.89  0  
-4.88  0  
-4.87  0  
-4.86  0  
-4.85  0  
-4.84  0  
-4.83  0  
-4.82  0  
-4.81  0  
-4.8  0  
-4.79  0  
-4.78  0  
-4.77  0  
-4.76  0  
-4.75  0  
-4.74  0  
-4.73  0  
-4.72  0  
-4.71  0  
-4.7  0  
-4.69  0  
-4.68  0  
-4.67  0  
-4.66  0  
-4.65  0  
-4.64  0  
-4.63  0  
-4.62  0  
-4.61  0  
-4.6  0  
-4.59  0  
-4.58  0  
-4.57  0  
-4.56  0  
-4.55  0  
-4.54  0  
-4.53  0  
-4.52  0  
-4.51  0  
-4.5  0  
-4.49  0  
-4.48  0  
-4.47  0  
-4.46  0  
-4.45  0  
-4.44  0  
-4.43  0  
-4.42  0  
-4.41  0  
-4.4  0  
-4.39  0  
-4.38  0  
-4.37  0  
-4.36  0  
-4.35  0  
-4.34  0  
-4.33  0  
-4.32  0  
-4.31  0  
-4.3  0  
-4.29  0  
-4.28  0  
-4.27  0  
-4.26  0  
-4.25  0  
-4.24  0  
-4.23  0  
-4.22  0  
-4.21  0  
-4.2  0  
-4.19  0  
-4.18  0  
-4.17  0  
-4.16  0  
-4.15  0  
-4.14  0  
-4.13  0  
-4.12  0  
-4.11  0  
-4.1  0  
-4.09  0  
-4.08  0  
-4.07  0  
-4.06  0  
-4.05  0  
-4.04  0  
-4.03  0  
-4.02  0  
-4.01  0  
-4  0  
