10 1002 -13 -3 7554  0  187656
-13  30  
-12.99  18  
-12.98  20  
-12.97  35  
-12.96  24  
-12.95  21  
-12.94  17  
-12.93  30  
-12.92  20  
-12.91  16  
-12.9  19  
-12.89  25  
-12.88  18  
-12.87  24  
-12.86  19  
-12.85  21  
-12.84  29  
-12.83  19  
-12.82  23  
-12.81  20  
-12.8  18  
-12.79  24  
-12.78  24  
-12.77  24  
-12.76  23  
-12.75  27  
-12.74  23  
-12.73  23  
-12.72  21  
-12.71  25  
-12.7  24  
-12.69  14  
-12.68  30  
-12.67  24  
-12.66  23  
-12.65  14  
-12.64  20  
-12.63  23  
-12.62  13  
-12.61  23  
-12.6  17  
-12.59  18  
-12.58  18  
-12.57  15  
-12.56  28  
-12.55  21  
-12.54  22  
-12.53  21  
-12.52  31  
-12.51  23  
-12.5  23  
-12.49  27  
-12.48  15  
-12.47  22  
-12.46  16  
-12.45  24  
-12.44  23  
-12.43  24  
-12.42  21  
-12.41  24  
-12.4  26  
-12.39  25  
-12.38  23  
-12.37  21  
-12.36  18  
-12.35  22  
-12.34  28  
-12.33  14  
-12.32  28  
-12.31  25  
-12.3  27  
-12.29  25  
-12.28  19  
-12.27  34  
-12.26  31  
-12.25  30  
-12.24  29  
-12.23  33  
-12.22  21  
-12.21  30  
-12.2  23  
-12.19  26  
-12.18  28  
-12.17  28  
-12.16  29  
-12.15  21  
-12.14  26  
-12.13  34  
-12.12  29  
-12.11  27  
-12.1  28  
-12.09  27  
-12.08  31  
-12.07  22  
-12.06  24  
-12.05  23  
-12.04  27  
-12.03  24  
-12.02  24  
-12.01  26  
-12  30  
-11.99  23  
-11.98  25  
-11.97  31  
-11.96  27  
-11.95  30  
-11.94  26  
-11.93  25  
-11.92  22  
-11.91  37  
-11.9  23  
-11.89  29  
-11.88  22  
-11.87  25  
-11.86  35  
-11.85  32  
-11.84  30  
-11.83  40  
-11.82  26  
-11.81  28  
-11.8  27  
-11.79  32  
-11.78  41  
-11.77  38  
-11.76  27  
-11.75  30  
-11.74  28  
-11.73  34  
-11.72  39  
-11.71  37  
-11.7  34  
-11.69  33  
-11.68  42  
-11.67  42  
-11.66  35  
-11.65  28  
-11.64  44  
-11.63  32  
-11.62  33  
-11.61  27  
-11.6  37  
-11.59  36  
-11.58  32  
-11.57  33  
-11.56  38  
-11.55  35  
-11.54  30  
-11.53  30  
-11.52  37  
-11.51  37  
-11.5  43  
-11.49  34  
-11.48  34  
-11.47  38  
-11.46  31  
-11.45  40  
-11.44  45  
-11.43  44  
-11.42  26  
-11.41  33  
-11.4  30  
-11.39  37  
-11.38  33  
-11.37  31  
-11.36  37  
-11.35  42  
-11.34  43  
-11.33  45  
-11.32  37  
-11.31  41  
-11.3  44  
-11.29  36  
-11.28  29  
-11.27  44  
-11.26  43  
-11.25  45  
-11.24  40  
-11.23  30  
-11.22  46  
-11.21  46  
-11.2  38  
-11.19  48  
-11.18  47  
-11.17  54  
-11.16  50  
-11.15  43  
-11.14  43  
-11.13  40  
-11.12  37  
-11.11  48  
-11.1  44  
-11.09  46  
-11.08  65  
-11.07  38  
-11.06  61  
-11.05  45  
-11.04  37  
-11.03  44  
-11.02  60  
-11.01  46  
-11  59  
-10.99  54  
-10.98  56  
-10.97  65  
-10.96  45  
-10.95  42  
-10.94  57  
-10.93  43  
-10.92  44  
-10.91  41  
-10.9  45  
-10.89  45  
-10.88  47  
-10.87  47  
-10.86  44  
-10.85  46  
-10.84  52  
-10.83  39  
-10.82  49  
-10.81  55  
-10.8  58  
-10.79  57  
-10.78  57  
-10.77  69  
-10.76  60  
-10.75  54  
-10.74  56  
-10.73  72  
-10.72  50  
-10.71  62  
-10.7  49  
-10.69  52  
-10.68  57  
-10.67  49  
-10.66  73  
-10.65  51  
-10.64  60  
-10.63  55  
-10.62  60  
-10.61  74  
-10.6  62  
-10.59  45  
-10.58  80  
-10.57  53  
-10.56  54  
-10.55  64  
-10.54  66  
-10.53  78  
-10.52  69  
-10.51  68  
-10.5  65  
-10.49  70  
-10.48  84  
-10.47  61  
-10.46  47  
-10.45  80  
-10.44  56  
-10.43  95  
-10.42  79  
-10.41  55  
-10.4  74  
-10.39  86  
-10.38  81  
-10.37  71  
-10.36  83  
-10.35  76  
-10.34  77  
-10.33  85  
-10.32  71  
-10.31  83  
-10.3  94  
-10.29  84  
-10.28  60  
-10.27  87  
-10.26  82  
-10.25  100  
-10.24  85  
-10.23  86  
-10.22  92  
-10.21  80  
-10.2  106  
-10.19  107  
-10.18  93  
-10.17  91  
-10.16  63  
-10.15  93  
-10.14  100  
-10.13  80  
-10.12  91  
-10.11  109  
-10.1  109  
-10.09  94  
-10.08  85  
-10.07  89  
-10.06  92  
-10.05  100  
-10.04  87  
-10.03  116  
-10.02  106  
-10.01  103  
-10  104  
-9.99  106  
-9.98  96  
-9.97  102  
-9.96  122  
-9.95  121  
-9.94  119  
-9.93  117  
-9.92  125  
-9.91  97  
-9.9  118  
-9.89  124  
-9.88  101  
-9.87  120  
-9.86  131  
-9.85  95  
-9.84  127  
-9.83  124  
-9.82  117  
-9.81  128  
-9.8  117  
-9.79  123  
-9.78  141  
-9.77  113  
-9.76  110  
-9.75  127  
-9.74  108  
-9.73  135  
-9.72  150  
-9.71  110  
-9.7  122  
-9.69  118  
-9.68  121  
-9.67  127  
-9.66  132  
-9.65  127  
-9.64  121  
-9.63  126  
-9.62  159  
-9.61  127  
-9.6  151  
-9.59  148  
-9.58  144  
-9.57  148  
-9.56  154  
-9.55  163  
-9.54  137  
-9.53  143  
-9.52  144  
-9.51  150  
-9.5  181  
-9.49  150  
-9.48  142  
-9.47  124  
-9.46  138  
-9.45  142  
-9.44  152  
-9.43  169  
-9.42  161  
-9.41  138  
-9.4  155  
-9.39  140  
-9.38  136  
-9.37  171  
-9.36  148  
-9.35  154  
-9.34  173  
-9.33  164  
-9.32  176  
-9.31  172  
-9.3  178  
-9.29  183  
-9.28  155  
-9.27  173  
-9.26  174  
-9.25  160  
-9.24  184  
-9.23  161  
-9.22  171  
-9.21  182  
-9.2  161  
-9.19  165  
-9.18  177  
-9.17  190  
-9.16  172  
-9.15  159  
-9.14  183  
-9.13  181  
-9.12  165  
-9.11  165  
-9.1  171  
-9.09  172  
-9.08  179  
-9.07  174  
-9.06  164  
-9.05  175  
-9.04  163  
-9.03  196  
-9.02  181  
-9.01  167  
-9  187  
-8.99  190  
-8.98  161  
-8.97  154  
-8.96  190  
-8.95  174  
-8.94  171  
-8.93  192  
-8.92  173  
-8.91  173  
-8.9  189  
-8.89  219  
-8.88  176  
-8.87  165  
-8.86  176  
-8.85  193  
-8.84  198  
-8.83  176  
-8.82  180  
-8.81  181  
-8.8  192  
-8.79  171  
-8.78  184  
-8.77  153  
-8.76  176  
-8.75  183  
-8.74  170  
-8.73  190  
-8.72  187  
-8.71  181  
-8.7  166  
-8.69  184  
-8.68  181  
-8.67  207  
-8.66  180  
-8.65  194  
-8.64  143  
-8.63  164  
-8.62  169  
-8.61  164  
-8.6  166  
-8.59  171  
-8.58  170  
-8.57  173  
-8.56  156  
-8.55  160  
-8.54  154  
-8.53  143  
-8.52  174  
-8.51  156  
-8.5  181  
-8.49  175  
-8.48  150  
-8.47  187  
-8.46  168  
-8.45  173  
-8.44  142  
-8.43  162  
-8.42  159  
-8.41  158  
-8.4  166  
-8.39  184  
-8.38  132  
-8.37  168  
-8.36  160  
-8.35  160  
-8.34  149  
-8.33  164  
-8.32  167  
-8.31  152  
-8.3  159  
-8.29  171  
-8.28  143  
-8.27  161  
-8.26  150  
-8.25  146  
-8.24  138  
-8.23  172  
-8.22  138  
-8.21  147  
-8.2  134  
-8.19  146  
-8.18  151  
-8.17  138  
-8.16  152  
-8.15  147  
-8.14  151  
-8.13  133  
-8.12  136  
-8.11  134  
-8.1  129  
-8.09  129  
-8.08  115  
-8.07  118  
-8.06  141  
-8.05  118  
-8.04  127  
-8.03  137  
-8.02  129  
-8.01  126  
-8  107  
-7.99  102  
-7.98  120  
-7.97  110  
-7.96  95  
-7.95  117  
-7.94  122  
-7.93  102  
-7.92  119  
-7.91  115  
-7.9  102  
-7.89  127  
-7.88  103  
-7.87  108  
-7.86  96  
-7.85  102  
-7.84  92  
-7.83  101  
-7.82  94  
-7.81  97  
-7.8  85  
-7.79  96  
-7.78  86  
-7.77  96  
-7.76  88  
-7.75  93  
-7.74  93  
-7.73  81  
-7.72  87  
-7.71  71  
-7.7  90  
-7.69  88  
-7.68  83  
-7.67  81  
-7.66  72  
-7.65  87  
-7.64  66  
-7.63  61  
-7.62  62  
-7.61  73  
-7.6  52  
-7.59  68  
-7.58  74  
-7.57  65  
-7.56  67  
-7.55  61  
-7.54  59  
-7.53  60  
-7.52  59  
-7.51  62  
-7.5  56  
-7.49  47  
-7.48  49  
-7.47  49  
-7.46  51  
-7.45  50  
-7.44  40  
-7.43  40  
-7.42  49  
-7.41  50  
-7.4  55  
-7.39  38  
-7.38  49  
-7.37  52  
-7.36  49  
-7.35  45  
-7.34  45  
-7.33  41  
-7.32  37  
-7.31  45  
-7.3  40  
-7.29  29  
-7.28  24  
-7.27  36  
-7.26  37  
-7.25  26  
-7.24  31  
-7.23  21  
-7.22  28  
-7.21  39  
-7.2  25  
-7.19  28  
-7.18  29  
-7.17  25  
-7.16  25  
-7.15  29  
-7.14  19  
-7.13  31  
-7.12  26  
-7.11  21  
-7.1  20  
-7.09  27  
-7.08  23  
-7.07  24  
-7.06  28  
-7.05  25  
-7.04  21  
-7.03  24  
-7.02  22  
-7.01  18  
-7  18  
-6.99  17  
-6.98  18  
-6.97  14  
-6.96  23  
-6.95  20  
-6.94  14  
-6.93  15  
-6.92  12  
-6.91  12  
-6.9  4  
-6.89  16  
-6.88  14  
-6.87  12  
-6.86  12  
-6.85  14  
-6.84  10  
-6.83  12  
-6.82  10  
-6.81  5  
-6.8  13  
-6.79  7  
-6.78  13  
-6.77  7  
-6.76  11  
-6.75  10  
-6.74  7  
-6.73  0  
-6.72  7  
-6.71  8  
-6.7  2  
-6.69  6  
-6.68  8  
-6.67  6  
-6.66  5  
-6.65  1  
-6.64  6  
-6.63  2  
-6.62  5  
-6.61  1  
-6.6  5  
-6.59  3  
-6.58  4  
-6.57  3  
-6.56  5  
-6.55  6  
-6.54  3  
-6.53  4  
-6.52  3  
-6.51  3  
-6.5  4  
-6.49  4  
-6.48  3  
-6.47  4  
-6.46  1  
-6.45  3  
-6.44  3  
-6.43  1  
-6.42  1  
-6.41  2  
-6.4  0  
-6.39  3  
-6.38  2  
-6.37  2  
-6.36  1  
-6.35  1  
-6.34  1  
-6.33  1  
-6.32  0  
-6.31  0  
-6.3  3  
-6.29  0  
-6.28  1  
-6.27  2  
-6.26  2  
-6.25  1  
-6.24  1  
-6.23  0  
-6.22  0  
-6.21  0  
-6.2  0  
-6.19  1  
-6.18  1  
-6.17  0  
-6.16  0  
-6.15  0  
-6.14  2  
-6.13  0  
-6.12  0  
-6.11  0  
-6.1  0  
-6.09  0  
-6.08  1  
-6.07  0  
-6.06  1  
-6.05  0  
-6.04  0  
-6.03  1  
-6.02  0  
-6.01  0  
-6  0  
-5.99  0  
-5.98  0  
-5.97  0  
-5.96  0  
-5.95  0  
-5.94  0  
-5.93  0  
-5.92  0  
-5.91  0  
-5.9  0  
-5.89  0  
-5.88  0  
-5.87  0  
-5.86  0  
-5.85  0  
-5.84  0  
-5.83  1  
-5.82  0  
-5.81  0  
-5.8  0  
-5.79  0  
-5.78  1  
-5.77  0  
-5.76  0  
-5.75  0  
-5.74  0  
-5.73  0  
-5.72  0  
-5.71  0  
-5.7  1  
-5.69  0  
-5.68  0  
-5.67  0  
-5.66  0  
-5.65  0  
-5.64  0  
-5.63  0  
-5.62  0  
-5.61  0  
-5.6  0  
-5.59  0  
-5.58  0  
-5.57  0  
-5.56  0  
-5.55  0  
-5.54  0  
-5.53  0  
-5.52  0  
-5.51  0  
-5.5  0  
-5.49  0  
-5.48  0  
-5.47  0  
-5.46  0  
-5.45  0  
-5.44  0  
-5.43  0  
-5.42  0  
-5.41  0  
-5.4  0  
-5.39  0  
-5.38  0  
-5.37  0  
-5.36  0  
-5.35  0  
-5.34  0  
-5.33  0  
-5.32  0  
-5.31  0  
-5.3  0  
-5.29  0  
-5.28  0  
-5.27  0  
-5.26  0  
-5.25  0  
-5.24  0  
-5.23  0  
-5.22  0  
-5.21  0  
-5.2  0  
-5.19  0  
-5.18  0  
-5.17  0  
-5.16  0  
-5.15  0  
-5.14  0  
-5.13  0  
-5.12  0  
-5.11  0  
-5.1  0  
-5.09  0  
-5.08  0  
-5.07  0  
-5.06  0  
-5.05  0  
-5.04  0  
-5.03  0  
-5.02  0  
-5.01  0  
-5  0  
-4.99  0  
-4.98  0  
-4.97  0  
-4.96  0  
-4.95  0  
-4.94  0  
-4.93  0  
-4.92  0  
-4.91  0  
-4.9  0  
-4.89  0  
-4.88  0  
-4.87  0  
-4.86  0  
-4.85  0  
-4.84  0  
-4.83  0  
-4.82  0  
-4.81  0  
-4.8  0  
-4.79  0  
-4.78  0  
-4.77  0  
-4.76  0  
-4.75  0  
-4.74  0  
-4.73  0  
-4.72  0  
-4.71  0  
-4.7  0  
-4.69  0  
-4.68  0  
-4.67  0  
-4.66  0  
-4.65  0  
-4.64  0  
-4.63  0  
-4.62  0  
-4.61  0  
-4.6  0  
-4.59  0  
-4.58  0  
-4.57  0  
-4.56  0  
-4.55  0  
-4.54  0  
-4.53  0  
-4.52  0  
-4.51  0  
-4.5  0  
-4.49  0  
-4.48  0  
-4.47  0  
-4.46  0  
-4.45  0  
-4.44  0  
-4.43  0  
-4.42  0  
-4.41  0  
-4.4  0  
-4.39  0  
-4.38  0  
-4.37  0  
-4.36  0  
-4.35  0  
-4.34  0  
-4.33  0  
-4.32  0  
-4.31  0  
-4.3  0  
-4.29  0  
-4.28  0  
-4.27  0  
-4.26  0  
-4.25  0  
-4.24  0  
-4.23  0  
-4.22  0  
-4.21  0  
-4.2  0  
-4.19  0  
-4.18  0  
-4.17  0  
-4.16  0  
-4.15  0  
-4.14  0  
-4.13  0  
-4.12  0  
-4.11  0  
-4.1  0  
-4.09  0  
-4.08  0  
-4.07  0  
-4.06  0  
-4.05  0  
-4.04  0  
-4.03  0  
-4.02  0  
-4.01  0  
-4  0  
-3.99  0  
-3.98  0  
-3.97  0  
-3.96  0  
-3.95  0  
-3.94  0  
-3.93  0  
-3.92  0  
-3.91  0  
-3.9  0  
-3.89  0  
-3.88  0  
-3.87  0  
-3.86  0  
-3.85  0  
-3.84  0  
-3.83  0  
-3.82  0  
-3.81  0  
-3.8  0  
-3.79  0  
-3.78  0  
-3.77  0  
-3.76  0  
-3.75  0  
-3.74  0  
-3.73  0  
-3.72  0  
-3.71  0  
-3.7  0  
-3.69  0  
-3.68  0  
-3.67  0  
-3.66  0  
-3.65  0  
-3.64  0  
-3.63  0  
-3.62  0  
-3.61  0  
-3.6  0  
-3.59  0  
-3.58  0  
-3.57  0  
-3.56  0  
-3.55  0  
-3.54  0  
-3.53  0  
-3.52  0  
-3.51  0  
-3.5  0  
-3.49  0  
-3.48  0  
-3.47  0  
-3.46  0  
-3.45  0  
-3.44  0  
-3.43  0  
-3.42  0  
-3.41  0  
-3.4  0  
-3.39  0  
-3.38  0  
-3.37  0  
-3.36  0  
-3.35  0  
-3.34  0  
-3.33  0  
-3.32  0  
-3.31  0  
-3.3  0  
-3.29  0  
-3.28  0  
-3.27  0  
-3.26  0  
-3.25  0  
-3.24  0  
-3.23  0  
-3.22  0  
-3.21  0  
-3.2  0  
-3.19  0  
-3.18  0  
-3.17  0  
-3.16  0  
-3.15  0  
-3.14  0  
-3.13  0  
-3.12  0  
-3.11  0  
-3.1  0  
-3.09  0  
-3.08  0  
-3.07  0  
-3.06  0  
-3.05  0  
-3.04  0  
-3.03  0  
-3.02  0  
-3.01  0  
-3  0  
