10 1002 -13 -3 750  0  187656
-13  7  
-12.99  4  
-12.98  5  
-12.97  8  
-12.96  5  
-12.95  9  
-12.94  6  
-12.93  2  
-12.92  4  
-12.91  5  
-12.9  6  
-12.89  8  
-12.88  5  
-12.87  6  
-12.86  7  
-12.85  3  
-12.84  1  
-12.83  4  
-12.82  8  
-12.81  7  
-12.8  5  
-12.79  3  
-12.78  12  
-12.77  4  
-12.76  6  
-12.75  2  
-12.74  6  
-12.73  9  
-12.72  5  
-12.71  4  
-12.7  9  
-12.69  7  
-12.68  6  
-12.67  10  
-12.66  4  
-12.65  11  
-12.64  7  
-12.63  8  
-12.62  8  
-12.61  6  
-12.6  2  
-12.59  7  
-12.58  7  
-12.57  9  
-12.56  9  
-12.55  6  
-12.54  9  
-12.53  9  
-12.52  4  
-12.51  10  
-12.5  14  
-12.49  11  
-12.48  10  
-12.47  6  
-12.46  6  
-12.45  6  
-12.44  9  
-12.43  9  
-12.42  11  
-12.41  7  
-12.4  10  
-12.39  6  
-12.38  9  
-12.37  6  
-12.36  8  
-12.35  9  
-12.34  7  
-12.33  9  
-12.32  8  
-12.31  17  
-12.3  17  
-12.29  7  
-12.28  9  
-12.27  13  
-12.26  10  
-12.25  7  
-12.24  13  
-12.23  16  
-12.22  12  
-12.21  12  
-12.2  6  
-12.19  18  
-12.18  15  
-12.17  18  
-12.16  13  
-12.15  15  
-12.14  19  
-12.13  9  
-12.12  9  
-12.11  16  
-12.1  15  
-12.09  12  
-12.08  9  
-12.07  10  
-12.06  11  
-12.05  13  
-12.04  11  
-12.03  12  
-12.02  11  
-12.01  13  
-12  17  
-11.99  20  
-11.98  18  
-11.97  16  
-11.96  20  
-11.95  20  
-11.94  11  
-11.93  14  
-11.92  15  
-11.91  15  
-11.9  13  
-11.89  17  
-11.88  21  
-11.87  25  
-11.86  12  
-11.85  11  
-11.84  15  
-11.83  15  
-11.82  18  
-11.81  11  
-11.8  26  
-11.79  17  
-11.78  18  
-11.77  19  
-11.76  16  
-11.75  22  
-11.74  27  
-11.73  22  
-11.72  16  
-11.71  21  
-11.7  22  
-11.69  22  
-11.68  21  
-11.67  24  
-11.66  18  
-11.65  25  
-11.64  21  
-11.63  23  
-11.62  33  
-11.61  24  
-11.6  20  
-11.59  27  
-11.58  21  
-11.57  36  
-11.56  22  
-11.55  29  
-11.54  22  
-11.53  26  
-11.52  26  
-11.51  24  
-11.5  31  
-11.49  44  
-11.48  19  
-11.47  33  
-11.46  26  
-11.45  31  
-11.44  19  
-11.43  41  
-11.42  31  
-11.41  22  
-11.4  29  
-11.39  40  
-11.38  28  
-11.37  28  
-11.36  27  
-11.35  39  
-11.34  27  
-11.33  32  
-11.32  39  
-11.31  37  
-11.3  27  
-11.29  40  
-11.28  34  
-11.27  46  
-11.26  41  
-11.25  51  
-11.24  47  
-11.23  35  
-11.22  41  
-11.21  44  
-11.2  41  
-11.19  37  
-11.18  33  
-11.17  36  
-11.16  49  
-11.15  48  
-11.14  39  
-11.13  52  
-11.12  46  
-11.11  48  
-11.1  35  
-11.09  46  
-11.08  33  
-11.07  50  
-11.06  40  
-11.05  58  
-11.04  46  
-11.03  56  
-11.02  43  
-11.01  64  
-11  46  
-10.99  56  
-10.98  69  
-10.97  69  
-10.96  64  
-10.95  51  
-10.94  65  
-10.93  72  
-10.92  66  
-10.91  66  
-10.9  63  
-10.89  67  
-10.88  79  
-10.87  82  
-10.86  67  
-10.85  87  
-10.84  53  
-10.83  67  
-10.82  64  
-10.81  86  
-10.8  82  
-10.79  74  
-10.78  85  
-10.77  67  
-10.76  93  
-10.75  78  
-10.74  78  
-10.73  89  
-10.72  86  
-10.71  88  
-10.7  94  
-10.69  98  
-10.68  96  
-10.67  84  
-10.66  92  
-10.65  92  
-10.64  90  
-10.63  100  
-10.62  111  
-10.61  101  
-10.6  107  
-10.59  127  
-10.58  99  
-10.57  100  
-10.56  120  
-10.55  111  
-10.54  104  
-10.53  103  
-10.52  117  
-10.51  107  
-10.5  121  
-10.49  100  
-10.48  117  
-10.47  127  
-10.46  142  
-10.45  142  
-10.44  119  
-10.43  127  
-10.42  125  
-10.41  126  
-10.4  142  
-10.39  133  
-10.38  141  
-10.37  133  
-10.36  119  
-10.35  142  
-10.34  148  
-10.33  155  
-10.32  128  
-10.31  157  
-10.3  154  
-10.29  172  
-10.28  164  
-10.27  198  
-10.26  141  
-10.25  182  
-10.24  158  
-10.23  175  
-10.22  180  
-10.21  151  
-10.2  190  
-10.19  159  
-10.18  173  
-10.17  161  
-10.16  179  
-10.15  182  
-10.14  181  
-10.13  157  
-10.12  183  
-10.11  189  
-10.1  199  
-10.09  185  
-10.08  192  
-10.07  230  
-10.06  222  
-10.05  204  
-10.04  246  
-10.03  212  
-10.02  196  
-10.01  195  
-10  226  
-9.99  249  
-9.98  254  
-9.97  226  
-9.96  241  
-9.95  234  
-9.94  229  
-9.93  219  
-9.92  263  
-9.91  229  
-9.9  233  
-9.89  237  
-9.88  230  
-9.87  260  
-9.86  244  
-9.85  253  
-9.84  251  
-9.83  252  
-9.82  271  
-9.81  246  
-9.8  257  
-9.79  273  
-9.78  296  
-9.77  297  
-9.76  286  
-9.75  304  
-9.74  271  
-9.73  280  
-9.72  291  
-9.71  298  
-9.7  273  
-9.69  312  
-9.68  296  
-9.67  326  
-9.66  295  
-9.65  321  
-9.64  294  
-9.63  306  
-9.62  322  
-9.61  305  
-9.6  290  
-9.59  301  
-9.58  339  
-9.57  326  
-9.56  290  
-9.55  373  
-9.54  357  
-9.53  329  
-9.52  352  
-9.51  344  
-9.5  339  
-9.49  338  
-9.48  324  
-9.47  348  
-9.46  339  
-9.45  321  
-9.44  370  
-9.43  352  
-9.42  372  
-9.41  373  
-9.4  400  
-9.39  327  
-9.38  323  
-9.37  358  
-9.36  357  
-9.35  364  
-9.34  394  
-9.33  384  
-9.32  382  
-9.31  338  
-9.3  370  
-9.29  382  
-9.28  369  
-9.27  395  
-9.26  377  
-9.25  386  
-9.24  377  
-9.23  400  
-9.22  448  
-9.21  381  
-9.2  404  
-9.19  368  
-9.18  409  
-9.17  385  
-9.16  387  
-9.15  416  
-9.14  378  
-9.13  448  
-9.12  422  
-9.11  393  
-9.1  366  
-9.09  385  
-9.08  434  
-9.07  381  
-9.06  399  
-9.05  412  
-9.04  370  
-9.03  402  
-9.02  380  
-9.01  404  
-9  400  
-8.99  381  
-8.98  395  
-8.97  368  
-8.96  445  
-8.95  380  
-8.94  405  
-8.93  388  
-8.92  411  
-8.91  385  
-8.9  376  
-8.89  405  
-8.88  395  
-8.87  386  
-8.86  412  
-8.85  404  
-8.84  381  
-8.83  364  
-8.82  360  
-8.81  369  
-8.8  377  
-8.79  357  
-8.78  365  
-8.77  385  
-8.76  389  
-8.75  381  
-8.74  372  
-8.73  383  
-8.72  346  
-8.71  402  
-8.7  346  
-8.69  360  
-8.68  354  
-8.67  334  
-8.66  364  
-8.65  342  
-8.64  317  
-8.63  320  
-8.62  328  
-8.61  349  
-8.6  342  
-8.59  350  
-8.58  328  
-8.57  365  
-8.56  319  
-8.55  312  
-8.54  312  
-8.53  313  
-8.52  298  
-8.51  300  
-8.5  298  
-8.49  314  
-8.48  294  
-8.47  284  
-8.46  285  
-8.45  295  
-8.44  290  
-8.43  267  
-8.42  237  
-8.41  246  
-8.4  261  
-8.39  219  
-8.38  220  
-8.37  216  
-8.36  189  
-8.35  227  
-8.34  227  
-8.33  213  
-8.32  224  
-8.31  220  
-8.3  209  
-8.29  217  
-8.28  204  
-8.27  194  
-8.26  182  
-8.25  183  
-8.24  179  
-8.23  177  
-8.22  181  
-8.21  194  
-8.2  188  
-8.19  164  
-8.18  157  
-8.17  160  
-8.16  149  
-8.15  156  
-8.14  136  
-8.13  131  
-8.12  132  
-8.11  129  
-8.1  121  
-8.09  134  
-8.08  133  
-8.07  114  
-8.06  107  
-8.05  116  
-8.04  100  
-8.03  98  
-8.02  109  
-8.01  89  
-8  114  
-7.99  91  
-7.98  96  
-7.97  79  
-7.96  78  
-7.95  96  
-7.94  79  
-7.93  75  
-7.92  70  
-7.91  77  
-7.9  63  
-7.89  52  
-7.88  70  
-7.87  67  
-7.86  62  
-7.85  51  
-7.84  58  
-7.83  38  
-7.82  39  
-7.81  42  
-7.8  46  
-7.79  51  
-7.78  44  
-7.77  45  
-7.76  41  
-7.75  27  
-7.74  42  
-7.73  39  
-7.72  28  
-7.71  29  
-7.7  30  
-7.69  32  
-7.68  19  
-7.67  30  
-7.66  19  
-7.65  30  
-7.64  21  
-7.63  11  
-7.62  13  
-7.61  20  
-7.6  15  
-7.59  18  
-7.58  12  
-7.57  15  
-7.56  13  
-7.55  10  
-7.54  10  
-7.53  9  
-7.52  14  
-7.51  3  
-7.5  13  
-7.49  11  
-7.48  12  
-7.47  9  
-7.46  7  
-7.45  12  
-7.44  8  
-7.43  7  
-7.42  6  
-7.41  5  
-7.4  1  
-7.39  6  
-7.38  5  
-7.37  8  
-7.36  2  
-7.35  3  
-7.34  6  
-7.33  3  
-7.32  4  
-7.31  2  
-7.3  6  
-7.29  3  
-7.28  1  
-7.27  0  
-7.26  1  
-7.25  0  
-7.24  1  
-7.23  3  
-7.22  1  
-7.21  2  
-7.2  1  
-7.19  1  
-7.18  0  
-7.17  2  
-7.16  2  
-7.15  3  
-7.14  2  
-7.13  1  
-7.12  0  
-7.11  1  
-7.1  0  
-7.09  2  
-7.08  0  
-7.07  0  
-7.06  2  
-7.05  1  
-7.04  1  
-7.03  1  
-7.02  0  
-7.01  1  
-7  0  
-6.99  1  
-6.98  0  
-6.97  0  
-6.96  0  
-6.95  0  
-6.94  1  
-6.93  0  
-6.92  0  
-6.91  0  
-6.9  0  
-6.89  0  
-6.88  1  
-6.87  0  
-6.86  0  
-6.85  0  
-6.84  0  
-6.83  0  
-6.82  0  
-6.81  0  
-6.8  0  
-6.79  1  
-6.78  0  
-6.77  0  
-6.76  0  
-6.75  0  
-6.74  0  
-6.73  1  
-6.72  0  
-6.71  0  
-6.7  0  
-6.69  0  
-6.68  0  
-6.67  0  
-6.66  0  
-6.65  0  
-6.64  0  
-6.63  0  
-6.62  0  
-6.61  0  
-6.6  0  
-6.59  0  
-6.58  0  
-6.57  0  
-6.56  0  
-6.55  0  
-6.54  0  
-6.53  0  
-6.52  0  
-6.51  0  
-6.5  0  
-6.49  0  
-6.48  0  
-6.47  0  
-6.46  0  
-6.45  0  
-6.44  0  
-6.43  0  
-6.42  0  
-6.41  0  
-6.4  0  
-6.39  0  
-6.38  0  
-6.37  0  
-6.36  0  
-6.35  0  
-6.34  0  
-6.33  0  
-6.32  0  
-6.31  0  
-6.3  0  
-6.29  0  
-6.28  0  
-6.27  0  
-6.26  0  
-6.25  0  
-6.24  0  
-6.23  0  
-6.22  0  
-6.21  0  
-6.2  0  
-6.19  0  
-6.18  0  
-6.17  0  
-6.16  0  
-6.15  0  
-6.14  0  
-6.13  0  
-6.12  0  
-6.11  0  
-6.1  0  
-6.09  0  
-6.08  0  
-6.07  0  
-6.06  0  
-6.05  0  
-6.04  0  
-6.03  0  
-6.02  0  
-6.01  0  
-6  0  
-5.99  0  
-5.98  0  
-5.97  0  
-5.96  0  
-5.95  0  
-5.94  0  
-5.93  0  
-5.92  0  
-5.91  0  
-5.9  0  
-5.89  0  
-5.88  0  
-5.87  0  
-5.86  0  
-5.85  0  
-5.84  0  
-5.83  0  
-5.82  0  
-5.81  0  
-5.8  0  
-5.79  0  
-5.78  0  
-5.77  0  
-5.76  0  
-5.75  0  
-5.74  0  
-5.73  0  
-5.72  0  
-5.71  0  
-5.7  0  
-5.69  0  
-5.68  0  
-5.67  0  
-5.66  0  
-5.65  0  
-5.64  0  
-5.63  0  
-5.62  0  
-5.61  0  
-5.6  0  
-5.59  0  
-5.58  0  
-5.57  0  
-5.56  0  
-5.55  0  
-5.54  0  
-5.53  0  
-5.52  0  
-5.51  0  
-5.5  0  
-5.49  0  
-5.48  0  
-5.47  0  
-5.46  0  
-5.45  0  
-5.44  0  
-5.43  0  
-5.42  0  
-5.41  0  
-5.4  0  
-5.39  0  
-5.38  0  
-5.37  0  
-5.36  0  
-5.35  0  
-5.34  0  
-5.33  0  
-5.32  0  
-5.31  0  
-5.3  0  
-5.29  0  
-5.28  0  
-5.27  0  
-5.26  0  
-5.25  0  
-5.24  0  
-5.23  0  
-5.22  0  
-5.21  0  
-5.2  0  
-5.19  0  
-5.18  0  
-5.17  0  
-5.16  0  
-5.15  0  
-5.14  0  
-5.13  0  
-5.12  0  
-5.11  0  
-5.1  0  
-5.09  0  
-5.08  0  
-5.07  0  
-5.06  0  
-5.05  0  
-5.04  0  
-5.03  0  
-5.02  0  
-5.01  0  
-5  0  
-4.99  0  
-4.98  0  
-4.97  0  
-4.96  0  
-4.95  0  
-4.94  0  
-4.93  0  
-4.92  0  
-4.91  0  
-4.9  0  
-4.89  0  
-4.88  0  
-4.87  0  
-4.86  0  
-4.85  0  
-4.84  0  
-4.83  0  
-4.82  0  
-4.81  0  
-4.8  0  
-4.79  0  
-4.78  0  
-4.77  0  
-4.76  0  
-4.75  0  
-4.74  0  
-4.73  0  
-4.72  0  
-4.71  0  
-4.7  0  
-4.69  0  
-4.68  0  
-4.67  0  
-4.66  0  
-4.65  0  
-4.64  0  
-4.63  0  
-4.62  0  
-4.61  0  
-4.6  0  
-4.59  0  
-4.58  0  
-4.57  0  
-4.56  0  
-4.55  0  
-4.54  0  
-4.53  0  
-4.52  0  
-4.51  0  
-4.5  0  
-4.49  0  
-4.48  0  
-4.47  0  
-4.46  0  
-4.45  0  
-4.44  0  
-4.43  0  
-4.42  0  
-4.41  0  
-4.4  0  
-4.39  0  
-4.38  0  
-4.37  0  
-4.36  0  
-4.35  0  
-4.34  0  
-4.33  0  
-4.32  0  
-4.31  0  
-4.3  0  
-4.29  0  
-4.28  0  
-4.27  0  
-4.26  0  
-4.25  0  
-4.24  0  
-4.23  0  
-4.22  0  
-4.21  0  
-4.2  0  
-4.19  0  
-4.18  0  
-4.17  0  
-4.16  0  
-4.15  0  
-4.14  0  
-4.13  0  
-4.12  0  
-4.11  0  
-4.1  0  
-4.09  0  
-4.08  0  
-4.07  0  
-4.06  0  
-4.05  0  
-4.04  0  
-4.03  0  
-4.02  0  
-4.01  0  
-4  0  
-3.99  0  
-3.98  0  
-3.97  0  
-3.96  0  
-3.95  0  
-3.94  0  
-3.93  0  
-3.92  0  
-3.91  0  
-3.9  0  
-3.89  0  
-3.88  0  
-3.87  0  
-3.86  0  
-3.85  0  
-3.84  0  
-3.83  0  
-3.82  0  
-3.81  0  
-3.8  0  
-3.79  0  
-3.78  0  
-3.77  0  
-3.76  0  
-3.75  0  
-3.74  0  
-3.73  0  
-3.72  0  
-3.71  0  
-3.7  0  
-3.69  0  
-3.68  0  
-3.67  0  
-3.66  0  
-3.65  0  
-3.64  0  
-3.63  0  
-3.62  0  
-3.61  0  
-3.6  0  
-3.59  0  
-3.58  0  
-3.57  0  
-3.56  0  
-3.55  0  
-3.54  0  
-3.53  0  
-3.52  0  
-3.51  0  
-3.5  0  
-3.49  0  
-3.48  0  
-3.47  0  
-3.46  0  
-3.45  0  
-3.44  0  
-3.43  0  
-3.42  0  
-3.41  0  
-3.4  0  
-3.39  0  
-3.38  0  
-3.37  0  
-3.36  0  
-3.35  0  
-3.34  0  
-3.33  0  
-3.32  0  
-3.31  0  
-3.3  0  
-3.29  0  
-3.28  0  
-3.27  0  
-3.26  0  
-3.25  0  
-3.24  0  
-3.23  0  
-3.22  0  
-3.21  0  
-3.2  0  
-3.19  0  
-3.18  0  
-3.17  0  
-3.16  0  
-3.15  0  
-3.14  0  
-3.13  0  
-3.12  0  
-3.11  0  
-3.1  0  
-3.09  0  
-3.08  0  
-3.07  0  
-3.06  0  
-3.05  0  
-3.04  0  
-3.03  0  
-3.02  0  
-3.01  0  
-3  0  
