10 1002 -13 -3 566  0  187656
-13  5  
-12.99  3  
-12.98  2  
-12.97  6  
-12.96  4  
-12.95  4  
-12.94  6  
-12.93  7  
-12.92  3  
-12.91  5  
-12.9  4  
-12.89  4  
-12.88  6  
-12.87  3  
-12.86  10  
-12.85  3  
-12.84  3  
-12.83  2  
-12.82  3  
-12.81  6  
-12.8  6  
-12.79  4  
-12.78  2  
-12.77  3  
-12.76  3  
-12.75  4  
-12.74  3  
-12.73  7  
-12.72  7  
-12.71  4  
-12.7  5  
-12.69  7  
-12.68  7  
-12.67  6  
-12.66  5  
-12.65  5  
-12.64  7  
-12.63  4  
-12.62  6  
-12.61  5  
-12.6  4  
-12.59  9  
-12.58  6  
-12.57  5  
-12.56  4  
-12.55  5  
-12.54  4  
-12.53  6  
-12.52  5  
-12.51  5  
-12.5  11  
-12.49  2  
-12.48  10  
-12.47  8  
-12.46  6  
-12.45  2  
-12.44  6  
-12.43  5  
-12.42  5  
-12.41  14  
-12.4  3  
-12.39  4  
-12.38  9  
-12.37  9  
-12.36  9  
-12.35  4  
-12.34  8  
-12.33  5  
-12.32  8  
-12.31  2  
-12.3  6  
-12.29  6  
-12.28  6  
-12.27  3  
-12.26  11  
-12.25  2  
-12.24  10  
-12.23  9  
-12.22  12  
-12.21  6  
-12.2  9  
-12.19  9  
-12.18  3  
-12.17  7  
-12.16  9  
-12.15  8  
-12.14  5  
-12.13  13  
-12.12  5  
-12.11  5  
-12.1  8  
-12.09  9  
-12.08  13  
-12.07  6  
-12.06  7  
-12.05  8  
-12.04  14  
-12.03  10  
-12.02  10  
-12.01  16  
-12  5  
-11.99  7  
-11.98  8  
-11.97  17  
-11.96  14  
-11.95  10  
-11.94  9  
-11.93  12  
-11.92  9  
-11.91  12  
-11.9  11  
-11.89  17  
-11.88  12  
-11.87  13  
-11.86  10  
-11.85  16  
-11.84  10  
-11.83  15  
-11.82  6  
-11.81  12  
-11.8  8  
-11.79  14  
-11.78  14  
-11.77  10  
-11.76  8  
-11.75  13  
-11.74  16  
-11.73  7  
-11.72  10  
-11.71  19  
-11.7  12  
-11.69  9  
-11.68  4  
-11.67  12  
-11.66  16  
-11.65  10  
-11.64  13  
-11.63  8  
-11.62  14  
-11.61  18  
-11.6  17  
-11.59  18  
-11.58  18  
-11.57  14  
-11.56  26  
-11.55  17  
-11.54  14  
-11.53  17  
-11.52  10  
-11.51  10  
-11.5  16  
-11.49  28  
-11.48  16  
-11.47  12  
-11.46  14  
-11.45  20  
-11.44  11  
-11.43  20  
-11.42  15  
-11.41  25  
-11.4  28  
-11.39  22  
-11.38  22  
-11.37  18  
-11.36  25  
-11.35  16  
-11.34  23  
-11.33  24  
-11.32  21  
-11.31  19  
-11.3  31  
-11.29  18  
-11.28  26  
-11.27  16  
-11.26  23  
-11.25  27  
-11.24  24  
-11.23  32  
-11.22  21  
-11.21  15  
-11.2  22  
-11.19  21  
-11.18  31  
-11.17  32  
-11.16  35  
-11.15  25  
-11.14  30  
-11.13  22  
-11.12  26  
-11.11  31  
-11.1  20  
-11.09  28  
-11.08  24  
-11.07  30  
-11.06  19  
-11.05  14  
-11.04  19  
-11.03  30  
-11.02  26  
-11.01  21  
-11  36  
-10.99  26  
-10.98  35  
-10.97  35  
-10.96  32  
-10.95  26  
-10.94  32  
-10.93  37  
-10.92  21  
-10.91  42  
-10.9  28  
-10.89  39  
-10.88  38  
-10.87  25  
-10.86  41  
-10.85  45  
-10.84  40  
-10.83  26  
-10.82  30  
-10.81  35  
-10.8  26  
-10.79  37  
-10.78  28  
-10.77  41  
-10.76  43  
-10.75  40  
-10.74  35  
-10.73  42  
-10.72  45  
-10.71  30  
-10.7  48  
-10.69  43  
-10.68  41  
-10.67  44  
-10.66  50  
-10.65  53  
-10.64  44  
-10.63  57  
-10.62  43  
-10.61  47  
-10.6  55  
-10.59  43  
-10.58  68  
-10.57  42  
-10.56  48  
-10.55  42  
-10.54  52  
-10.53  43  
-10.52  49  
-10.51  57  
-10.5  52  
-10.49  41  
-10.48  66  
-10.47  60  
-10.46  57  
-10.45  55  
-10.44  56  
-10.43  51  
-10.42  69  
-10.41  65  
-10.4  67  
-10.39  57  
-10.38  58  
-10.37  71  
-10.36  61  
-10.35  66  
-10.34  91  
-10.33  66  
-10.32  66  
-10.31  74  
-10.3  65  
-10.29  63  
-10.28  70  
-10.27  87  
-10.26  86  
-10.25  73  
-10.24  74  
-10.23  84  
-10.22  76  
-10.21  86  
-10.2  93  
-10.19  85  
-10.18  75  
-10.17  78  
-10.16  94  
-10.15  94  
-10.14  85  
-10.13  85  
-10.12  97  
-10.11  84  
-10.1  111  
-10.09  90  
-10.08  90  
-10.07  89  
-10.06  99  
-10.05  108  
-10.04  105  
-10.03  112  
-10.02  100  
-10.01  120  
-10  104  
-9.99  113  
-9.98  98  
-9.97  103  
-9.96  104  
-9.95  99  
-9.94  117  
-9.93  141  
-9.92  114  
-9.91  95  
-9.9  127  
-9.89  119  
-9.88  111  
-9.87  139  
-9.86  117  
-9.85  115  
-9.84  130  
-9.83  133  
-9.82  124  
-9.81  138  
-9.8  135  
-9.79  137  
-9.78  114  
-9.77  132  
-9.76  134  
-9.75  135  
-9.74  156  
-9.73  117  
-9.72  135  
-9.71  146  
-9.7  181  
-9.69  136  
-9.68  169  
-9.67  162  
-9.66  151  
-9.65  141  
-9.64  168  
-9.63  152  
-9.62  176  
-9.61  173  
-9.6  194  
-9.59  190  
-9.58  167  
-9.57  180  
-9.56  176  
-9.55  178  
-9.54  206  
-9.53  209  
-9.52  183  
-9.51  190  
-9.5  222  
-9.49  189  
-9.48  201  
-9.47  199  
-9.46  224  
-9.45  224  
-9.44  214  
-9.43  180  
-9.42  246  
-9.41  204  
-9.4  233  
-9.39  229  
-9.38  230  
-9.37  230  
-9.36  217  
-9.35  216  
-9.34  192  
-9.33  262  
-9.32  258  
-9.31  255  
-9.3  227  
-9.29  261  
-9.28  248  
-9.27  270  
-9.26  261  
-9.25  255  
-9.24  235  
-9.23  262  
-9.22  272  
-9.21  266  
-9.2  262  
-9.19  314  
-9.18  303  
-9.17  271  
-9.16  274  
-9.15  312  
-9.14  296  
-9.13  267  
-9.12  269  
-9.11  269  
-9.1  266  
-9.09  302  
-9.08  277  
-9.07  299  
-9.06  304  
-9.05  328  
-9.04  292  
-9.03  294  
-9.02  316  
-9.01  273  
-9  317  
-8.99  316  
-8.98  296  
-8.97  337  
-8.96  357  
-8.95  320  
-8.94  309  
-8.93  331  
-8.92  320  
-8.91  355  
-8.9  344  
-8.89  318  
-8.88  363  
-8.87  364  
-8.86  311  
-8.85  351  
-8.84  357  
-8.83  329  
-8.82  360  
-8.81  342  
-8.8  344  
-8.79  373  
-8.78  358  
-8.77  358  
-8.76  367  
-8.75  374  
-8.74  372  
-8.73  394  
-8.72  400  
-8.71  357  
-8.7  380  
-8.69  387  
-8.68  404  
-8.67  381  
-8.66  390  
-8.65  376  
-8.64  377  
-8.63  370  
-8.62  397  
-8.61  400  
-8.6  374  
-8.59  365  
-8.58  401  
-8.57  385  
-8.56  397  
-8.55  388  
-8.54  359  
-8.53  394  
-8.52  376  
-8.51  394  
-8.5  376  
-8.49  418  
-8.48  386  
-8.47  410  
-8.46  416  
-8.45  390  
-8.44  407  
-8.43  364  
-8.42  392  
-8.41  389  
-8.4  375  
-8.39  389  
-8.38  350  
-8.37  393  
-8.36  393  
-8.35  389  
-8.34  372  
-8.33  384  
-8.32  405  
-8.31  388  
-8.3  347  
-8.29  373  
-8.28  391  
-8.27  389  
-8.26  355  
-8.25  397  
-8.24  403  
-8.23  372  
-8.22  374  
-8.21  352  
-8.2  376  
-8.19  345  
-8.18  373  
-8.17  331  
-8.16  350  
-8.15  334  
-8.14  335  
-8.13  347  
-8.12  353  
-8.11  328  
-8.1  341  
-8.09  320  
-8.08  312  
-8.07  325  
-8.06  281  
-8.05  306  
-8.04  332  
-8.03  308  
-8.02  289  
-8.01  298  
-8  301  
-7.99  312  
-7.98  272  
-7.97  267  
-7.96  280  
-7.95  291  
-7.94  273  
-7.93  247  
-7.92  302  
-7.91  272  
-7.9  284  
-7.89  262  
-7.88  274  
-7.87  280  
-7.86  268  
-7.85  243  
-7.84  244  
-7.83  254  
-7.82  230  
-7.81  251  
-7.8  232  
-7.79  230  
-7.78  235  
-7.77  220  
-7.76  204  
-7.75  214  
-7.74  237  
-7.73  217  
-7.72  206  
-7.71  194  
-7.7  211  
-7.69  196  
-7.68  182  
-7.67  192  
-7.66  173  
-7.65  220  
-7.64  178  
-7.63  179  
-7.62  209  
-7.61  183  
-7.6  153  
-7.59  174  
-7.58  183  
-7.57  148  
-7.56  155  
-7.55  162  
-7.54  160  
-7.53  150  
-7.52  138  
-7.51  143  
-7.5  141  
-7.49  125  
-7.48  137  
-7.47  122  
-7.46  114  
-7.45  138  
-7.44  126  
-7.43  123  
-7.42  132  
-7.41  101  
-7.4  127  
-7.39  111  
-7.38  110  
-7.37  123  
-7.36  89  
-7.35  90  
-7.34  108  
-7.33  93  
-7.32  113  
-7.31  72  
-7.3  79  
-7.29  72  
-7.28  75  
-7.27  82  
-7.26  72  
-7.25  63  
-7.24  69  
-7.23  70  
-7.22  67  
-7.21  66  
-7.2  54  
-7.19  57  
-7.18  54  
-7.17  56  
-7.16  39  
-7.15  47  
-7.14  41  
-7.13  47  
-7.12  31  
-7.11  39  
-7.1  25  
-7.09  26  
-7.08  27  
-7.07  29  
-7.06  25  
-7.05  20  
-7.04  25  
-7.03  14  
-7.02  19  
-7.01  17  
-7  21  
-6.99  13  
-6.98  12  
-6.97  18  
-6.96  15  
-6.95  13  
-6.94  7  
-6.93  7  
-6.92  11  
-6.91  7  
-6.9  8  
-6.89  6  
-6.88  7  
-6.87  11  
-6.86  7  
-6.85  4  
-6.84  4  
-6.83  5  
-6.82  4  
-6.81  5  
-6.8  3  
-6.79  2  
-6.78  2  
-6.77  3  
-6.76  3  
-6.75  2  
-6.74  0  
-6.73  3  
-6.72  2  
-6.71  1  
-6.7  0  
-6.69  2  
-6.68  1  
-6.67  0  
-6.66  2  
-6.65  1  
-6.64  1  
-6.63  0  
-6.62  0  
-6.61  0  
-6.6  1  
-6.59  0  
-6.58  0  
-6.57  1  
-6.56  0  
-6.55  1  
-6.54  0  
-6.53  0  
-6.52  0  
-6.51  0  
-6.5  0  
-6.49  0  
-6.48  0  
-6.47  0  
-6.46  0  
-6.45  0  
-6.44  0  
-6.43  0  
-6.42  0  
-6.41  0  
-6.4  0  
-6.39  1  
-6.38  0  
-6.37  0  
-6.36  0  
-6.35  0  
-6.34  0  
-6.33  0  
-6.32  0  
-6.31  0  
-6.3  0  
-6.29  0  
-6.28  0  
-6.27  0  
-6.26  0  
-6.25  0  
-6.24  0  
-6.23  0  
-6.22  0  
-6.21  0  
-6.2  0  
-6.19  0  
-6.18  0  
-6.17  0  
-6.16  0  
-6.15  0  
-6.14  0  
-6.13  0  
-6.12  0  
-6.11  0  
-6.1  0  
-6.09  0  
-6.08  0  
-6.07  0  
-6.06  0  
-6.05  0  
-6.04  0  
-6.03  0  
-6.02  0  
-6.01  0  
-6  0  
-5.99  0  
-5.98  0  
-5.97  0  
-5.96  0  
-5.95  0  
-5.94  0  
-5.93  0  
-5.92  0  
-5.91  0  
-5.9  0  
-5.89  0  
-5.88  0  
-5.87  0  
-5.86  0  
-5.85  0  
-5.84  0  
-5.83  0  
-5.82  0  
-5.81  0  
-5.8  0  
-5.79  0  
-5.78  0  
-5.77  0  
-5.76  0  
-5.75  0  
-5.74  0  
-5.73  0  
-5.72  0  
-5.71  0  
-5.7  0  
-5.69  0  
-5.68  0  
-5.67  0  
-5.66  0  
-5.65  0  
-5.64  0  
-5.63  0  
-5.62  0  
-5.61  0  
-5.6  0  
-5.59  0  
-5.58  0  
-5.57  0  
-5.56  0  
-5.55  0  
-5.54  0  
-5.53  0  
-5.52  0  
-5.51  0  
-5.5  0  
-5.49  0  
-5.48  0  
-5.47  0  
-5.46  0  
-5.45  0  
-5.44  0  
-5.43  0  
-5.42  0  
-5.41  0  
-5.4  0  
-5.39  0  
-5.38  0  
-5.37  0  
-5.36  0  
-5.35  0  
-5.34  0  
-5.33  0  
-5.32  0  
-5.31  0  
-5.3  0  
-5.29  0  
-5.28  0  
-5.27  0  
-5.26  0  
-5.25  0  
-5.24  0  
-5.23  0  
-5.22  0  
-5.21  0  
-5.2  0  
-5.19  0  
-5.18  0  
-5.17  0  
-5.16  0  
-5.15  0  
-5.14  0  
-5.13  0  
-5.12  0  
-5.11  0  
-5.1  0  
-5.09  0  
-5.08  0  
-5.07  0  
-5.06  0  
-5.05  0  
-5.04  0  
-5.03  0  
-5.02  0  
-5.01  0  
-5  0  
-4.99  0  
-4.98  0  
-4.97  0  
-4.96  0  
-4.95  0  
-4.94  0  
-4.93  0  
-4.92  0  
-4.91  0  
-4.9  0  
-4.89  0  
-4.88  0  
-4.87  0  
-4.86  0  
-4.85  0  
-4.84  0  
-4.83  0  
-4.82  0  
-4.81  0  
-4.8  0  
-4.79  0  
-4.78  0  
-4.77  0  
-4.76  0  
-4.75  0  
-4.74  0  
-4.73  0  
-4.72  0  
-4.71  0  
-4.7  0  
-4.69  0  
-4.68  0  
-4.67  0  
-4.66  0  
-4.65  0  
-4.64  0  
-4.63  0  
-4.62  0  
-4.61  0  
-4.6  0  
-4.59  0  
-4.58  0  
-4.57  0  
-4.56  0  
-4.55  0  
-4.54  0  
-4.53  0  
-4.52  0  
-4.51  0  
-4.5  0  
-4.49  0  
-4.48  0  
-4.47  0  
-4.46  0  
-4.45  0  
-4.44  0  
-4.43  0  
-4.42  0  
-4.41  0  
-4.4  0  
-4.39  0  
-4.38  0  
-4.37  0  
-4.36  0  
-4.35  0  
-4.34  0  
-4.33  0  
-4.32  0  
-4.31  0  
-4.3  0  
-4.29  0  
-4.28  0  
-4.27  0  
-4.26  0  
-4.25  0  
-4.24  0  
-4.23  0  
-4.22  0  
-4.21  0  
-4.2  0  
-4.19  0  
-4.18  0  
-4.17  0  
-4.16  0  
-4.15  0  
-4.14  0  
-4.13  0  
-4.12  0  
-4.11  0  
-4.1  0  
-4.09  0  
-4.08  0  
-4.07  0  
-4.06  0  
-4.05  0  
-4.04  0  
-4.03  0  
-4.02  0  
-4.01  0  
-4  0  
-3.99  0  
-3.98  0  
-3.97  0  
-3.96  0  
-3.95  0  
-3.94  0  
-3.93  0  
-3.92  0  
-3.91  0  
-3.9  0  
-3.89  0  
-3.88  0  
-3.87  0  
-3.86  0  
-3.85  0  
-3.84  0  
-3.83  0  
-3.82  0  
-3.81  0  
-3.8  0  
-3.79  0  
-3.78  0  
-3.77  0  
-3.76  0  
-3.75  0  
-3.74  0  
-3.73  0  
-3.72  0  
-3.71  0  
-3.7  0  
-3.69  0  
-3.68  0  
-3.67  0  
-3.66  0  
-3.65  0  
-3.64  0  
-3.63  0  
-3.62  0  
-3.61  0  
-3.6  0  
-3.59  0  
-3.58  0  
-3.57  0  
-3.56  0  
-3.55  0  
-3.54  0  
-3.53  0  
-3.52  0  
-3.51  0  
-3.5  0  
-3.49  0  
-3.48  0  
-3.47  0  
-3.46  0  
-3.45  0  
-3.44  0  
-3.43  0  
-3.42  0  
-3.41  0  
-3.4  0  
-3.39  0  
-3.38  0  
-3.37  0  
-3.36  0  
-3.35  0  
-3.34  0  
-3.33  0  
-3.32  0  
-3.31  0  
-3.3  0  
-3.29  0  
-3.28  0  
-3.27  0  
-3.26  0  
-3.25  0  
-3.24  0  
-3.23  0  
-3.22  0  
-3.21  0  
-3.2  0  
-3.19  0  
-3.18  0  
-3.17  0  
-3.16  0  
-3.15  0  
-3.14  0  
-3.13  0  
-3.12  0  
-3.11  0  
-3.1  0  
-3.09  0  
-3.08  0  
-3.07  0  
-3.06  0  
-3.05  0  
-3.04  0  
-3.03  0  
-3.02  0  
-3.01  0  
-3  0  
