10 1002 -13 -3 559  0  187656
-13  3  
-12.99  2  
-12.98  2  
-12.97  3  
-12.96  4  
-12.95  1  
-12.94  9  
-12.93  3  
-12.92  3  
-12.91  4  
-12.9  7  
-12.89  4  
-12.88  6  
-12.87  3  
-12.86  6  
-12.85  6  
-12.84  7  
-12.83  1  
-12.82  8  
-12.81  2  
-12.8  5  
-12.79  2  
-12.78  7  
-12.77  5  
-12.76  2  
-12.75  3  
-12.74  9  
-12.73  10  
-12.72  8  
-12.71  5  
-12.7  6  
-12.69  7  
-12.68  4  
-12.67  5  
-12.66  4  
-12.65  6  
-12.64  4  
-12.63  2  
-12.62  3  
-12.61  10  
-12.6  5  
-12.59  3  
-12.58  4  
-12.57  13  
-12.56  5  
-12.55  6  
-12.54  8  
-12.53  8  
-12.52  7  
-12.51  1  
-12.5  9  
-12.49  7  
-12.48  6  
-12.47  4  
-12.46  3  
-12.45  6  
-12.44  4  
-12.43  7  
-12.42  5  
-12.41  8  
-12.4  3  
-12.39  12  
-12.38  6  
-12.37  7  
-12.36  7  
-12.35  5  
-12.34  4  
-12.33  10  
-12.32  15  
-12.31  6  
-12.3  4  
-12.29  3  
-12.28  12  
-12.27  1  
-12.26  5  
-12.25  3  
-12.24  12  
-12.23  7  
-12.22  13  
-12.21  5  
-12.2  10  
-12.19  7  
-12.18  6  
-12.17  9  
-12.16  4  
-12.15  10  
-12.14  8  
-12.13  3  
-12.12  10  
-12.11  4  
-12.1  8  
-12.09  15  
-12.08  7  
-12.07  12  
-12.06  5  
-12.05  8  
-12.04  6  
-12.03  13  
-12.02  8  
-12.01  7  
-12  13  
-11.99  8  
-11.98  7  
-11.97  13  
-11.96  12  
-11.95  9  
-11.94  10  
-11.93  10  
-11.92  9  
-11.91  11  
-11.9  8  
-11.89  16  
-11.88  12  
-11.87  15  
-11.86  17  
-11.85  4  
-11.84  18  
-11.83  14  
-11.82  18  
-11.81  15  
-11.8  16  
-11.79  15  
-11.78  8  
-11.77  10  
-11.76  10  
-11.75  13  
-11.74  17  
-11.73  19  
-11.72  15  
-11.71  14  
-11.7  15  
-11.69  14  
-11.68  15  
-11.67  11  
-11.66  5  
-11.65  15  
-11.64  21  
-11.63  15  
-11.62  17  
-11.61  16  
-11.6  16  
-11.59  18  
-11.58  20  
-11.57  19  
-11.56  10  
-11.55  12  
-11.54  17  
-11.53  13  
-11.52  18  
-11.51  21  
-11.5  18  
-11.49  19  
-11.48  25  
-11.47  17  
-11.46  20  
-11.45  23  
-11.44  25  
-11.43  19  
-11.42  22  
-11.41  23  
-11.4  19  
-11.39  12  
-11.38  20  
-11.37  24  
-11.36  20  
-11.35  30  
-11.34  24  
-11.33  24  
-11.32  11  
-11.31  19  
-11.3  18  
-11.29  21  
-11.28  24  
-11.27  27  
-11.26  28  
-11.25  20  
-11.24  23  
-11.23  20  
-11.22  33  
-11.21  29  
-11.2  35  
-11.19  25  
-11.18  24  
-11.17  24  
-11.16  35  
-11.15  30  
-11.14  27  
-11.13  28  
-11.12  31  
-11.11  34  
-11.1  26  
-11.09  26  
-11.08  27  
-11.07  22  
-11.06  26  
-11.05  30  
-11.04  37  
-11.03  24  
-11.02  25  
-11.01  33  
-11  36  
-10.99  41  
-10.98  28  
-10.97  35  
-10.96  27  
-10.95  47  
-10.94  24  
-10.93  32  
-10.92  37  
-10.91  36  
-10.9  38  
-10.89  43  
-10.88  46  
-10.87  43  
-10.86  38  
-10.85  45  
-10.84  48  
-10.83  49  
-10.82  40  
-10.81  39  
-10.8  42  
-10.79  44  
-10.78  50  
-10.77  54  
-10.76  55  
-10.75  42  
-10.74  28  
-10.73  33  
-10.72  48  
-10.71  34  
-10.7  42  
-10.69  51  
-10.68  57  
-10.67  53  
-10.66  58  
-10.65  48  
-10.64  70  
-10.63  42  
-10.62  58  
-10.61  67  
-10.6  56  
-10.59  62  
-10.58  60  
-10.57  55  
-10.56  67  
-10.55  62  
-10.54  71  
-10.53  54  
-10.52  68  
-10.51  77  
-10.5  53  
-10.49  88  
-10.48  76  
-10.47  60  
-10.46  80  
-10.45  78  
-10.44  78  
-10.43  87  
-10.42  85  
-10.41  71  
-10.4  73  
-10.39  98  
-10.38  97  
-10.37  78  
-10.36  98  
-10.35  75  
-10.34  89  
-10.33  81  
-10.32  100  
-10.31  87  
-10.3  98  
-10.29  97  
-10.28  90  
-10.27  105  
-10.26  91  
-10.25  105  
-10.24  101  
-10.23  109  
-10.22  100  
-10.21  88  
-10.2  100  
-10.19  90  
-10.18  96  
-10.17  111  
-10.16  123  
-10.15  102  
-10.14  125  
-10.13  118  
-10.12  107  
-10.11  114  
-10.1  108  
-10.09  114  
-10.08  131  
-10.07  113  
-10.06  120  
-10.05  133  
-10.04  121  
-10.03  160  
-10.02  135  
-10.01  132  
-10  136  
-9.99  128  
-9.98  125  
-9.97  124  
-9.96  137  
-9.95  155  
-9.94  140  
-9.93  151  
-9.92  152  
-9.91  147  
-9.9  130  
-9.89  142  
-9.88  127  
-9.87  165  
-9.86  174  
-9.85  179  
-9.84  176  
-9.83  158  
-9.82  185  
-9.81  153  
-9.8  161  
-9.79  168  
-9.78  185  
-9.77  172  
-9.76  157  
-9.75  197  
-9.74  197  
-9.73  196  
-9.72  225  
-9.71  178  
-9.7  197  
-9.69  188  
-9.68  190  
-9.67  217  
-9.66  207  
-9.65  218  
-9.64  234  
-9.63  217  
-9.62  201  
-9.61  200  
-9.6  206  
-9.59  224  
-9.58  224  
-9.57  253  
-9.56  243  
-9.55  217  
-9.54  241  
-9.53  258  
-9.52  235  
-9.51  258  
-9.5  218  
-9.49  238  
-9.48  244  
-9.47  255  
-9.46  250  
-9.45  229  
-9.44  259  
-9.43  246  
-9.42  251  
-9.41  244  
-9.4  261  
-9.39  266  
-9.38  262  
-9.37  273  
-9.36  278  
-9.35  271  
-9.34  272  
-9.33  289  
-9.32  271  
-9.31  303  
-9.3  264  
-9.29  273  
-9.28  314  
-9.27  303  
-9.26  304  
-9.25  281  
-9.24  304  
-9.23  300  
-9.22  307  
-9.21  300  
-9.2  278  
-9.19  293  
-9.18  271  
-9.17  323  
-9.16  315  
-9.15  291  
-9.14  299  
-9.13  304  
-9.12  356  
-9.11  322  
-9.1  312  
-9.09  345  
-9.08  336  
-9.07  344  
-9.06  351  
-9.05  323  
-9.04  339  
-9.03  330  
-9.02  322  
-9.01  360  
-9  384  
-8.99  346  
-8.98  358  
-8.97  376  
-8.96  362  
-8.95  373  
-8.94  362  
-8.93  381  
-8.92  335  
-8.91  317  
-8.9  396  
-8.89  357  
-8.88  360  
-8.87  380  
-8.86  365  
-8.85  328  
-8.84  324  
-8.83  363  
-8.82  347  
-8.81  369  
-8.8  418  
-8.79  381  
-8.78  411  
-8.77  394  
-8.76  415  
-8.75  400  
-8.74  365  
-8.73  362  
-8.72  349  
-8.71  374  
-8.7  369  
-8.69  374  
-8.68  370  
-8.67  391  
-8.66  391  
-8.65  410  
-8.64  356  
-8.63  406  
-8.62  369  
-8.61  349  
-8.6  421  
-8.59  373  
-8.58  377  
-8.57  356  
-8.56  336  
-8.55  394  
-8.54  371  
-8.53  371  
-8.52  375  
-8.51  346  
-8.5  361  
-8.49  380  
-8.48  386  
-8.47  334  
-8.46  364  
-8.45  392  
-8.44  364  
-8.43  339  
-8.42  375  
-8.41  386  
-8.4  347  
-8.39  345  
-8.38  337  
-8.37  361  
-8.36  333  
-8.35  364  
-8.34  351  
-8.33  326  
-8.32  337  
-8.31  310  
-8.3  343  
-8.29  329  
-8.28  330  
-8.27  351  
-8.26  335  
-8.25  309  
-8.24  280  
-8.23  352  
-8.22  334  
-8.21  308  
-8.2  303  
-8.19  337  
-8.18  307  
-8.17  320  
-8.16  292  
-8.15  306  
-8.14  313  
-8.13  295  
-8.12  292  
-8.11  255  
-8.1  263  
-8.09  280  
-8.08  249  
-8.07  229  
-8.06  267  
-8.05  270  
-8.04  287  
-8.03  284  
-8.02  265  
-8.01  258  
-8  268  
-7.99  242  
-7.98  231  
-7.97  252  
-7.96  234  
-7.95  237  
-7.94  198  
-7.93  224  
-7.92  249  
-7.91  216  
-7.9  221  
-7.89  220  
-7.88  217  
-7.87  222  
-7.86  207  
-7.85  234  
-7.84  197  
-7.83  205  
-7.82  186  
-7.81  165  
-7.8  159  
-7.79  163  
-7.78  185  
-7.77  185  
-7.76  174  
-7.75  178  
-7.74  161  
-7.73  175  
-7.72  145  
-7.71  148  
-7.7  139  
-7.69  171  
-7.68  166  
-7.67  163  
-7.66  129  
-7.65  144  
-7.64  148  
-7.63  142  
-7.62  139  
-7.61  149  
-7.6  130  
-7.59  130  
-7.58  122  
-7.57  127  
-7.56  121  
-7.55  121  
-7.54  121  
-7.53  113  
-7.52  102  
-7.51  94  
-7.5  102  
-7.49  109  
-7.48  89  
-7.47  86  
-7.46  98  
-7.45  102  
-7.44  83  
-7.43  95  
-7.42  67  
-7.41  81  
-7.4  93  
-7.39  71  
-7.38  71  
-7.37  76  
-7.36  58  
-7.35  62  
-7.34  48  
-7.33  51  
-7.32  54  
-7.31  53  
-7.3  57  
-7.29  41  
-7.28  53  
-7.27  41  
-7.26  39  
-7.25  38  
-7.24  37  
-7.23  36  
-7.22  33  
-7.21  34  
-7.2  42  
-7.19  26  
-7.18  33  
-7.17  21  
-7.16  25  
-7.15  16  
-7.14  22  
-7.13  24  
-7.12  21  
-7.11  12  
-7.1  17  
-7.09  16  
-7.08  19  
-7.07  9  
-7.06  11  
-7.05  7  
-7.04  11  
-7.03  19  
-7.02  8  
-7.01  5  
-7  7  
-6.99  11  
-6.98  2  
-6.97  9  
-6.96  5  
-6.95  8  
-6.94  3  
-6.93  6  
-6.92  5  
-6.91  1  
-6.9  2  
-6.89  7  
-6.88  4  
-6.87  1  
-6.86  4  
-6.85  3  
-6.84  3  
-6.83  1  
-6.82  1  
-6.81  0  
-6.8  3  
-6.79  1  
-6.78  0  
-6.77  1  
-6.76  3  
-6.75  0  
-6.74  1  
-6.73  1  
-6.72  2  
-6.71  0  
-6.7  0  
-6.69  0  
-6.68  0  
-6.67  0  
-6.66  0  
-6.65  0  
-6.64  1  
-6.63  0  
-6.62  0  
-6.61  1  
-6.6  0  
-6.59  0  
-6.58  0  
-6.57  0  
-6.56  0  
-6.55  0  
-6.54  0  
-6.53  0  
-6.52  0  
-6.51  0  
-6.5  0  
-6.49  0  
-6.48  0  
-6.47  0  
-6.46  0  
-6.45  0  
-6.44  0  
-6.43  0  
-6.42  0  
-6.41  0  
-6.4  0  
-6.39  0  
-6.38  0  
-6.37  0  
-6.36  0  
-6.35  0  
-6.34  0  
-6.33  0  
-6.32  0  
-6.31  0  
-6.3  0  
-6.29  0  
-6.28  0  
-6.27  0  
-6.26  0  
-6.25  0  
-6.24  0  
-6.23  0  
-6.22  0  
-6.21  0  
-6.2  0  
-6.19  0  
-6.18  0  
-6.17  0  
-6.16  0  
-6.15  0  
-6.14  0  
-6.13  0  
-6.12  0  
-6.11  0  
-6.1  0  
-6.09  0  
-6.08  0  
-6.07  0  
-6.06  0  
-6.05  0  
-6.04  0  
-6.03  0  
-6.02  0  
-6.01  0  
-6  0  
-5.99  0  
-5.98  0  
-5.97  0  
-5.96  0  
-5.95  0  
-5.94  0  
-5.93  0  
-5.92  0  
-5.91  0  
-5.9  0  
-5.89  0  
-5.88  0  
-5.87  0  
-5.86  0  
-5.85  0  
-5.84  0  
-5.83  0  
-5.82  0  
-5.81  0  
-5.8  0  
-5.79  0  
-5.78  0  
-5.77  0  
-5.76  0  
-5.75  0  
-5.74  0  
-5.73  0  
-5.72  0  
-5.71  0  
-5.7  0  
-5.69  0  
-5.68  0  
-5.67  0  
-5.66  0  
-5.65  0  
-5.64  0  
-5.63  0  
-5.62  0  
-5.61  0  
-5.6  0  
-5.59  0  
-5.58  0  
-5.57  0  
-5.56  0  
-5.55  0  
-5.54  0  
-5.53  0  
-5.52  0  
-5.51  0  
-5.5  0  
-5.49  0  
-5.48  0  
-5.47  0  
-5.46  0  
-5.45  0  
-5.44  0  
-5.43  0  
-5.42  0  
-5.41  0  
-5.4  0  
-5.39  0  
-5.38  0  
-5.37  0  
-5.36  0  
-5.35  0  
-5.34  0  
-5.33  0  
-5.32  0  
-5.31  0  
-5.3  0  
-5.29  0  
-5.28  0  
-5.27  0  
-5.26  0  
-5.25  0  
-5.24  0  
-5.23  0  
-5.22  0  
-5.21  0  
-5.2  0  
-5.19  0  
-5.18  0  
-5.17  0  
-5.16  0  
-5.15  0  
-5.14  0  
-5.13  0  
-5.12  0  
-5.11  0  
-5.1  0  
-5.09  0  
-5.08  0  
-5.07  0  
-5.06  0  
-5.05  0  
-5.04  0  
-5.03  0  
-5.02  0  
-5.01  0  
-5  0  
-4.99  0  
-4.98  0  
-4.97  0  
-4.96  0  
-4.95  0  
-4.94  0  
-4.93  0  
-4.92  0  
-4.91  0  
-4.9  0  
-4.89  0  
-4.88  0  
-4.87  0  
-4.86  0  
-4.85  0  
-4.84  0  
-4.83  0  
-4.82  0  
-4.81  0  
-4.8  0  
-4.79  0  
-4.78  0  
-4.77  0  
-4.76  0  
-4.75  0  
-4.74  0  
-4.73  0  
-4.72  0  
-4.71  0  
-4.7  0  
-4.69  0  
-4.68  0  
-4.67  0  
-4.66  0  
-4.65  0  
-4.64  0  
-4.63  0  
-4.62  0  
-4.61  0  
-4.6  0  
-4.59  0  
-4.58  0  
-4.57  0  
-4.56  0  
-4.55  0  
-4.54  0  
-4.53  0  
-4.52  0  
-4.51  0  
-4.5  0  
-4.49  0  
-4.48  0  
-4.47  0  
-4.46  0  
-4.45  0  
-4.44  0  
-4.43  0  
-4.42  0  
-4.41  0  
-4.4  0  
-4.39  0  
-4.38  0  
-4.37  0  
-4.36  0  
-4.35  0  
-4.34  0  
-4.33  0  
-4.32  0  
-4.31  0  
-4.3  0  
-4.29  0  
-4.28  0  
-4.27  0  
-4.26  0  
-4.25  0  
-4.24  0  
-4.23  0  
-4.22  0  
-4.21  0  
-4.2  0  
-4.19  0  
-4.18  0  
-4.17  0  
-4.16  0  
-4.15  0  
-4.14  0  
-4.13  0  
-4.12  0  
-4.11  0  
-4.1  0  
-4.09  0  
-4.08  0  
-4.07  0  
-4.06  0  
-4.05  0  
-4.04  0  
-4.03  0  
-4.02  0  
-4.01  0  
-4  0  
-3.99  0  
-3.98  0  
-3.97  0  
-3.96  0  
-3.95  0  
-3.94  0  
-3.93  0  
-3.92  0  
-3.91  0  
-3.9  0  
-3.89  0  
-3.88  0  
-3.87  0  
-3.86  0  
-3.85  0  
-3.84  0  
-3.83  0  
-3.82  0  
-3.81  0  
-3.8  0  
-3.79  0  
-3.78  0  
-3.77  0  
-3.76  0  
-3.75  0  
-3.74  0  
-3.73  0  
-3.72  0  
-3.71  0  
-3.7  0  
-3.69  0  
-3.68  0  
-3.67  0  
-3.66  0  
-3.65  0  
-3.64  0  
-3.63  0  
-3.62  0  
-3.61  0  
-3.6  0  
-3.59  0  
-3.58  0  
-3.57  0  
-3.56  0  
-3.55  0  
-3.54  0  
-3.53  0  
-3.52  0  
-3.51  0  
-3.5  0  
-3.49  0  
-3.48  0  
-3.47  0  
-3.46  0  
-3.45  0  
-3.44  0  
-3.43  0  
-3.42  0  
-3.41  0  
-3.4  0  
-3.39  0  
-3.38  0  
-3.37  0  
-3.36  0  
-3.35  0  
-3.34  0  
-3.33  0  
-3.32  0  
-3.31  0  
-3.3  0  
-3.29  0  
-3.28  0  
-3.27  0  
-3.26  0  
-3.25  0  
-3.24  0  
-3.23  0  
-3.22  0  
-3.21  0  
-3.2  0  
-3.19  0  
-3.18  0  
-3.17  0  
-3.16  0  
-3.15  0  
-3.14  0  
-3.13  0  
-3.12  0  
-3.11  0  
-3.1  0  
-3.09  0  
-3.08  0  
-3.07  0  
-3.06  0  
-3.05  0  
-3.04  0  
-3.03  0  
-3.02  0  
-3.01  0  
-3  0  
