10 1002 -14 -4 6181  0  234169
-14  26  
-13.99  25  
-13.98  18  
-13.97  20  
-13.96  16  
-13.95  22  
-13.94  27  
-13.93  30  
-13.92  21  
-13.91  19  
-13.9  12  
-13.89  26  
-13.88  19  
-13.87  14  
-13.86  26  
-13.85  20  
-13.84  15  
-13.83  20  
-13.82  27  
-13.81  23  
-13.8  17  
-13.79  18  
-13.78  24  
-13.77  23  
-13.76  23  
-13.75  15  
-13.74  25  
-13.73  20  
-13.72  23  
-13.71  23  
-13.7  31  
-13.69  25  
-13.68  32  
-13.67  30  
-13.66  16  
-13.65  15  
-13.64  16  
-13.63  21  
-13.62  24  
-13.61  21  
-13.6  15  
-13.59  22  
-13.58  25  
-13.57  26  
-13.56  23  
-13.55  28  
-13.54  18  
-13.53  20  
-13.52  26  
-13.51  18  
-13.5  27  
-13.49  17  
-13.48  26  
-13.47  18  
-13.46  25  
-13.45  19  
-13.44  26  
-13.43  24  
-13.42  24  
-13.41  25  
-13.4  22  
-13.39  25  
-13.38  28  
-13.37  19  
-13.36  18  
-13.35  21  
-13.34  20  
-13.33  25  
-13.32  23  
-13.31  24  
-13.3  31  
-13.29  25  
-13.28  17  
-13.27  27  
-13.26  28  
-13.25  27  
-13.24  25  
-13.23  20  
-13.22  25  
-13.21  28  
-13.2  26  
-13.19  17  
-13.18  26  
-13.17  26  
-13.16  28  
-13.15  20  
-13.14  32  
-13.13  22  
-13.12  26  
-13.11  22  
-13.1  25  
-13.09  23  
-13.08  18  
-13.07  27  
-13.06  39  
-13.05  31  
-13.04  19  
-13.03  24  
-13.02  23  
-13.01  24  
-13  22  
-12.99  13  
-12.98  26  
-12.97  25  
-12.96  25  
-12.95  24  
-12.94  21  
-12.93  39  
-12.92  15  
-12.91  31  
-12.9  22  
-12.89  32  
-12.88  24  
-12.87  37  
-12.86  27  
-12.85  23  
-12.84  32  
-12.83  27  
-12.82  26  
-12.81  38  
-12.8  33  
-12.79  24  
-12.78  26  
-12.77  28  
-12.76  31  
-12.75  26  
-12.74  36  
-12.73  38  
-12.72  32  
-12.71  36  
-12.7  34  
-12.69  29  
-12.68  33  
-12.67  28  
-12.66  24  
-12.65  34  
-12.64  36  
-12.63  18  
-12.62  27  
-12.61  37  
-12.6  35  
-12.59  36  
-12.58  29  
-12.57  41  
-12.56  34  
-12.55  27  
-12.54  28  
-12.53  37  
-12.52  24  
-12.51  26  
-12.5  42  
-12.49  37  
-12.48  38  
-12.47  36  
-12.46  36  
-12.45  37  
-12.44  34  
-12.43  37  
-12.42  40  
-12.41  37  
-12.4  42  
-12.39  32  
-12.38  30  
-12.37  34  
-12.36  46  
-12.35  43  
-12.34  43  
-12.33  34  
-12.32  41  
-12.31  40  
-12.3  48  
-12.29  34  
-12.28  37  
-12.27  47  
-12.26  43  
-12.25  36  
-12.24  37  
-12.23  42  
-12.22  35  
-12.21  56  
-12.2  41  
-12.19  47  
-12.18  42  
-12.17  38  
-12.16  54  
-12.15  52  
-12.14  42  
-12.13  55  
-12.12  54  
-12.11  42  
-12.1  42  
-12.09  48  
-12.08  54  
-12.07  38  
-12.06  51  
-12.05  53  
-12.04  49  
-12.03  60  
-12.02  53  
-12.01  53  
-12  49  
-11.99  63  
-11.98  60  
-11.97  58  
-11.96  51  
-11.95  55  
-11.94  50  
-11.93  55  
-11.92  51  
-11.91  53  
-11.9  45  
-11.89  63  
-11.88  55  
-11.87  61  
-11.86  52  
-11.85  58  
-11.84  58  
-11.83  52  
-11.82  56  
-11.81  61  
-11.8  63  
-11.79  70  
-11.78  56  
-11.77  64  
-11.76  72  
-11.75  64  
-11.74  75  
-11.73  74  
-11.72  48  
-11.71  55  
-11.7  60  
-11.69  68  
-11.68  68  
-11.67  63  
-11.66  74  
-11.65  56  
-11.64  75  
-11.63  78  
-11.62  72  
-11.61  65  
-11.6  65  
-11.59  77  
-11.58  73  
-11.57  85  
-11.56  63  
-11.55  89  
-11.54  70  
-11.53  75  
-11.52  72  
-11.51  93  
-11.5  87  
-11.49  85  
-11.48  72  
-11.47  77  
-11.46  72  
-11.45  93  
-11.44  72  
-11.43  81  
-11.42  81  
-11.41  104  
-11.4  65  
-11.39  101  
-11.38  91  
-11.37  98  
-11.36  102  
-11.35  92  
-11.34  73  
-11.33  79  
-11.32  95  
-11.31  93  
-11.3  100  
-11.29  103  
-11.28  100  
-11.27  92  
-11.26  100  
-11.25  102  
-11.24  98  
-11.23  112  
-11.22  99  
-11.21  111  
-11.2  102  
-11.19  98  
-11.18  110  
-11.17  102  
-11.16  109  
-11.15  118  
-11.14  90  
-11.13  103  
-11.12  133  
-11.11  108  
-11.1  112  
-11.09  107  
-11.08  105  
-11.07  91  
-11.06  91  
-11.05  108  
-11.04  106  
-11.03  87  
-11.02  121  
-11.01  109  
-11  102  
-10.99  143  
-10.98  104  
-10.97  118  
-10.96  120  
-10.95  116  
-10.94  121  
-10.93  129  
-10.92  119  
-10.91  122  
-10.9  136  
-10.89  115  
-10.88  133  
-10.87  115  
-10.86  119  
-10.85  115  
-10.84  143  
-10.83  144  
-10.82  135  
-10.81  130  
-10.8  138  
-10.79  117  
-10.78  139  
-10.77  142  
-10.76  126  
-10.75  120  
-10.74  130  
-10.73  158  
-10.72  132  
-10.71  140  
-10.7  143  
-10.69  129  
-10.68  146  
-10.67  141  
-10.66  168  
-10.65  171  
-10.64  143  
-10.63  139  
-10.62  133  
-10.61  144  
-10.6  141  
-10.59  165  
-10.58  145  
-10.57  145  
-10.56  136  
-10.55  169  
-10.54  156  
-10.53  169  
-10.52  150  
-10.51  138  
-10.5  160  
-10.49  146  
-10.48  188  
-10.47  149  
-10.46  131  
-10.45  154  
-10.44  176  
-10.43  165  
-10.42  169  
-10.41  142  
-10.4  170  
-10.39  166  
-10.38  158  
-10.37  154  
-10.36  137  
-10.35  152  
-10.34  169  
-10.33  167  
-10.32  165  
-10.31  152  
-10.3  160  
-10.29  162  
-10.28  136  
-10.27  159  
-10.26  161  
-10.25  144  
-10.24  180  
-10.23  164  
-10.22  177  
-10.21  148  
-10.2  157  
-10.19  185  
-10.18  158  
-10.17  175  
-10.16  173  
-10.15  153  
-10.14  161  
-10.13  179  
-10.12  169  
-10.11  167  
-10.1  153  
-10.09  155  
-10.08  154  
-10.07  152  
-10.06  162  
-10.05  162  
-10.04  166  
-10.03  160  
-10.02  135  
-10.01  172  
-10  174  
-9.99  159  
-9.98  161  
-9.97  171  
-9.96  159  
-9.95  166  
-9.94  182  
-9.93  190  
-9.92  154  
-9.91  174  
-9.9  170  
-9.89  178  
-9.88  138  
-9.87  155  
-9.86  142  
-9.85  160  
-9.84  141  
-9.83  180  
-9.82  165  
-9.81  191  
-9.8  162  
-9.79  164  
-9.78  175  
-9.77  185  
-9.76  182  
-9.75  175  
-9.74  174  
-9.73  160  
-9.72  163  
-9.71  140  
-9.7  157  
-9.69  162  
-9.68  169  
-9.67  189  
-9.66  157  
-9.65  166  
-9.64  155  
-9.63  152  
-9.62  167  
-9.61  144  
-9.6  149  
-9.59  147  
-9.58  150  
-9.57  147  
-9.56  162  
-9.55  152  
-9.54  162  
-9.53  142  
-9.52  162  
-9.51  139  
-9.5  148  
-9.49  173  
-9.48  139  
-9.47  158  
-9.46  150  
-9.45  160  
-9.44  138  
-9.43  136  
-9.42  154  
-9.41  118  
-9.4  130  
-9.39  132  
-9.38  142  
-9.37  137  
-9.36  133  
-9.35  132  
-9.34  149  
-9.33  140  
-9.32  130  
-9.31  129  
-9.3  127  
-9.29  145  
-9.28  122  
-9.27  125  
-9.26  144  
-9.25  140  
-9.24  121  
-9.23  128  
-9.22  104  
-9.21  122  
-9.2  101  
-9.19  114  
-9.18  105  
-9.17  117  
-9.16  131  
-9.15  116  
-9.14  113  
-9.13  120  
-9.12  115  
-9.11  127  
-9.1  99  
-9.09  113  
-9.08  118  
-9.07  115  
-9.06  111  
-9.05  110  
-9.04  90  
-9.03  77  
-9.02  109  
-9.01  102  
-9  105  
-8.99  105  
-8.98  104  
-8.97  103  
-8.96  81  
-8.95  104  
-8.94  81  
-8.93  101  
-8.92  101  
-8.91  101  
-8.9  93  
-8.89  88  
-8.88  93  
-8.87  85  
-8.86  91  
-8.85  102  
-8.84  86  
-8.83  91  
-8.82  89  
-8.81  76  
-8.8  69  
-8.79  98  
-8.78  83  
-8.77  83  
-8.76  71  
-8.75  99  
-8.74  74  
-8.73  90  
-8.72  87  
-8.71  70  
-8.7  71  
-8.69  67  
-8.68  60  
-8.67  67  
-8.66  75  
-8.65  76  
-8.64  63  
-8.63  67  
-8.62  75  
-8.61  75  
-8.6  63  
-8.59  74  
-8.58  54  
-8.57  62  
-8.56  43  
-8.55  58  
-8.54  48  
-8.53  54  
-8.52  55  
-8.51  53  
-8.5  49  
-8.49  52  
-8.48  55  
-8.47  58  
-8.46  54  
-8.45  63  
-8.44  58  
-8.43  55  
-8.42  59  
-8.41  51  
-8.4  46  
-8.39  49  
-8.38  38  
-8.37  45  
-8.36  53  
-8.35  46  
-8.34  47  
-8.33  46  
-8.32  25  
-8.31  45  
-8.3  33  
-8.29  33  
-8.28  37  
-8.27  27  
-8.26  31  
-8.25  24  
-8.24  35  
-8.23  30  
-8.22  34  
-8.21  33  
-8.2  32  
-8.19  42  
-8.18  30  
-8.17  26  
-8.16  31  
-8.15  25  
-8.14  32  
-8.13  28  
-8.12  17  
-8.11  24  
-8.1  26  
-8.09  26  
-8.08  26  
-8.07  18  
-8.06  34  
-8.05  25  
-8.04  25  
-8.03  23  
-8.02  19  
-8.01  23  
-8  20  
-7.99  19  
-7.98  17  
-7.97  22  
-7.96  22  
-7.95  24  
-7.94  17  
-7.93  26  
-7.92  21  
-7.91  20  
-7.9  16  
-7.89  16  
-7.88  12  
-7.87  12  
-7.86  11  
-7.85  18  
-7.84  14  
-7.83  12  
-7.82  23  
-7.81  12  
-7.8  16  
-7.79  15  
-7.78  9  
-7.77  16  
-7.76  9  
-7.75  5  
-7.74  13  
-7.73  12  
-7.72  14  
-7.71  12  
-7.7  6  
-7.69  19  
-7.68  8  
-7.67  6  
-7.66  8  
-7.65  10  
-7.64  10  
-7.63  13  
-7.62  3  
-7.61  7  
-7.6  3  
-7.59  5  
-7.58  4  
-7.57  6  
-7.56  4  
-7.55  6  
-7.54  6  
-7.53  3  
-7.52  7  
-7.51  3  
-7.5  5  
-7.49  3  
-7.48  4  
-7.47  3  
-7.46  3  
-7.45  7  
-7.44  3  
-7.43  4  
-7.42  7  
-7.41  1  
-7.4  4  
-7.39  4  
-7.38  5  
-7.37  4  
-7.36  2  
-7.35  2  
-7.34  3  
-7.33  2  
-7.32  5  
-7.31  2  
-7.3  3  
-7.29  0  
-7.28  6  
-7.27  3  
-7.26  4  
-7.25  3  
-7.24  1  
-7.23  2  
-7.22  2  
-7.21  2  
-7.2  2  
-7.19  0  
-7.18  2  
-7.17  1  
-7.16  2  
-7.15  3  
-7.14  0  
-7.13  1  
-7.12  2  
-7.11  1  
-7.1  3  
-7.09  0  
-7.08  2  
-7.07  0  
-7.06  1  
-7.05  1  
-7.04  1  
-7.03  0  
-7.02  2  
-7.01  0  
-7  1  
-6.99  0  
-6.98  1  
-6.97  1  
-6.96  1  
-6.95  0  
-6.94  0  
-6.93  0  
-6.92  1  
-6.91  0  
-6.9  0  
-6.89  1  
-6.88  0  
-6.87  0  
-6.86  0  
-6.85  1  
-6.84  0  
-6.83  0  
-6.82  0  
-6.81  1  
-6.8  0  
-6.79  1  
-6.78  1  
-6.77  0  
-6.76  1  
-6.75  0  
-6.74  1  
-6.73  0  
-6.72  0  
-6.71  0  
-6.7  0  
-6.69  0  
-6.68  0  
-6.67  0  
-6.66  0  
-6.65  0  
-6.64  0  
-6.63  0  
-6.62  0  
-6.61  0  
-6.6  0  
-6.59  0  
-6.58  0  
-6.57  1  
-6.56  0  
-6.55  0  
-6.54  0  
-6.53  0  
-6.52  0  
-6.51  0  
-6.5  0  
-6.49  0  
-6.48  0  
-6.47  0  
-6.46  0  
-6.45  0  
-6.44  0  
-6.43  0  
-6.42  0  
-6.41  0  
-6.4  0  
-6.39  0  
-6.38  0  
-6.37  0  
-6.36  0  
-6.35  0  
-6.34  0  
-6.33  0  
-6.32  0  
-6.31  0  
-6.3  0  
-6.29  0  
-6.28  0  
-6.27  0  
-6.26  0  
-6.25  0  
-6.24  0  
-6.23  1  
-6.22  0  
-6.21  0  
-6.2  0  
-6.19  0  
-6.18  0  
-6.17  0  
-6.16  0  
-6.15  0  
-6.14  0  
-6.13  0  
-6.12  0  
-6.11  0  
-6.1  0  
-6.09  0  
-6.08  0  
-6.07  0  
-6.06  0  
-6.05  0  
-6.04  0  
-6.03  0  
-6.02  0  
-6.01  0  
-6  0  
-5.99  0  
-5.98  0  
-5.97  0  
-5.96  0  
-5.95  0  
-5.94  0  
-5.93  0  
-5.92  0  
-5.91  0  
-5.9  0  
-5.89  0  
-5.88  0  
-5.87  0  
-5.86  0  
-5.85  0  
-5.84  0  
-5.83  0  
-5.82  0  
-5.81  0  
-5.8  0  
-5.79  0  
-5.78  0  
-5.77  0  
-5.76  0  
-5.75  0  
-5.74  0  
-5.73  0  
-5.72  0  
-5.71  0  
-5.7  0  
-5.69  0  
-5.68  0  
-5.67  0  
-5.66  0  
-5.65  0  
-5.64  0  
-5.63  0  
-5.62  0  
-5.61  0  
-5.6  0  
-5.59  0  
-5.58  0  
-5.57  0  
-5.56  0  
-5.55  0  
-5.54  0  
-5.53  0  
-5.52  0  
-5.51  0  
-5.5  0  
-5.49  0  
-5.48  0  
-5.47  0  
-5.46  0  
-5.45  0  
-5.44  0  
-5.43  0  
-5.42  0  
-5.41  0  
-5.4  0  
-5.39  0  
-5.38  0  
-5.37  0  
-5.36  0  
-5.35  0  
-5.34  0  
-5.33  0  
-5.32  0  
-5.31  0  
-5.3  0  
-5.29  0  
-5.28  0  
-5.27  0  
-5.26  0  
-5.25  0  
-5.24  0  
-5.23  0  
-5.22  0  
-5.21  0  
-5.2  0  
-5.19  0  
-5.18  0  
-5.17  0  
-5.16  0  
-5.15  0  
-5.14  0  
-5.13  0  
-5.12  0  
-5.11  0  
-5.1  0  
-5.09  0  
-5.08  0  
-5.07  0  
-5.06  0  
-5.05  0  
-5.04  0  
-5.03  0  
-5.02  0  
-5.01  0  
-5  0  
-4.99  0  
-4.98  0  
-4.97  0  
-4.96  0  
-4.95  0  
-4.94  0  
-4.93  0  
-4.92  0  
-4.91  0  
-4.9  0  
-4.89  0  
-4.88  0  
-4.87  0  
-4.86  0  
-4.85  0  
-4.84  0  
-4.83  0  
-4.82  0  
-4.81  0  
-4.8  0  
-4.79  0  
-4.78  0  
-4.77  0  
-4.76  0  
-4.75  0  
-4.74  0  
-4.73  0  
-4.72  0  
-4.71  0  
-4.7  0  
-4.69  0  
-4.68  0  
-4.67  0  
-4.66  0  
-4.65  0  
-4.64  0  
-4.63  0  
-4.62  0  
-4.61  0  
-4.6  0  
-4.59  0  
-4.58  0  
-4.57  0  
-4.56  0  
-4.55  0  
-4.54  0  
-4.53  0  
-4.52  0  
-4.51  0  
-4.5  0  
-4.49  0  
-4.48  0  
-4.47  0  
-4.46  0  
-4.45  0  
-4.44  0  
-4.43  0  
-4.42  0  
-4.41  0  
-4.4  0  
-4.39  0  
-4.38  0  
-4.37  0  
-4.36  0  
-4.35  0  
-4.34  0  
-4.33  0  
-4.32  0  
-4.31  0  
-4.3  0  
-4.29  0  
-4.28  0  
-4.27  0  
-4.26  0  
-4.25  0  
-4.24  0  
-4.23  0  
-4.22  0  
-4.21  0  
-4.2  0  
-4.19  0  
-4.18  0  
-4.17  0  
-4.16  0  
-4.15  0  
-4.14  0  
-4.13  0  
-4.12  0  
-4.11  0  
-4.1  0  
-4.09  0  
-4.08  0  
-4.07  0  
-4.06  0  
-4.05  0  
-4.04  0  
-4.03  0  
-4.02  0  
-4.01  0  
-4  0  
