10 1002 -12 -2 307  0  182811
-12  1  
-11.99  1  
-11.98  0  
-11.97  3  
-11.96  2  
-11.95  2  
-11.94  1  
-11.93  2  
-11.92  1  
-11.91  0  
-11.9  3  
-11.89  1  
-11.88  0  
-11.87  3  
-11.86  3  
-11.85  3  
-11.84  5  
-11.83  0  
-11.82  5  
-11.81  2  
-11.8  2  
-11.79  2  
-11.78  2  
-11.77  1  
-11.76  1  
-11.75  1  
-11.74  1  
-11.73  3  
-11.72  2  
-11.71  6  
-11.7  3  
-11.69  2  
-11.68  1  
-11.67  2  
-11.66  1  
-11.65  1  
-11.64  2  
-11.63  4  
-11.62  3  
-11.61  2  
-11.6  0  
-11.59  0  
-11.58  1  
-11.57  1  
-11.56  3  
-11.55  1  
-11.54  1  
-11.53  2  
-11.52  0  
-11.51  2  
-11.5  3  
-11.49  2  
-11.48  2  
-11.47  3  
-11.46  2  
-11.45  2  
-11.44  0  
-11.43  1  
-11.42  2  
-11.41  3  
-11.4  2  
-11.39  5  
-11.38  4  
-11.37  1  
-11.36  2  
-11.35  2  
-11.34  2  
-11.33  2  
-11.32  1  
-11.31  2  
-11.3  1  
-11.29  1  
-11.28  1  
-11.27  1  
-11.26  2  
-11.25  2  
-11.24  5  
-11.23  1  
-11.22  2  
-11.21  4  
-11.2  1  
-11.19  3  
-11.18  2  
-11.17  2  
-11.16  3  
-11.15  2  
-11.14  6  
-11.13  3  
-11.12  2  
-11.11  0  
-11.1  3  
-11.09  5  
-11.08  3  
-11.07  3  
-11.06  1  
-11.05  2  
-11.04  4  
-11.03  5  
-11.02  4  
-11.01  1  
-11  3  
-10.99  2  
-10.98  2  
-10.97  7  
-10.96  3  
-10.95  3  
-10.94  1  
-10.93  2  
-10.92  3  
-10.91  1  
-10.9  1  
-10.89  2  
-10.88  4  
-10.87  7  
-10.86  2  
-10.85  1  
-10.84  4  
-10.83  7  
-10.82  6  
-10.81  5  
-10.8  2  
-10.79  1  
-10.78  6  
-10.77  3  
-10.76  7  
-10.75  2  
-10.74  5  
-10.73  7  
-10.72  4  
-10.71  3  
-10.7  8  
-10.69  4  
-10.68  5  
-10.67  8  
-10.66  7  
-10.65  2  
-10.64  4  
-10.63  2  
-10.62  3  
-10.61  4  
-10.6  6  
-10.59  3  
-10.58  7  
-10.57  7  
-10.56  5  
-10.55  6  
-10.54  8  
-10.53  7  
-10.52  5  
-10.51  8  
-10.5  6  
-10.49  8  
-10.48  3  
-10.47  6  
-10.46  8  
-10.45  8  
-10.44  10  
-10.43  7  
-10.42  3  
-10.41  8  
-10.4  4  
-10.39  2  
-10.38  4  
-10.37  7  
-10.36  6  
-10.35  10  
-10.34  6  
-10.33  10  
-10.32  6  
-10.31  6  
-10.3  11  
-10.29  12  
-10.28  6  
-10.27  5  
-10.26  6  
-10.25  10  
-10.24  11  
-10.23  12  
-10.22  7  
-10.21  16  
-10.2  11  
-10.19  12  
-10.18  10  
-10.17  4  
-10.16  12  
-10.15  9  
-10.14  9  
-10.13  17  
-10.12  7  
-10.11  12  
-10.1  10  
-10.09  11  
-10.08  7  
-10.07  11  
-10.06  7  
-10.05  10  
-10.04  9  
-10.03  12  
-10.02  16  
-10.01  11  
-10  16  
-9.99  19  
-9.98  10  
-9.97  10  
-9.96  11  
-9.95  18  
-9.94  12  
-9.93  10  
-9.92  19  
-9.91  18  
-9.9  17  
-9.89  16  
-9.88  16  
-9.87  17  
-9.86  29  
-9.85  19  
-9.84  15  
-9.83  22  
-9.82  25  
-9.81  14  
-9.8  16  
-9.79  23  
-9.78  21  
-9.77  24  
-9.76  23  
-9.75  20  
-9.74  21  
-9.73  28  
-9.72  22  
-9.71  29  
-9.7  33  
-9.69  22  
-9.68  36  
-9.67  34  
-9.66  35  
-9.65  28  
-9.64  36  
-9.63  36  
-9.62  42  
-9.61  55  
-9.6  28  
-9.59  32  
-9.58  50  
-9.57  49  
-9.56  38  
-9.55  51  
-9.54  50  
-9.53  58  
-9.52  52  
-9.51  60  
-9.5  51  
-9.49  55  
-9.48  45  
-9.47  73  
-9.46  54  
-9.45  82  
-9.44  73  
-9.43  87  
-9.42  72  
-9.41  72  
-9.4  96  
-9.39  90  
-9.38  92  
-9.37  101  
-9.36  93  
-9.35  92  
-9.34  103  
-9.33  88  
-9.32  93  
-9.31  114  
-9.3  108  
-9.29  92  
-9.28  119  
-9.27  130  
-9.26  118  
-9.25  107  
-9.24  116  
-9.23  125  
-9.22  131  
-9.21  135  
-9.2  157  
-9.19  143  
-9.18  166  
-9.17  137  
-9.16  151  
-9.15  169  
-9.14  146  
-9.13  160  
-9.12  156  
-9.11  175  
-9.1  176  
-9.09  185  
-9.08  160  
-9.07  182  
-9.06  192  
-9.05  194  
-9.04  188  
-9.03  210  
-9.02  191  
-9.01  217  
-9  217  
-8.99  219  
-8.98  208  
-8.97  244  
-8.96  228  
-8.95  204  
-8.94  192  
-8.93  221  
-8.92  248  
-8.91  219  
-8.9  246  
-8.89  233  
-8.88  238  
-8.87  231  
-8.86  218  
-8.85  250  
-8.84  249  
-8.83  249  
-8.82  252  
-8.81  243  
-8.8  233  
-8.79  220  
-8.78  252  
-8.77  281  
-8.76  255  
-8.75  237  
-8.74  254  
-8.73  215  
-8.72  258  
-8.71  277  
-8.7  259  
-8.69  272  
-8.68  227  
-8.67  234  
-8.66  244  
-8.65  246  
-8.64  244  
-8.63  210  
-8.62  220  
-8.61  230  
-8.6  218  
-8.59  225  
-8.58  224  
-8.57  208  
-8.56  218  
-8.55  252  
-8.54  229  
-8.53  246  
-8.52  227  
-8.51  201  
-8.5  190  
-8.49  224  
-8.48  201  
-8.47  199  
-8.46  199  
-8.45  196  
-8.44  202  
-8.43  171  
-8.42  171  
-8.41  166  
-8.4  181  
-8.39  155  
-8.38  167  
-8.37  147  
-8.36  158  
-8.35  166  
-8.34  141  
-8.33  127  
-8.32  181  
-8.31  138  
-8.3  162  
-8.29  129  
-8.28  144  
-8.27  159  
-8.26  132  
-8.25  141  
-8.24  155  
-8.23  143  
-8.22  120  
-8.21  141  
-8.2  155  
-8.19  139  
-8.18  136  
-8.17  146  
-8.16  126  
-8.15  123  
-8.14  105  
-8.13  110  
-8.12  120  
-8.11  124  
-8.1  147  
-8.09  155  
-8.08  95  
-8.07  137  
-8.06  109  
-8.05  122  
-8.04  128  
-8.03  116  
-8.02  110  
-8.01  123  
-8  138  
-7.99  125  
-7.98  133  
-7.97  103  
-7.96  150  
-7.95  116  
-7.94  129  
-7.93  124  
-7.92  126  
-7.91  128  
-7.9  127  
-7.89  127  
-7.88  129  
-7.87  139  
-7.86  146  
-7.85  169  
-7.84  111  
-7.83  141  
-7.82  148  
-7.81  123  
-7.8  165  
-7.79  170  
-7.78  134  
-7.77  139  
-7.76  143  
-7.75  157  
-7.74  162  
-7.73  146  
-7.72  163  
-7.71  160  
-7.7  155  
-7.69  183  
-7.68  204  
-7.67  168  
-7.66  179  
-7.65  214  
-7.64  204  
-7.63  194  
-7.62  194  
-7.61  208  
-7.6  230  
-7.59  238  
-7.58  239  
-7.57  239  
-7.56  270  
-7.55  271  
-7.54  280  
-7.53  294  
-7.52  304  
-7.51  324  
-7.5  326  
-7.49  347  
-7.48  403  
-7.47  393  
-7.46  435  
-7.45  448  
-7.44  454  
-7.43  472  
-7.42  527  
-7.41  590  
-7.4  636  
-7.39  602  
-7.38  680  
-7.37  657  
-7.36  706  
-7.35  737  
-7.34  777  
-7.33  817  
-7.32  874  
-7.31  841  
-7.3  923  
-7.29  954  
-7.28  947  
-7.27  989  
-7.26  951  
-7.25  1091  
-7.24  1025  
-7.23  1011  
-7.22  1093  
-7.21  1050  
-7.2  1004  
-7.19  1021  
-7.18  1037  
-7.17  1005  
-7.16  1006  
-7.15  993  
-7.14  975  
-7.13  985  
-7.12  920  
-7.11  900  
-7.1  855  
-7.09  878  
-7.08  864  
-7.07  745  
-7.06  710  
-7.05  711  
-7.04  660  
-7.03  593  
-7.02  575  
-7.01  503  
-7  469  
-6.99  439  
-6.98  400  
-6.97  373  
-6.96  315  
-6.95  279  
-6.94  251  
-6.93  240  
-6.92  198  
-6.91  172  
-6.9  138  
-6.89  139  
-6.88  113  
-6.87  90  
-6.86  90  
-6.85  91  
-6.84  83  
-6.83  59  
-6.82  68  
-6.81  59  
-6.8  42  
-6.79  50  
-6.78  30  
-6.77  32  
-6.76  16  
-6.75  32  
-6.74  25  
-6.73  22  
-6.72  21  
-6.71  16  
-6.7  9  
-6.69  15  
-6.68  15  
-6.67  11  
-6.66  24  
-6.65  6  
-6.64  17  
-6.63  9  
-6.62  7  
-6.61  12  
-6.6  5  
-6.59  8  
-6.58  7  
-6.57  7  
-6.56  4  
-6.55  6  
-6.54  4  
-6.53  4  
-6.52  9  
-6.51  4  
-6.5  3  
-6.49  5  
-6.48  3  
-6.47  2  
-6.46  4  
-6.45  1  
-6.44  0  
-6.43  1  
-6.42  0  
-6.41  2  
-6.4  0  
-6.39  0  
-6.38  3  
-6.37  1  
-6.36  1  
-6.35  1  
-6.34  2  
-6.33  0  
-6.32  0  
-6.31  1  
-6.3  0  
-6.29  0  
-6.28  1  
-6.27  1  
-6.26  0  
-6.25  0  
-6.24  1  
-6.23  1  
-6.22  0  
-6.21  0  
-6.2  0  
-6.19  0  
-6.18  0  
-6.17  1  
-6.16  0  
-6.15  0  
-6.14  0  
-6.13  0  
-6.12  2  
-6.11  0  
-6.1  0  
-6.09  0  
-6.08  0  
-6.07  2  
-6.06  0  
-6.05  0  
-6.04  0  
-6.03  0  
-6.02  0  
-6.01  0  
-6  0  
-5.99  0  
-5.98  0  
-5.97  0  
-5.96  0  
-5.95  0  
-5.94  1  
-5.93  0  
-5.92  0  
-5.91  0  
-5.9  0  
-5.89  0  
-5.88  0  
-5.87  0  
-5.86  0  
-5.85  0  
-5.84  0  
-5.83  0  
-5.82  0  
-5.81  0  
-5.8  0  
-5.79  0  
-5.78  0  
-5.77  0  
-5.76  0  
-5.75  0  
-5.74  0  
-5.73  0  
-5.72  0  
-5.71  0  
-5.7  0  
-5.69  0  
-5.68  0  
-5.67  0  
-5.66  0  
-5.65  0  
-5.64  0  
-5.63  0  
-5.62  0  
-5.61  0  
-5.6  0  
-5.59  0  
-5.58  0  
-5.57  0  
-5.56  0  
-5.55  0  
-5.54  0  
-5.53  0  
-5.52  0  
-5.51  0  
-5.5  0  
-5.49  0  
-5.48  0  
-5.47  0  
-5.46  0  
-5.45  0  
-5.44  0  
-5.43  0  
-5.42  0  
-5.41  0  
-5.4  0  
-5.39  0  
-5.38  0  
-5.37  0  
-5.36  0  
-5.35  0  
-5.34  0  
-5.33  0  
-5.32  0  
-5.31  0  
-5.3  0  
-5.29  0  
-5.28  0  
-5.27  0  
-5.26  0  
-5.25  0  
-5.24  0  
-5.23  0  
-5.22  0  
-5.21  0  
-5.2  0  
-5.19  0  
-5.18  0  
-5.17  0  
-5.16  0  
-5.15  0  
-5.14  0  
-5.13  0  
-5.12  0  
-5.11  0  
-5.1  0  
-5.09  0  
-5.08  0  
-5.07  0  
-5.06  0  
-5.05  0  
-5.04  0  
-5.03  0  
-5.02  0  
-5.01  0  
-5  0  
-4.99  0  
-4.98  0  
-4.97  0  
-4.96  0  
-4.95  0  
-4.94  0  
-4.93  0  
-4.92  0  
-4.91  0  
-4.9  0  
-4.89  0  
-4.88  0  
-4.87  0  
-4.86  0  
-4.85  0  
-4.84  0  
-4.83  0  
-4.82  0  
-4.81  0  
-4.8  0  
-4.79  0  
-4.78  0  
-4.77  0  
-4.76  0  
-4.75  0  
-4.74  0  
-4.73  0  
-4.72  0  
-4.71  0  
-4.7  0  
-4.69  0  
-4.68  0  
-4.67  0  
-4.66  0  
-4.65  0  
-4.64  0  
-4.63  0  
-4.62  0  
-4.61  0  
-4.6  0  
-4.59  0  
-4.58  0  
-4.57  0  
-4.56  0  
-4.55  0  
-4.54  0  
-4.53  0  
-4.52  0  
-4.51  0  
-4.5  0  
-4.49  0  
-4.48  0  
-4.47  0  
-4.46  0  
-4.45  0  
-4.44  0  
-4.43  0  
-4.42  0  
-4.41  0  
-4.4  0  
-4.39  0  
-4.38  0  
-4.37  0  
-4.36  0  
-4.35  0  
-4.34  0  
-4.33  0  
-4.32  0  
-4.31  0  
-4.3  0  
-4.29  0  
-4.28  0  
-4.27  0  
-4.26  0  
-4.25  0  
-4.24  0  
-4.23  0  
-4.22  0  
-4.21  0  
-4.2  0  
-4.19  0  
-4.18  0  
-4.17  0  
-4.16  0  
-4.15  0  
-4.14  0  
-4.13  0  
-4.12  0  
-4.11  0  
-4.1  0  
-4.09  0  
-4.08  0  
-4.07  0  
-4.06  0  
-4.05  0  
-4.04  0  
-4.03  0  
-4.02  0  
-4.01  0  
-4  0  
-3.99  0  
-3.98  0  
-3.97  0  
-3.96  0  
-3.95  0  
-3.94  0  
-3.93  0  
-3.92  0  
-3.91  0  
-3.9  0  
-3.89  0  
-3.88  0  
-3.87  0  
-3.86  0  
-3.85  0  
-3.84  0  
-3.83  0  
-3.82  0  
-3.81  0  
-3.8  0  
-3.79  0  
-3.78  0  
-3.77  0  
-3.76  0  
-3.75  0  
-3.74  0  
-3.73  0  
-3.72  0  
-3.71  0  
-3.7  0  
-3.69  0  
-3.68  0  
-3.67  0  
-3.66  0  
-3.65  0  
-3.64  0  
-3.63  0  
-3.62  0  
-3.61  0  
-3.6  0  
-3.59  0  
-3.58  0  
-3.57  0  
-3.56  0  
-3.55  0  
-3.54  0  
-3.53  0  
-3.52  0  
-3.51  0  
-3.5  0  
-3.49  0  
-3.48  0  
-3.47  0  
-3.46  0  
-3.45  0  
-3.44  0  
-3.43  0  
-3.42  0  
-3.41  0  
-3.4  0  
-3.39  0  
-3.38  0  
-3.37  0  
-3.36  0  
-3.35  0  
-3.34  0  
-3.33  0  
-3.32  0  
-3.31  0  
-3.3  0  
-3.29  0  
-3.28  0  
-3.27  0  
-3.26  0  
-3.25  0  
-3.24  0  
-3.23  0  
-3.22  0  
-3.21  0  
-3.2  0  
-3.19  0  
-3.18  0  
-3.17  0  
-3.16  0  
-3.15  0  
-3.14  0  
-3.13  0  
-3.12  0  
-3.11  0  
-3.1  0  
-3.09  0  
-3.08  0  
-3.07  0  
-3.06  0  
-3.05  0  
-3.04  0  
-3.03  0  
-3.02  0  
-3.01  0  
-3  0  
-2.99  0  
-2.98  0  
-2.97  0  
-2.96  0  
-2.95  0  
-2.94  0  
-2.93  0  
-2.92  0  
-2.91  0  
-2.9  0  
-2.89  0  
-2.88  0  
-2.87  0  
-2.86  0  
-2.85  0  
-2.84  0  
-2.83  0  
-2.82  0  
-2.81  0  
-2.8  0  
-2.79  0  
-2.78  0  
-2.77  0  
-2.76  0  
-2.75  0  
-2.74  0  
-2.73  0  
-2.72  0  
-2.71  0  
-2.7  0  
-2.69  0  
-2.68  0  
-2.67  0  
-2.66  0  
-2.65  0  
-2.64  0  
-2.63  0  
-2.62  0  
-2.61  0  
-2.6  0  
-2.59  0  
-2.58  0  
-2.57  0  
-2.56  0  
-2.55  0  
-2.54  0  
-2.53  0  
-2.52  0  
-2.51  0  
-2.5  0  
-2.49  0  
-2.48  0  
-2.47  0  
-2.46  0  
-2.45  0  
-2.44  0  
-2.43  0  
-2.42  0  
-2.41  0  
-2.4  0  
-2.39  0  
-2.38  0  
-2.37  0  
-2.36  0  
-2.35  0  
-2.34  0  
-2.33  0  
-2.32  0  
-2.31  0  
-2.3  0  
-2.29  0  
-2.28  0  
-2.27  0  
-2.26  0  
-2.25  0  
-2.24  0  
-2.23  0  
-2.22  0  
-2.21  0  
-2.2  0  
-2.19  0  
-2.18  0  
-2.17  0  
-2.16  0  
-2.15  0  
-2.14  0  
-2.13  0  
-2.12  0  
-2.11  0  
-2.1  0  
-2.09  0  
-2.08  0  
-2.07  0  
-2.06  0  
-2.05  0  
-2.04  0  
-2.03  0  
-2.02  0  
-2.01  0  
-2  0  
