10 1002 -12 -2 286  0  182811
-12  1  
-11.99  1  
-11.98  1  
-11.97  2  
-11.96  3  
-11.95  0  
-11.94  3  
-11.93  0  
-11.92  0  
-11.91  1  
-11.9  1  
-11.89  0  
-11.88  0  
-11.87  1  
-11.86  5  
-11.85  2  
-11.84  2  
-11.83  1  
-11.82  1  
-11.81  4  
-11.8  4  
-11.79  0  
-11.78  2  
-11.77  3  
-11.76  2  
-11.75  1  
-11.74  1  
-11.73  1  
-11.72  0  
-11.71  5  
-11.7  1  
-11.69  2  
-11.68  0  
-11.67  1  
-11.66  2  
-11.65  1  
-11.64  1  
-11.63  2  
-11.62  2  
-11.61  2  
-11.6  3  
-11.59  2  
-11.58  1  
-11.57  2  
-11.56  3  
-11.55  3  
-11.54  1  
-11.53  0  
-11.52  2  
-11.51  2  
-11.5  4  
-11.49  2  
-11.48  4  
-11.47  3  
-11.46  0  
-11.45  0  
-11.44  1  
-11.43  4  
-11.42  4  
-11.41  0  
-11.4  1  
-11.39  4  
-11.38  3  
-11.37  1  
-11.36  3  
-11.35  3  
-11.34  1  
-11.33  0  
-11.32  3  
-11.31  1  
-11.3  1  
-11.29  3  
-11.28  3  
-11.27  1  
-11.26  0  
-11.25  1  
-11.24  1  
-11.23  1  
-11.22  1  
-11.21  0  
-11.2  2  
-11.19  5  
-11.18  1  
-11.17  0  
-11.16  3  
-11.15  1  
-11.14  0  
-11.13  3  
-11.12  4  
-11.11  3  
-11.1  2  
-11.09  4  
-11.08  2  
-11.07  2  
-11.06  2  
-11.05  1  
-11.04  1  
-11.03  5  
-11.02  7  
-11.01  3  
-11  3  
-10.99  2  
-10.98  5  
-10.97  3  
-10.96  4  
-10.95  2  
-10.94  2  
-10.93  1  
-10.92  4  
-10.91  2  
-10.9  2  
-10.89  2  
-10.88  3  
-10.87  6  
-10.86  5  
-10.85  4  
-10.84  2  
-10.83  4  
-10.82  8  
-10.81  7  
-10.8  3  
-10.79  1  
-10.78  3  
-10.77  5  
-10.76  4  
-10.75  3  
-10.74  4  
-10.73  5  
-10.72  1  
-10.71  0  
-10.7  4  
-10.69  5  
-10.68  7  
-10.67  6  
-10.66  2  
-10.65  6  
-10.64  4  
-10.63  5  
-10.62  3  
-10.61  5  
-10.6  4  
-10.59  6  
-10.58  3  
-10.57  8  
-10.56  5  
-10.55  3  
-10.54  3  
-10.53  8  
-10.52  6  
-10.51  2  
-10.5  7  
-10.49  12  
-10.48  4  
-10.47  8  
-10.46  3  
-10.45  4  
-10.44  6  
-10.43  8  
-10.42  7  
-10.41  7  
-10.4  6  
-10.39  9  
-10.38  1  
-10.37  8  
-10.36  3  
-10.35  7  
-10.34  4  
-10.33  7  
-10.32  13  
-10.31  7  
-10.3  10  
-10.29  10  
-10.28  7  
-10.27  6  
-10.26  5  
-10.25  7  
-10.24  8  
-10.23  8  
-10.22  10  
-10.21  7  
-10.2  14  
-10.19  10  
-10.18  6  
-10.17  6  
-10.16  6  
-10.15  13  
-10.14  11  
-10.13  6  
-10.12  6  
-10.11  5  
-10.1  12  
-10.09  8  
-10.08  9  
-10.07  12  
-10.06  13  
-10.05  7  
-10.04  14  
-10.03  12  
-10.02  8  
-10.01  18  
-10  12  
-9.99  14  
-9.98  16  
-9.97  10  
-9.96  5  
-9.95  11  
-9.94  14  
-9.93  12  
-9.92  11  
-9.91  29  
-9.9  14  
-9.89  18  
-9.88  12  
-9.87  9  
-9.86  23  
-9.85  21  
-9.84  25  
-9.83  19  
-9.82  15  
-9.81  20  
-9.8  17  
-9.79  17  
-9.78  15  
-9.77  21  
-9.76  25  
-9.75  20  
-9.74  18  
-9.73  20  
-9.72  27  
-9.71  28  
-9.7  22  
-9.69  16  
-9.68  26  
-9.67  31  
-9.66  29  
-9.65  26  
-9.64  30  
-9.63  30  
-9.62  39  
-9.61  29  
-9.6  28  
-9.59  28  
-9.58  35  
-9.57  36  
-9.56  40  
-9.55  39  
-9.54  47  
-9.53  48  
-9.52  48  
-9.51  61  
-9.5  55  
-9.49  53  
-9.48  50  
-9.47  53  
-9.46  63  
-9.45  51  
-9.44  45  
-9.43  75  
-9.42  56  
-9.41  61  
-9.4  76  
-9.39  76  
-9.38  72  
-9.37  92  
-9.36  80  
-9.35  68  
-9.34  80  
-9.33  99  
-9.32  80  
-9.31  95  
-9.3  103  
-9.29  94  
-9.28  92  
-9.27  117  
-9.26  106  
-9.25  103  
-9.24  110  
-9.23  116  
-9.22  103  
-9.21  107  
-9.2  98  
-9.19  104  
-9.18  125  
-9.17  122  
-9.16  134  
-9.15  166  
-9.14  147  
-9.13  153  
-9.12  148  
-9.11  133  
-9.1  169  
-9.09  148  
-9.08  177  
-9.07  153  
-9.06  161  
-9.05  153  
-9.04  176  
-9.03  163  
-9.02  163  
-9.01  179  
-9  178  
-8.99  186  
-8.98  191  
-8.97  212  
-8.96  203  
-8.95  241  
-8.94  195  
-8.93  209  
-8.92  225  
-8.91  249  
-8.9  207  
-8.89  208  
-8.88  216  
-8.87  228  
-8.86  237  
-8.85  239  
-8.84  234  
-8.83  231  
-8.82  217  
-8.81  267  
-8.8  214  
-8.79  217  
-8.78  250  
-8.77  250  
-8.76  257  
-8.75  234  
-8.74  271  
-8.73  238  
-8.72  215  
-8.71  252  
-8.7  266  
-8.69  252  
-8.68  249  
-8.67  213  
-8.66  280  
-8.65  260  
-8.64  238  
-8.63  206  
-8.62  245  
-8.61  239  
-8.6  230  
-8.59  243  
-8.58  250  
-8.57  213  
-8.56  226  
-8.55  249  
-8.54  250  
-8.53  243  
-8.52  215  
-8.51  252  
-8.5  208  
-8.49  230  
-8.48  227  
-8.47  184  
-8.46  206  
-8.45  209  
-8.44  219  
-8.43  179  
-8.42  213  
-8.41  183  
-8.4  197  
-8.39  190  
-8.38  167  
-8.37  201  
-8.36  180  
-8.35  170  
-8.34  177  
-8.33  151  
-8.32  185  
-8.31  176  
-8.3  164  
-8.29  163  
-8.28  137  
-8.27  136  
-8.26  144  
-8.25  150  
-8.24  165  
-8.23  141  
-8.22  153  
-8.21  129  
-8.2  118  
-8.19  133  
-8.18  139  
-8.17  132  
-8.16  144  
-8.15  152  
-8.14  127  
-8.13  137  
-8.12  136  
-8.11  133  
-8.1  139  
-8.09  119  
-8.08  116  
-8.07  124  
-8.06  98  
-8.05  145  
-8.04  129  
-8.03  144  
-8.02  120  
-8.01  119  
-8  126  
-7.99  136  
-7.98  121  
-7.97  113  
-7.96  110  
-7.95  116  
-7.94  138  
-7.93  122  
-7.92  129  
-7.91  112  
-7.9  159  
-7.89  137  
-7.88  124  
-7.87  119  
-7.86  137  
-7.85  153  
-7.84  117  
-7.83  128  
-7.82  118  
-7.81  141  
-7.8  143  
-7.79  139  
-7.78  166  
-7.77  125  
-7.76  145  
-7.75  134  
-7.74  137  
-7.73  147  
-7.72  130  
-7.71  145  
-7.7  152  
-7.69  146  
-7.68  160  
-7.67  171  
-7.66  146  
-7.65  183  
-7.64  179  
-7.63  148  
-7.62  186  
-7.61  172  
-7.6  192  
-7.59  166  
-7.58  206  
-7.57  186  
-7.56  189  
-7.55  218  
-7.54  195  
-7.53  224  
-7.52  213  
-7.51  212  
-7.5  219  
-7.49  233  
-7.48  286  
-7.47  246  
-7.46  273  
-7.45  256  
-7.44  286  
-7.43  306  
-7.42  322  
-7.41  314  
-7.4  346  
-7.39  428  
-7.38  393  
-7.37  406  
-7.36  446  
-7.35  469  
-7.34  490  
-7.33  566  
-7.32  595  
-7.31  585  
-7.3  631  
-7.29  662  
-7.28  730  
-7.27  768  
-7.26  749  
-7.25  858  
-7.24  892  
-7.23  842  
-7.22  908  
-7.21  1002  
-7.2  976  
-7.19  1037  
-7.18  1010  
-7.17  1091  
-7.16  1072  
-7.15  1141  
-7.14  1070  
-7.13  1135  
-7.12  1176  
-7.11  1200  
-7.1  1156  
-7.09  1137  
-7.08  1130  
-7.07  1147  
-7.06  1030  
-7.05  1064  
-7.04  995  
-7.03  952  
-7.02  948  
-7.01  932  
-7  828  
-6.99  767  
-6.98  712  
-6.97  681  
-6.96  608  
-6.95  507  
-6.94  482  
-6.93  449  
-6.92  376  
-6.91  308  
-6.9  305  
-6.89  224  
-6.88  224  
-6.87  180  
-6.86  189  
-6.85  126  
-6.84  138  
-6.83  133  
-6.82  112  
-6.81  105  
-6.8  80  
-6.79  68  
-6.78  63  
-6.77  51  
-6.76  62  
-6.75  33  
-6.74  34  
-6.73  38  
-6.72  39  
-6.71  32  
-6.7  23  
-6.69  22  
-6.68  19  
-6.67  23  
-6.66  19  
-6.65  14  
-6.64  16  
-6.63  12  
-6.62  13  
-6.61  14  
-6.6  16  
-6.59  8  
-6.58  13  
-6.57  8  
-6.56  11  
-6.55  9  
-6.54  1  
-6.53  5  
-6.52  11  
-6.51  4  
-6.5  6  
-6.49  9  
-6.48  5  
-6.47  5  
-6.46  4  
-6.45  1  
-6.44  2  
-6.43  0  
-6.42  2  
-6.41  3  
-6.4  1  
-6.39  1  
-6.38  2  
-6.37  1  
-6.36  2  
-6.35  1  
-6.34  2  
-6.33  0  
-6.32  1  
-6.31  0  
-6.3  1  
-6.29  0  
-6.28  0  
-6.27  1  
-6.26  0  
-6.25  1  
-6.24  0  
-6.23  2  
-6.22  0  
-6.21  0  
-6.2  0  
-6.19  0  
-6.18  0  
-6.17  0  
-6.16  1  
-6.15  0  
-6.14  0  
-6.13  0  
-6.12  1  
-6.11  0  
-6.1  0  
-6.09  1  
-6.08  0  
-6.07  1  
-6.06  1  
-6.05  0  
-6.04  0  
-6.03  0  
-6.02  0  
-6.01  0  
-6  0  
-5.99  0  
-5.98  0  
-5.97  0  
-5.96  0  
-5.95  0  
-5.94  1  
-5.93  0  
-5.92  0  
-5.91  0  
-5.9  0  
-5.89  0  
-5.88  0  
-5.87  0  
-5.86  0  
-5.85  0  
-5.84  0  
-5.83  0  
-5.82  0  
-5.81  0  
-5.8  0  
-5.79  0  
-5.78  0  
-5.77  0  
-5.76  0  
-5.75  0  
-5.74  0  
-5.73  0  
-5.72  0  
-5.71  0  
-5.7  0  
-5.69  0  
-5.68  0  
-5.67  0  
-5.66  0  
-5.65  0  
-5.64  0  
-5.63  0  
-5.62  0  
-5.61  0  
-5.6  0  
-5.59  0  
-5.58  0  
-5.57  0  
-5.56  0  
-5.55  0  
-5.54  0  
-5.53  0  
-5.52  0  
-5.51  0  
-5.5  0  
-5.49  0  
-5.48  0  
-5.47  0  
-5.46  0  
-5.45  0  
-5.44  0  
-5.43  0  
-5.42  0  
-5.41  0  
-5.4  0  
-5.39  0  
-5.38  0  
-5.37  0  
-5.36  0  
-5.35  0  
-5.34  0  
-5.33  0  
-5.32  0  
-5.31  0  
-5.3  0  
-5.29  0  
-5.28  0  
-5.27  0  
-5.26  0  
-5.25  0  
-5.24  0  
-5.23  0  
-5.22  0  
-5.21  0  
-5.2  0  
-5.19  0  
-5.18  0  
-5.17  0  
-5.16  0  
-5.15  0  
-5.14  0  
-5.13  0  
-5.12  0  
-5.11  0  
-5.1  0  
-5.09  0  
-5.08  0  
-5.07  0  
-5.06  0  
-5.05  0  
-5.04  0  
-5.03  0  
-5.02  0  
-5.01  0  
-5  0  
-4.99  0  
-4.98  0  
-4.97  0  
-4.96  0  
-4.95  0  
-4.94  0  
-4.93  0  
-4.92  0  
-4.91  0  
-4.9  0  
-4.89  0  
-4.88  0  
-4.87  0  
-4.86  0  
-4.85  0  
-4.84  0  
-4.83  0  
-4.82  0  
-4.81  0  
-4.8  0  
-4.79  0  
-4.78  0  
-4.77  0  
-4.76  0  
-4.75  0  
-4.74  0  
-4.73  0  
-4.72  0  
-4.71  0  
-4.7  0  
-4.69  0  
-4.68  0  
-4.67  0  
-4.66  0  
-4.65  0  
-4.64  0  
-4.63  0  
-4.62  0  
-4.61  0  
-4.6  0  
-4.59  0  
-4.58  0  
-4.57  0  
-4.56  0  
-4.55  0  
-4.54  0  
-4.53  0  
-4.52  0  
-4.51  0  
-4.5  0  
-4.49  0  
-4.48  0  
-4.47  0  
-4.46  0  
-4.45  0  
-4.44  0  
-4.43  0  
-4.42  0  
-4.41  0  
-4.4  0  
-4.39  0  
-4.38  0  
-4.37  0  
-4.36  0  
-4.35  0  
-4.34  0  
-4.33  0  
-4.32  0  
-4.31  0  
-4.3  0  
-4.29  0  
-4.28  0  
-4.27  0  
-4.26  0  
-4.25  0  
-4.24  0  
-4.23  0  
-4.22  0  
-4.21  0  
-4.2  0  
-4.19  0  
-4.18  0  
-4.17  0  
-4.16  0  
-4.15  0  
-4.14  0  
-4.13  0  
-4.12  0  
-4.11  0  
-4.1  0  
-4.09  0  
-4.08  0  
-4.07  0  
-4.06  0  
-4.05  0  
-4.04  0  
-4.03  0  
-4.02  0  
-4.01  0  
-4  0  
-3.99  0  
-3.98  0  
-3.97  0  
-3.96  0  
-3.95  0  
-3.94  0  
-3.93  0  
-3.92  0  
-3.91  0  
-3.9  0  
-3.89  0  
-3.88  0  
-3.87  0  
-3.86  0  
-3.85  0  
-3.84  0  
-3.83  0  
-3.82  0  
-3.81  0  
-3.8  0  
-3.79  0  
-3.78  0  
-3.77  0  
-3.76  0  
-3.75  0  
-3.74  0  
-3.73  0  
-3.72  0  
-3.71  0  
-3.7  0  
-3.69  0  
-3.68  0  
-3.67  0  
-3.66  0  
-3.65  0  
-3.64  0  
-3.63  0  
-3.62  0  
-3.61  0  
-3.6  0  
-3.59  0  
-3.58  0  
-3.57  0  
-3.56  0  
-3.55  0  
-3.54  0  
-3.53  0  
-3.52  0  
-3.51  0  
-3.5  0  
-3.49  0  
-3.48  0  
-3.47  0  
-3.46  0  
-3.45  0  
-3.44  0  
-3.43  0  
-3.42  0  
-3.41  0  
-3.4  0  
-3.39  0  
-3.38  0  
-3.37  0  
-3.36  0  
-3.35  0  
-3.34  0  
-3.33  0  
-3.32  0  
-3.31  0  
-3.3  0  
-3.29  0  
-3.28  0  
-3.27  0  
-3.26  0  
-3.25  0  
-3.24  0  
-3.23  0  
-3.22  0  
-3.21  0  
-3.2  0  
-3.19  0  
-3.18  0  
-3.17  0  
-3.16  0  
-3.15  0  
-3.14  0  
-3.13  0  
-3.12  0  
-3.11  0  
-3.1  0  
-3.09  0  
-3.08  0  
-3.07  0  
-3.06  0  
-3.05  0  
-3.04  0  
-3.03  0  
-3.02  0  
-3.01  0  
-3  0  
-2.99  0  
-2.98  0  
-2.97  0  
-2.96  0  
-2.95  0  
-2.94  0  
-2.93  0  
-2.92  0  
-2.91  0  
-2.9  0  
-2.89  0  
-2.88  0  
-2.87  0  
-2.86  0  
-2.85  0  
-2.84  0  
-2.83  0  
-2.82  0  
-2.81  0  
-2.8  0  
-2.79  0  
-2.78  0  
-2.77  0  
-2.76  0  
-2.75  0  
-2.74  0  
-2.73  0  
-2.72  0  
-2.71  0  
-2.7  0  
-2.69  0  
-2.68  0  
-2.67  0  
-2.66  0  
-2.65  0  
-2.64  0  
-2.63  0  
-2.62  0  
-2.61  0  
-2.6  0  
-2.59  0  
-2.58  0  
-2.57  0  
-2.56  0  
-2.55  0  
-2.54  0  
-2.53  0  
-2.52  0  
-2.51  0  
-2.5  0  
-2.49  0  
-2.48  0  
-2.47  0  
-2.46  0  
-2.45  0  
-2.44  0  
-2.43  0  
-2.42  0  
-2.41  0  
-2.4  0  
-2.39  0  
-2.38  0  
-2.37  0  
-2.36  0  
-2.35  0  
-2.34  0  
-2.33  0  
-2.32  0  
-2.31  0  
-2.3  0  
-2.29  0  
-2.28  0  
-2.27  0  
-2.26  0  
-2.25  0  
-2.24  0  
-2.23  0  
-2.22  0  
-2.21  0  
-2.2  0  
-2.19  0  
-2.18  0  
-2.17  0  
-2.16  0  
-2.15  0  
-2.14  0  
-2.13  0  
-2.12  0  
-2.11  0  
-2.1  0  
-2.09  0  
-2.08  0  
-2.07  0  
-2.06  0  
-2.05  0  
-2.04  0  
-2.03  0  
-2.02  0  
-2.01  0  
-2  0  
