 v_4_2_6  1  1  5000  1.4550711477e-10  1.8092279056e-21  2.77532447816e-11 
 v_32_2_34  1  1  5000  1.4550711477e-10  1.8092279056e-21  2.77532447816e-11 
 v_8_4_12  1  1  5000  1.4550711477e-10  1.8092279056e-21  2.77532447816e-11 
 v_16_8_24  1  1  5000  1.4550711477e-10  1.8092279056e-21  2.77532447816e-11 
 v_32_4_36  1  1  5000  1.4550711477e-10  1.8092279056e-21  2.77532447816e-11 
 v_32_6_38  0.91261402302  0.926208680412  5000  1.28616255557e-10  1.11049117257e-21  2.08036027132e-11 
 v_4_34_38  1.08707303122  1.07393196076  5000  1.59687243001e-10  2.56735903836e-21  3.35875729496e-11 
 v_24_2_26  1  1  5000  1.4550711477e-10  1.8092279056e-21  2.77532447816e-11 
 v_24_4_28  1.28607613125  1.31201750505  5000  1.27399987116e-10  9.96631557958e-22  2.27743928289e-11 
 v_16_12_28  0.70751016581  0.694115226824  5000  1.78421333967e-10  4.71814454345e-21  5.07636320451e-11 
 v_32_24_56  1  1  5000  1.4550711477e-10  1.8092279056e-21  2.77532447816e-11 
 v_24_4_28  1.28607613125  1.31201750505  5000  1.27399987116e-10  9.96631557958e-22  2.27743928289e-11 
 v_16_12_28  0.70751016581  0.694115226824  5000  1.78421333967e-10  4.71814454345e-21  5.07636320451e-11 
 v_28_2_30  1.01860547046  0.989860569432  5000  1.47729563694e-10  2.2426747619e-21  3.87098116365e-11 
 v_24_6_30  0.534797620147  0.544874242641  5000  1.22832486685e-10  1.13082117277e-21  2.97661581936e-11 
 v_4_26_30  1.4137531229  1.47818333608  5000  1.50881985214e-10  2.6378206699e-21  3.86119331458e-11 
 v_28_2_30  1.01860547046  0.989860569432  5000  1.47729563694e-10  2.2426747619e-21  3.87098116365e-11 
 v_24_34_58  0.799107336117  0.787729997415  5000  1.47539832245e-10  2.10443037109e-21  3.88136027755e-11 
 v_32_26_58  1.20121191611  1.2127302783  5000  1.44154847594e-10  1.8447654353e-21  2.79015445601e-11 
 v_32_28_60  1.25639729291  1.48172299915  5000  2.71884137056e-10  1.26948446991e-20  8.39108160071e-11 
 v_24_36_60  2.08285994284  1.86101655245  5000  6.86893956987e-11  8.50716269393e-23  5.30493348728e-12 
 v_56_4_60  0.375567017061  0.388752763046  5000  9.85694162775e-11  3.10326083257e-22  1.04353313973e-11 
 v_32_28_60  0.274933039035  0.256031661231  5000  2.14065818175e-10  1.72795944856e-20  1.30186663393e-10 
 v_28_34_62  1.39565519583  1.66489115592  5000  2.39881461858e-10  1.18017909014e-20  9.61436047816e-11 
 v_24_38_62  1.2618268043  1.17491441315  5000  7.97322449233e-11  1.30037810728e-22  5.91884944582e-12 
 v_32_30_62  0.0400035071182  0.0376091928207  5000  9.77072232858e-11  1.1301834907e-21  2.91450841892e-11 
 v_4_58_62  0.532468576817  0.517842041004  5000  1.45547409578e-10  2.61097133561e-21  4.50523749421e-11 
 v_60_2_62  2.23030889441  2.03224496696  5000  1.53580210227e-10  2.79874490758e-21  4.20270699088e-11 
 v_56_6_62  0.737225604509  0.688338248222  5000  1.1582754758e-10  7.25056165266e-22  1.60326075026e-11 
 v_36_26_62  1.64975484115  1.793547062  5000  1.22653050186e-10  2.13783964424e-21  4.47011419465e-11 
 v_28_34_62  0.0843446321541  0.0793438170316  5000  8.32838009725e-11  5.89510935429e-22  1.97784478462e-11 
