10 1002 -12 -2 508  0  128089
-12  1  
-11.99  7  
-11.98  5  
-11.97  1  
-11.96  6  
-11.95  2  
-11.94  7  
-11.93  3  
-11.92  3  
-11.91  1  
-11.9  2  
-11.89  5  
-11.88  2  
-11.87  8  
-11.86  7  
-11.85  5  
-11.84  6  
-11.83  3  
-11.82  0  
-11.81  2  
-11.8  3  
-11.79  6  
-11.78  9  
-11.77  1  
-11.76  4  
-11.75  7  
-11.74  4  
-11.73  3  
-11.72  5  
-11.71  4  
-11.7  3  
-11.69  11  
-11.68  4  
-11.67  4  
-11.66  11  
-11.65  8  
-11.64  9  
-11.63  11  
-11.62  7  
-11.61  6  
-11.6  7  
-11.59  4  
-11.58  8  
-11.57  8  
-11.56  5  
-11.55  3  
-11.54  3  
-11.53  3  
-11.52  1  
-11.51  6  
-11.5  13  
-11.49  6  
-11.48  7  
-11.47  5  
-11.46  6  
-11.45  8  
-11.44  6  
-11.43  7  
-11.42  6  
-11.41  8  
-11.4  9  
-11.39  5  
-11.38  11  
-11.37  5  
-11.36  9  
-11.35  6  
-11.34  6  
-11.33  9  
-11.32  3  
-11.31  6  
-11.3  10  
-11.29  13  
-11.28  6  
-11.27  8  
-11.26  8  
-11.25  10  
-11.24  8  
-11.23  5  
-11.22  12  
-11.21  11  
-11.2  21  
-11.19  9  
-11.18  5  
-11.17  11  
-11.16  7  
-11.15  13  
-11.14  10  
-11.13  10  
-11.12  12  
-11.11  8  
-11.1  5  
-11.09  10  
-11.08  15  
-11.07  11  
-11.06  7  
-11.05  13  
-11.04  12  
-11.03  15  
-11.02  14  
-11.01  12  
-11  13  
-10.99  12  
-10.98  15  
-10.97  16  
-10.96  17  
-10.95  13  
-10.94  17  
-10.93  24  
-10.92  13  
-10.91  12  
-10.9  14  
-10.89  11  
-10.88  13  
-10.87  24  
-10.86  14  
-10.85  18  
-10.84  19  
-10.83  29  
-10.82  17  
-10.81  12  
-10.8  19  
-10.79  25  
-10.78  15  
-10.77  21  
-10.76  24  
-10.75  15  
-10.74  24  
-10.73  21  
-10.72  21  
-10.71  9  
-10.7  27  
-10.69  19  
-10.68  19  
-10.67  29  
-10.66  18  
-10.65  30  
-10.64  19  
-10.63  23  
-10.62  18  
-10.61  19  
-10.6  23  
-10.59  28  
-10.58  28  
-10.57  22  
-10.56  31  
-10.55  22  
-10.54  27  
-10.53  29  
-10.52  22  
-10.51  24  
-10.5  20  
-10.49  28  
-10.48  29  
-10.47  32  
-10.46  33  
-10.45  24  
-10.44  34  
-10.43  28  
-10.42  32  
-10.41  29  
-10.4  31  
-10.39  28  
-10.38  33  
-10.37  29  
-10.36  29  
-10.35  27  
-10.34  34  
-10.33  41  
-10.32  34  
-10.31  33  
-10.3  34  
-10.29  34  
-10.28  55  
-10.27  39  
-10.26  37  
-10.25  38  
-10.24  30  
-10.23  31  
-10.22  41  
-10.21  38  
-10.2  42  
-10.19  47  
-10.18  49  
-10.17  40  
-10.16  42  
-10.15  45  
-10.14  40  
-10.13  57  
-10.12  47  
-10.11  54  
-10.1  37  
-10.09  48  
-10.08  44  
-10.07  48  
-10.06  62  
-10.05  58  
-10.04  61  
-10.03  60  
-10.02  68  
-10.01  62  
-10  64  
-9.99  64  
-9.98  49  
-9.97  49  
-9.96  64  
-9.95  58  
-9.94  60  
-9.93  55  
-9.92  68  
-9.91  57  
-9.9  42  
-9.89  68  
-9.88  65  
-9.87  65  
-9.86  68  
-9.85  78  
-9.84  71  
-9.83  80  
-9.82  57  
-9.81  64  
-9.8  75  
-9.79  80  
-9.78  81  
-9.77  73  
-9.76  83  
-9.75  71  
-9.74  81  
-9.73  96  
-9.72  91  
-9.71  90  
-9.7  97  
-9.69  97  
-9.68  91  
-9.67  87  
-9.66  93  
-9.65  96  
-9.64  81  
-9.63  93  
-9.62  92  
-9.61  104  
-9.6  91  
-9.59  85  
-9.58  97  
-9.57  111  
-9.56  97  
-9.55  97  
-9.54  106  
-9.53  116  
-9.52  89  
-9.51  101  
-9.5  103  
-9.49  119  
-9.48  106  
-9.47  112  
-9.46  132  
-9.45  117  
-9.44  111  
-9.43  118  
-9.42  126  
-9.41  128  
-9.4  117  
-9.39  134  
-9.38  132  
-9.37  140  
-9.36  147  
-9.35  142  
-9.34  171  
-9.33  164  
-9.32  155  
-9.31  142  
-9.3  151  
-9.29  149  
-9.28  150  
-9.27  167  
-9.26  141  
-9.25  182  
-9.24  152  
-9.23  158  
-9.22  164  
-9.21  180  
-9.2  150  
-9.19  174  
-9.18  168  
-9.17  169  
-9.16  192  
-9.15  178  
-9.14  177  
-9.13  200  
-9.12  189  
-9.11  217  
-9.1  202  
-9.09  201  
-9.08  196  
-9.07  217  
-9.06  230  
-9.05  210  
-9.04  250  
-9.03  220  
-9.02  214  
-9.01  254  
-9  222  
-8.99  252  
-8.98  257  
-8.97  273  
-8.96  214  
-8.95  237  
-8.94  256  
-8.93  237  
-8.92  255  
-8.91  268  
-8.9  255  
-8.89  252  
-8.88  259  
-8.87  319  
-8.86  265  
-8.85  272  
-8.84  304  
-8.83  267  
-8.82  302  
-8.81  306  
-8.8  295  
-8.79  319  
-8.78  340  
-8.77  314  
-8.76  328  
-8.75  311  
-8.74  330  
-8.73  312  
-8.72  333  
-8.71  313  
-8.7  342  
-8.69  337  
-8.68  347  
-8.67  385  
-8.66  362  
-8.65  374  
-8.64  362  
-8.63  374  
-8.62  346  
-8.61  360  
-8.6  321  
-8.59  325  
-8.58  333  
-8.57  363  
-8.56  360  
-8.55  373  
-8.54  351  
-8.53  322  
-8.52  361  
-8.51  328  
-8.5  374  
-8.49  354  
-8.48  352  
-8.47  380  
-8.46  348  
-8.45  344  
-8.44  350  
-8.43  327  
-8.42  332  
-8.41  360  
-8.4  371  
-8.39  314  
-8.38  345  
-8.37  327  
-8.36  364  
-8.35  337  
-8.34  352  
-8.33  352  
-8.32  334  
-8.31  337  
-8.3  359  
-8.29  338  
-8.28  323  
-8.27  325  
-8.26  355  
-8.25  328  
-8.24  334  
-8.23  306  
-8.22  316  
-8.21  329  
-8.2  333  
-8.19  328  
-8.18  297  
-8.17  309  
-8.16  307  
-8.15  291  
-8.14  310  
-8.13  308  
-8.12  320  
-8.11  330  
-8.1  304  
-8.09  301  
-8.08  284  
-8.07  300  
-8.06  307  
-8.05  312  
-8.04  310  
-8.03  269  
-8.02  304  
-8.01  315  
-8  306  
-7.99  309  
-7.98  294  
-7.97  317  
-7.96  272  
-7.95  312  
-7.94  276  
-7.93  247  
-7.92  308  
-7.91  278  
-7.9  250  
-7.89  285  
-7.88  282  
-7.87  281  
-7.86  254  
-7.85  280  
-7.84  280  
-7.83  264  
-7.82  287  
-7.81  260  
-7.8  256  
-7.79  263  
-7.78  239  
-7.77  251  
-7.76  262  
-7.75  240  
-7.74  224  
-7.73  274  
-7.72  245  
-7.71  222  
-7.7  229  
-7.69  237  
-7.68  213  
-7.67  212  
-7.66  247  
-7.65  269  
-7.64  199  
-7.63  250  
-7.62  252  
-7.61  220  
-7.6  222  
-7.59  247  
-7.58  218  
-7.57  206  
-7.56  240  
-7.55  205  
-7.54  238  
-7.53  187  
-7.52  226  
-7.51  225  
-7.5  197  
-7.49  214  
-7.48  217  
-7.47  243  
-7.46  183  
-7.45  196  
-7.44  199  
-7.43  177  
-7.42  191  
-7.41  188  
-7.4  206  
-7.39  192  
-7.38  212  
-7.37  174  
-7.36  200  
-7.35  203  
-7.34  220  
-7.33  213  
-7.32  219  
-7.31  194  
-7.3  191  
-7.29  220  
-7.28  177  
-7.27  211  
-7.26  217  
-7.25  204  
-7.24  210  
-7.23  240  
-7.22  189  
-7.21  190  
-7.2  224  
-7.19  251  
-7.18  258  
-7.17  225  
-7.16  244  
-7.15  257  
-7.14  280  
-7.13  279  
-7.12  291  
-7.11  284  
-7.1  327  
-7.09  311  
-7.08  290  
-7.07  314  
-7.06  320  
-7.05  293  
-7.04  362  
-7.03  322  
-7.02  342  
-7.01  346  
-7  328  
-6.99  355  
-6.98  346  
-6.97  331  
-6.96  301  
-6.95  306  
-6.94  317  
-6.93  289  
-6.92  288  
-6.91  281  
-6.9  276  
-6.89  256  
-6.88  251  
-6.87  241  
-6.86  223  
-6.85  210  
-6.84  185  
-6.83  169  
-6.82  152  
-6.81  133  
-6.8  128  
-6.79  126  
-6.78  98  
-6.77  89  
-6.76  100  
-6.75  74  
-6.74  76  
-6.73  70  
-6.72  69  
-6.71  66  
-6.7  76  
-6.69  55  
-6.68  56  
-6.67  55  
-6.66  52  
-6.65  57  
-6.64  48  
-6.63  38  
-6.62  34  
-6.61  22  
-6.6  38  
-6.59  29  
-6.58  31  
-6.57  27  
-6.56  26  
-6.55  35  
-6.54  17  
-6.53  29  
-6.52  21  
-6.51  19  
-6.5  20  
-6.49  17  
-6.48  22  
-6.47  10  
-6.46  9  
-6.45  13  
-6.44  14  
-6.43  12  
-6.42  15  
-6.41  5  
-6.4  7  
-6.39  7  
-6.38  6  
-6.37  11  
-6.36  6  
-6.35  6  
-6.34  5  
-6.33  4  
-6.32  6  
-6.31  1  
-6.3  2  
-6.29  5  
-6.28  1  
-6.27  3  
-6.26  1  
-6.25  1  
-6.24  0  
-6.23  2  
-6.22  1  
-6.21  1  
-6.2  3  
-6.19  1  
-6.18  0  
-6.17  1  
-6.16  3  
-6.15  0  
-6.14  2  
-6.13  1  
-6.12  0  
-6.11  0  
-6.1  1  
-6.09  0  
-6.08  3  
-6.07  0  
-6.06  0  
-6.05  0  
-6.04  1  
-6.03  0  
-6.02  0  
-6.01  0  
-6  0  
-5.99  1  
-5.98  0  
-5.97  0  
-5.96  0  
-5.95  0  
-5.94  0  
-5.93  0  
-5.92  0  
-5.91  0  
-5.9  0  
-5.89  1  
-5.88  0  
-5.87  0  
-5.86  1  
-5.85  0  
-5.84  0  
-5.83  0  
-5.82  0  
-5.81  1  
-5.8  0  
-5.79  0  
-5.78  0  
-5.77  1  
-5.76  0  
-5.75  0  
-5.74  0  
-5.73  0  
-5.72  0  
-5.71  0  
-5.7  1  
-5.69  0  
-5.68  0  
-5.67  0  
-5.66  0  
-5.65  0  
-5.64  0  
-5.63  0  
-5.62  0  
-5.61  0  
-5.6  0  
-5.59  0  
-5.58  0  
-5.57  0  
-5.56  0  
-5.55  0  
-5.54  0  
-5.53  0  
-5.52  0  
-5.51  0  
-5.5  0  
-5.49  0  
-5.48  0  
-5.47  0  
-5.46  0  
-5.45  0  
-5.44  0  
-5.43  0  
-5.42  0  
-5.41  0  
-5.4  0  
-5.39  0  
-5.38  0  
-5.37  0  
-5.36  0  
-5.35  0  
-5.34  0  
-5.33  0  
-5.32  0  
-5.31  0  
-5.3  0  
-5.29  0  
-5.28  0  
-5.27  0  
-5.26  0  
-5.25  0  
-5.24  0  
-5.23  0  
-5.22  0  
-5.21  0  
-5.2  0  
-5.19  0  
-5.18  0  
-5.17  0  
-5.16  0  
-5.15  0  
-5.14  0  
-5.13  0  
-5.12  0  
-5.11  0  
-5.1  0  
-5.09  0  
-5.08  0  
-5.07  0  
-5.06  0  
-5.05  0  
-5.04  0  
-5.03  0  
-5.02  0  
-5.01  0  
-5  0  
-4.99  0  
-4.98  0  
-4.97  0  
-4.96  0  
-4.95  0  
-4.94  0  
-4.93  0  
-4.92  0  
-4.91  0  
-4.9  0  
-4.89  0  
-4.88  0  
-4.87  0  
-4.86  0  
-4.85  0  
-4.84  0  
-4.83  0  
-4.82  0  
-4.81  0  
-4.8  0  
-4.79  0  
-4.78  0  
-4.77  0  
-4.76  0  
-4.75  0  
-4.74  0  
-4.73  0  
-4.72  0  
-4.71  0  
-4.7  0  
-4.69  0  
-4.68  0  
-4.67  0  
-4.66  0  
-4.65  0  
-4.64  0  
-4.63  0  
-4.62  0  
-4.61  0  
-4.6  0  
-4.59  0  
-4.58  0  
-4.57  0  
-4.56  0  
-4.55  0  
-4.54  0  
-4.53  0  
-4.52  0  
-4.51  0  
-4.5  0  
-4.49  0  
-4.48  0  
-4.47  0  
-4.46  0  
-4.45  0  
-4.44  0  
-4.43  0  
-4.42  0  
-4.41  0  
-4.4  0  
-4.39  0  
-4.38  0  
-4.37  0  
-4.36  0  
-4.35  0  
-4.34  0  
-4.33  0  
-4.32  0  
-4.31  0  
-4.3  0  
-4.29  0  
-4.28  0  
-4.27  0  
-4.26  0  
-4.25  0  
-4.24  0  
-4.23  0  
-4.22  0  
-4.21  0  
-4.2  0  
-4.19  0  
-4.18  0  
-4.17  0  
-4.16  0  
-4.15  0  
-4.14  0  
-4.13  0  
-4.12  0  
-4.11  0  
-4.1  0  
-4.09  0  
-4.08  0  
-4.07  0  
-4.06  0  
-4.05  0  
-4.04  0  
-4.03  0  
-4.02  0  
-4.01  0  
-4  0  
-3.99  0  
-3.98  0  
-3.97  0  
-3.96  0  
-3.95  0  
-3.94  0  
-3.93  0  
-3.92  0  
-3.91  0  
-3.9  0  
-3.89  0  
-3.88  0  
-3.87  0  
-3.86  0  
-3.85  0  
-3.84  0  
-3.83  0  
-3.82  0  
-3.81  0  
-3.8  0  
-3.79  0  
-3.78  0  
-3.77  0  
-3.76  0  
-3.75  0  
-3.74  0  
-3.73  0  
-3.72  0  
-3.71  0  
-3.7  0  
-3.69  0  
-3.68  0  
-3.67  0  
-3.66  0  
-3.65  0  
-3.64  0  
-3.63  0  
-3.62  0  
-3.61  0  
-3.6  0  
-3.59  0  
-3.58  0  
-3.57  0  
-3.56  0  
-3.55  0  
-3.54  0  
-3.53  0  
-3.52  0  
-3.51  0  
-3.5  0  
-3.49  0  
-3.48  0  
-3.47  0  
-3.46  0  
-3.45  0  
-3.44  0  
-3.43  0  
-3.42  0  
-3.41  0  
-3.4  0  
-3.39  0  
-3.38  0  
-3.37  0  
-3.36  0  
-3.35  0  
-3.34  0  
-3.33  0  
-3.32  0  
-3.31  0  
-3.3  0  
-3.29  0  
-3.28  0  
-3.27  0  
-3.26  0  
-3.25  0  
-3.24  0  
-3.23  0  
-3.22  0  
-3.21  0  
-3.2  0  
-3.19  0  
-3.18  0  
-3.17  0  
-3.16  0  
-3.15  0  
-3.14  0  
-3.13  0  
-3.12  0  
-3.11  0  
-3.1  0  
-3.09  0  
-3.08  0  
-3.07  0  
-3.06  0  
-3.05  0  
-3.04  0  
-3.03  0  
-3.02  0  
-3.01  0  
-3  0  
-2.99  0  
-2.98  0  
-2.97  0  
-2.96  0  
-2.95  0  
-2.94  0  
-2.93  0  
-2.92  0  
-2.91  0  
-2.9  0  
-2.89  0  
-2.88  0  
-2.87  0  
-2.86  0  
-2.85  0  
-2.84  0  
-2.83  0  
-2.82  0  
-2.81  0  
-2.8  0  
-2.79  0  
-2.78  0  
-2.77  0  
-2.76  0  
-2.75  0  
-2.74  0  
-2.73  0  
-2.72  0  
-2.71  0  
-2.7  0  
-2.69  0  
-2.68  0  
-2.67  0  
-2.66  0  
-2.65  0  
-2.64  0  
-2.63  0  
-2.62  0  
-2.61  0  
-2.6  0  
-2.59  0  
-2.58  0  
-2.57  0  
-2.56  0  
-2.55  0  
-2.54  0  
-2.53  0  
-2.52  0  
-2.51  0  
-2.5  0  
-2.49  0  
-2.48  0  
-2.47  0  
-2.46  0  
-2.45  0  
-2.44  0  
-2.43  0  
-2.42  0  
-2.41  0  
-2.4  0  
-2.39  0  
-2.38  0  
-2.37  0  
-2.36  0  
-2.35  0  
-2.34  0  
-2.33  0  
-2.32  0  
-2.31  0  
-2.3  0  
-2.29  0  
-2.28  0  
-2.27  0  
-2.26  0  
-2.25  0  
-2.24  0  
-2.23  0  
-2.22  0  
-2.21  0  
-2.2  0  
-2.19  0  
-2.18  0  
-2.17  0  
-2.16  0  
-2.15  0  
-2.14  0  
-2.13  0  
-2.12  0  
-2.11  0  
-2.1  0  
-2.09  0  
-2.08  0  
-2.07  0  
-2.06  0  
-2.05  0  
-2.04  0  
-2.03  0  
-2.02  0  
-2.01  0  
-2  0  
