9 isr_2_3__j__j__P__nu_e__e+ 310000 310000 3.70577813738e-10 46
Resonance_Uniform_8041 19650 0.371575024373 0.371575024373 0.27516260717 3.24631165751e-10 5.45251844982e-24 1.05379941259e-19
Resonance_Forward_8041 10124 0.189056480119 0.189056480119 0.0780646219846 3.24100376311e-10 5.92347172833e-24 1.05035130453e-19
Resonance_Backward_8041 533 0.0105732081856 0.0105732081856 0.288489729669 3.03585743888e-10 1.90018779033e-23 9.21453020139e-20
Threshold_Central_12062 20234 0.168890621967 0.168890621967 0.0120356395076 3.38089190628e-10 7.17568114279e-23 1.14232544008e-19
Threshold_Forward_12062 28533 0.252360285317 0.252360285317 0.00278203135621 3.32232824131e-10 2.90433192479e-23 1.10349606111e-19
Threshold_Backward_12062 926 0.00754438003852 0.00754438003852 0.00576866091334 3.04664971219e-10 6.28221648348e-23 9.27579225233e-20
Simple_Pole_Uniform_50 0 0 0 0 0 0 0
Simple_Pole_Forward_50 0 0 0 0 0 0 0
Simple_Pole_Backward_50 0 0 0 0 0 0 0
