10 1002 -13 -3 692  0  177872
-13  3  
-12.99  5  
-12.98  9  
-12.97  5  
-12.96  1  
-12.95  3  
-12.94  5  
-12.93  3  
-12.92  5  
-12.91  5  
-12.9  4  
-12.89  7  
-12.88  8  
-12.87  6  
-12.86  7  
-12.85  5  
-12.84  6  
-12.83  3  
-12.82  7  
-12.81  5  
-12.8  4  
-12.79  9  
-12.78  9  
-12.77  2  
-12.76  7  
-12.75  4  
-12.74  3  
-12.73  9  
-12.72  4  
-12.71  6  
-12.7  10  
-12.69  5  
-12.68  9  
-12.67  6  
-12.66  6  
-12.65  5  
-12.64  11  
-12.63  6  
-12.62  4  
-12.61  4  
-12.6  4  
-12.59  8  
-12.58  8  
-12.57  6  
-12.56  3  
-12.55  4  
-12.54  9  
-12.53  10  
-12.52  5  
-12.51  6  
-12.5  10  
-12.49  7  
-12.48  4  
-12.47  6  
-12.46  10  
-12.45  8  
-12.44  7  
-12.43  8  
-12.42  6  
-12.41  7  
-12.4  6  
-12.39  5  
-12.38  7  
-12.37  10  
-12.36  6  
-12.35  10  
-12.34  7  
-12.33  8  
-12.32  10  
-12.31  10  
-12.3  7  
-12.29  12  
-12.28  13  
-12.27  11  
-12.26  5  
-12.25  9  
-12.24  8  
-12.23  11  
-12.22  11  
-12.21  14  
-12.2  5  
-12.19  12  
-12.18  13  
-12.17  10  
-12.16  18  
-12.15  5  
-12.14  8  
-12.13  7  
-12.12  6  
-12.11  6  
-12.1  5  
-12.09  10  
-12.08  9  
-12.07  10  
-12.06  13  
-12.05  6  
-12.04  8  
-12.03  18  
-12.02  13  
-12.01  9  
-12  9  
-11.99  9  
-11.98  7  
-11.97  13  
-11.96  13  
-11.95  10  
-11.94  5  
-11.93  13  
-11.92  17  
-11.91  9  
-11.9  13  
-11.89  17  
-11.88  11  
-11.87  11  
-11.86  14  
-11.85  9  
-11.84  11  
-11.83  12  
-11.82  11  
-11.81  12  
-11.8  26  
-11.79  13  
-11.78  11  
-11.77  14  
-11.76  16  
-11.75  15  
-11.74  9  
-11.73  25  
-11.72  18  
-11.71  23  
-11.7  13  
-11.69  16  
-11.68  14  
-11.67  18  
-11.66  14  
-11.65  18  
-11.64  13  
-11.63  22  
-11.62  14  
-11.61  14  
-11.6  15  
-11.59  9  
-11.58  21  
-11.57  18  
-11.56  14  
-11.55  19  
-11.54  18  
-11.53  24  
-11.52  13  
-11.51  13  
-11.5  21  
-11.49  26  
-11.48  16  
-11.47  20  
-11.46  20  
-11.45  18  
-11.44  28  
-11.43  18  
-11.42  31  
-11.41  31  
-11.4  16  
-11.39  22  
-11.38  20  
-11.37  13  
-11.36  16  
-11.35  22  
-11.34  32  
-11.33  24  
-11.32  22  
-11.31  32  
-11.3  17  
-11.29  32  
-11.28  17  
-11.27  25  
-11.26  28  
-11.25  28  
-11.24  18  
-11.23  31  
-11.22  27  
-11.21  35  
-11.2  32  
-11.19  40  
-11.18  32  
-11.17  41  
-11.16  31  
-11.15  29  
-11.14  38  
-11.13  30  
-11.12  33  
-11.11  31  
-11.1  27  
-11.09  29  
-11.08  31  
-11.07  40  
-11.06  31  
-11.05  36  
-11.04  35  
-11.03  34  
-11.02  34  
-11.01  34  
-11  38  
-10.99  44  
-10.98  48  
-10.97  42  
-10.96  51  
-10.95  38  
-10.94  34  
-10.93  33  
-10.92  39  
-10.91  44  
-10.9  52  
-10.89  49  
-10.88  41  
-10.87  43  
-10.86  51  
-10.85  29  
-10.84  48  
-10.83  47  
-10.82  38  
-10.81  49  
-10.8  37  
-10.79  57  
-10.78  56  
-10.77  51  
-10.76  58  
-10.75  57  
-10.74  56  
-10.73  53  
-10.72  59  
-10.71  73  
-10.7  66  
-10.69  67  
-10.68  65  
-10.67  57  
-10.66  58  
-10.65  59  
-10.64  57  
-10.63  61  
-10.62  67  
-10.61  55  
-10.6  71  
-10.59  66  
-10.58  71  
-10.57  69  
-10.56  72  
-10.55  68  
-10.54  71  
-10.53  77  
-10.52  71  
-10.51  67  
-10.5  72  
-10.49  80  
-10.48  79  
-10.47  71  
-10.46  72  
-10.45  93  
-10.44  96  
-10.43  89  
-10.42  83  
-10.41  89  
-10.4  95  
-10.39  83  
-10.38  86  
-10.37  86  
-10.36  80  
-10.35  80  
-10.34  81  
-10.33  85  
-10.32  75  
-10.31  90  
-10.3  88  
-10.29  86  
-10.28  92  
-10.27  107  
-10.26  109  
-10.25  107  
-10.24  102  
-10.23  128  
-10.22  97  
-10.21  106  
-10.2  114  
-10.19  109  
-10.18  120  
-10.17  130  
-10.16  125  
-10.15  111  
-10.14  141  
-10.13  145  
-10.12  126  
-10.11  114  
-10.1  132  
-10.09  133  
-10.08  131  
-10.07  133  
-10.06  143  
-10.05  135  
-10.04  121  
-10.03  134  
-10.02  140  
-10.01  136  
-10  135  
-9.99  133  
-9.98  171  
-9.97  137  
-9.96  145  
-9.95  142  
-9.94  157  
-9.93  155  
-9.92  179  
-9.91  170  
-9.9  164  
-9.89  183  
-9.88  140  
-9.87  167  
-9.86  171  
-9.85  164  
-9.84  178  
-9.83  177  
-9.82  180  
-9.81  166  
-9.8  167  
-9.79  182  
-9.78  178  
-9.77  198  
-9.76  200  
-9.75  179  
-9.74  187  
-9.73  191  
-9.72  194  
-9.71  197  
-9.7  198  
-9.69  188  
-9.68  202  
-9.67  208  
-9.66  199  
-9.65  192  
-9.64  251  
-9.63  220  
-9.62  253  
-9.61  242  
-9.6  222  
-9.59  224  
-9.58  243  
-9.57  246  
-9.56  229  
-9.55  250  
-9.54  245  
-9.53  231  
-9.52  265  
-9.51  237  
-9.5  274  
-9.49  245  
-9.48  248  
-9.47  267  
-9.46  255  
-9.45  261  
-9.44  263  
-9.43  262  
-9.42  255  
-9.41  259  
-9.4  269  
-9.39  298  
-9.38  236  
-9.37  276  
-9.36  317  
-9.35  267  
-9.34  292  
-9.33  308  
-9.32  264  
-9.31  314  
-9.3  302  
-9.29  272  
-9.28  300  
-9.27  338  
-9.26  309  
-9.25  264  
-9.24  301  
-9.23  303  
-9.22  337  
-9.21  287  
-9.2  331  
-9.19  277  
-9.18  297  
-9.17  319  
-9.16  301  
-9.15  289  
-9.14  340  
-9.13  310  
-9.12  321  
-9.11  353  
-9.1  318  
-9.09  334  
-9.08  331  
-9.07  330  
-9.06  327  
-9.05  323  
-9.04  325  
-9.03  349  
-9.02  324  
-9.01  331  
-9  338  
-8.99  357  
-8.98  379  
-8.97  344  
-8.96  330  
-8.95  339  
-8.94  330  
-8.93  371  
-8.92  351  
-8.91  401  
-8.9  380  
-8.89  345  
-8.88  370  
-8.87  351  
-8.86  376  
-8.85  342  
-8.84  387  
-8.83  371  
-8.82  350  
-8.81  388  
-8.8  375  
-8.79  355  
-8.78  348  
-8.77  351  
-8.76  387  
-8.75  347  
-8.74  360  
-8.73  391  
-8.72  352  
-8.71  368  
-8.7  374  
-8.69  344  
-8.68  367  
-8.67  386  
-8.66  327  
-8.65  388  
-8.64  336  
-8.63  364  
-8.62  396  
-8.61  364  
-8.6  343  
-8.59  351  
-8.58  334  
-8.57  359  
-8.56  355  
-8.55  364  
-8.54  368  
-8.53  403  
-8.52  352  
-8.51  338  
-8.5  340  
-8.49  364  
-8.48  348  
-8.47  375  
-8.46  371  
-8.45  344  
-8.44  348  
-8.43  352  
-8.42  343  
-8.41  342  
-8.4  328  
-8.39  353  
-8.38  333  
-8.37  308  
-8.36  299  
-8.35  356  
-8.34  297  
-8.33  317  
-8.32  335  
-8.31  349  
-8.3  336  
-8.29  303  
-8.28  305  
-8.27  317  
-8.26  336  
-8.25  321  
-8.24  319  
-8.23  320  
-8.22  303  
-8.21  300  
-8.2  279  
-8.19  303  
-8.18  287  
-8.17  280  
-8.16  283  
-8.15  286  
-8.14  255  
-8.13  252  
-8.12  268  
-8.11  283  
-8.1  268  
-8.09  261  
-8.08  275  
-8.07  259  
-8.06  259  
-8.05  235  
-8.04  245  
-8.03  256  
-8.02  236  
-8.01  239  
-8  216  
-7.99  259  
-7.98  240  
-7.97  194  
-7.96  225  
-7.95  200  
-7.94  238  
-7.93  234  
-7.92  218  
-7.91  217  
-7.9  202  
-7.89  224  
-7.88  192  
-7.87  195  
-7.86  183  
-7.85  190  
-7.84  191  
-7.83  176  
-7.82  180  
-7.81  164  
-7.8  166  
-7.79  200  
-7.78  173  
-7.77  182  
-7.76  168  
-7.75  170  
-7.74  186  
-7.73  146  
-7.72  162  
-7.71  139  
-7.7  154  
-7.69  159  
-7.68  145  
-7.67  151  
-7.66  136  
-7.65  129  
-7.64  154  
-7.63  120  
-7.62  120  
-7.61  129  
-7.6  96  
-7.59  113  
-7.58  119  
-7.57  94  
-7.56  104  
-7.55  91  
-7.54  123  
-7.53  103  
-7.52  117  
-7.51  78  
-7.5  99  
-7.49  80  
-7.48  104  
-7.47  78  
-7.46  68  
-7.45  79  
-7.44  82  
-7.43  70  
-7.42  82  
-7.41  75  
-7.4  80  
-7.39  70  
-7.38  74  
-7.37  62  
-7.36  81  
-7.35  60  
-7.34  60  
-7.33  68  
-7.32  56  
-7.31  51  
-7.3  47  
-7.29  50  
-7.28  47  
-7.27  36  
-7.26  40  
-7.25  42  
-7.24  49  
-7.23  42  
-7.22  46  
-7.21  24  
-7.2  23  
-7.19  33  
-7.18  29  
-7.17  30  
-7.16  30  
-7.15  27  
-7.14  25  
-7.13  19  
-7.12  23  
-7.11  12  
-7.1  17  
-7.09  19  
-7.08  20  
-7.07  14  
-7.06  11  
-7.05  20  
-7.04  14  
-7.03  12  
-7.02  11  
-7.01  12  
-7  12  
-6.99  8  
-6.98  7  
-6.97  10  
-6.96  4  
-6.95  1  
-6.94  7  
-6.93  7  
-6.92  5  
-6.91  3  
-6.9  4  
-6.89  5  
-6.88  5  
-6.87  3  
-6.86  1  
-6.85  5  
-6.84  0  
-6.83  3  
-6.82  1  
-6.81  3  
-6.8  0  
-6.79  1  
-6.78  0  
-6.77  2  
-6.76  1  
-6.75  0  
-6.74  1  
-6.73  2  
-6.72  0  
-6.71  0  
-6.7  0  
-6.69  0  
-6.68  0  
-6.67  0  
-6.66  0  
-6.65  0  
-6.64  0  
-6.63  0  
-6.62  0  
-6.61  0  
-6.6  1  
-6.59  0  
-6.58  0  
-6.57  0  
-6.56  1  
-6.55  0  
-6.54  0  
-6.53  0  
-6.52  0  
-6.51  0  
-6.5  0  
-6.49  0  
-6.48  0  
-6.47  0  
-6.46  0  
-6.45  1  
-6.44  0  
-6.43  1  
-6.42  0  
-6.41  0  
-6.4  0  
-6.39  0  
-6.38  0  
-6.37  0  
-6.36  0  
-6.35  0  
-6.34  0  
-6.33  0  
-6.32  0  
-6.31  0  
-6.3  0  
-6.29  0  
-6.28  0  
-6.27  0  
-6.26  0  
-6.25  0  
-6.24  0  
-6.23  0  
-6.22  0  
-6.21  0  
-6.2  0  
-6.19  0  
-6.18  0  
-6.17  0  
-6.16  0  
-6.15  0  
-6.14  0  
-6.13  0  
-6.12  0  
-6.11  0  
-6.1  0  
-6.09  0  
-6.08  0  
-6.07  0  
-6.06  0  
-6.05  0  
-6.04  0  
-6.03  0  
-6.02  0  
-6.01  0  
-6  0  
-5.99  0  
-5.98  0  
-5.97  0  
-5.96  0  
-5.95  0  
-5.94  0  
-5.93  0  
-5.92  0  
-5.91  0  
-5.9  0  
-5.89  0  
-5.88  0  
-5.87  0  
-5.86  0  
-5.85  0  
-5.84  0  
-5.83  0  
-5.82  0  
-5.81  0  
-5.8  0  
-5.79  0  
-5.78  0  
-5.77  0  
-5.76  0  
-5.75  0  
-5.74  0  
-5.73  0  
-5.72  0  
-5.71  0  
-5.7  0  
-5.69  0  
-5.68  0  
-5.67  0  
-5.66  0  
-5.65  0  
-5.64  0  
-5.63  0  
-5.62  0  
-5.61  0  
-5.6  0  
-5.59  0  
-5.58  0  
-5.57  0  
-5.56  0  
-5.55  0  
-5.54  0  
-5.53  0  
-5.52  0  
-5.51  0  
-5.5  0  
-5.49  0  
-5.48  0  
-5.47  0  
-5.46  0  
-5.45  0  
-5.44  0  
-5.43  0  
-5.42  0  
-5.41  0  
-5.4  0  
-5.39  0  
-5.38  0  
-5.37  0  
-5.36  0  
-5.35  0  
-5.34  0  
-5.33  0  
-5.32  0  
-5.31  0  
-5.3  0  
-5.29  0  
-5.28  0  
-5.27  0  
-5.26  0  
-5.25  0  
-5.24  0  
-5.23  0  
-5.22  0  
-5.21  0  
-5.2  0  
-5.19  0  
-5.18  0  
-5.17  0  
-5.16  0  
-5.15  0  
-5.14  0  
-5.13  0  
-5.12  0  
-5.11  0  
-5.1  0  
-5.09  0  
-5.08  0  
-5.07  0  
-5.06  0  
-5.05  0  
-5.04  0  
-5.03  0  
-5.02  0  
-5.01  0  
-5  0  
-4.99  0  
-4.98  0  
-4.97  0  
-4.96  0  
-4.95  0  
-4.94  0  
-4.93  0  
-4.92  0  
-4.91  0  
-4.9  0  
-4.89  0  
-4.88  0  
-4.87  0  
-4.86  0  
-4.85  0  
-4.84  0  
-4.83  0  
-4.82  0  
-4.81  0  
-4.8  0  
-4.79  0  
-4.78  0  
-4.77  0  
-4.76  0  
-4.75  0  
-4.74  0  
-4.73  0  
-4.72  0  
-4.71  0  
-4.7  0  
-4.69  0  
-4.68  0  
-4.67  0  
-4.66  0  
-4.65  0  
-4.64  0  
-4.63  0  
-4.62  0  
-4.61  0  
-4.6  0  
-4.59  0  
-4.58  0  
-4.57  0  
-4.56  0  
-4.55  0  
-4.54  0  
-4.53  0  
-4.52  0  
-4.51  0  
-4.5  0  
-4.49  0  
-4.48  0  
-4.47  0  
-4.46  0  
-4.45  0  
-4.44  0  
-4.43  0  
-4.42  0  
-4.41  0  
-4.4  0  
-4.39  0  
-4.38  0  
-4.37  0  
-4.36  0  
-4.35  0  
-4.34  0  
-4.33  0  
-4.32  0  
-4.31  0  
-4.3  0  
-4.29  0  
-4.28  0  
-4.27  0  
-4.26  0  
-4.25  0  
-4.24  0  
-4.23  0  
-4.22  0  
-4.21  0  
-4.2  0  
-4.19  0  
-4.18  0  
-4.17  0  
-4.16  0  
-4.15  0  
-4.14  0  
-4.13  0  
-4.12  0  
-4.11  0  
-4.1  0  
-4.09  0  
-4.08  0  
-4.07  0  
-4.06  0  
-4.05  0  
-4.04  0  
-4.03  0  
-4.02  0  
-4.01  0  
-4  0  
-3.99  0  
-3.98  0  
-3.97  0  
-3.96  0  
-3.95  0  
-3.94  0  
-3.93  0  
-3.92  0  
-3.91  0  
-3.9  0  
-3.89  0  
-3.88  0  
-3.87  0  
-3.86  0  
-3.85  0  
-3.84  0  
-3.83  0  
-3.82  0  
-3.81  0  
-3.8  0  
-3.79  0  
-3.78  0  
-3.77  0  
-3.76  0  
-3.75  0  
-3.74  0  
-3.73  0  
-3.72  0  
-3.71  0  
-3.7  0  
-3.69  0  
-3.68  0  
-3.67  0  
-3.66  0  
-3.65  0  
-3.64  0  
-3.63  0  
-3.62  0  
-3.61  0  
-3.6  0  
-3.59  0  
-3.58  0  
-3.57  0  
-3.56  0  
-3.55  0  
-3.54  0  
-3.53  0  
-3.52  0  
-3.51  0  
-3.5  0  
-3.49  0  
-3.48  0  
-3.47  0  
-3.46  0  
-3.45  0  
-3.44  0  
-3.43  0  
-3.42  0  
-3.41  0  
-3.4  0  
-3.39  0  
-3.38  0  
-3.37  0  
-3.36  0  
-3.35  0  
-3.34  0  
-3.33  0  
-3.32  0  
-3.31  0  
-3.3  0  
-3.29  0  
-3.28  0  
-3.27  0  
-3.26  0  
-3.25  0  
-3.24  0  
-3.23  0  
-3.22  0  
-3.21  0  
-3.2  0  
-3.19  0  
-3.18  0  
-3.17  0  
-3.16  0  
-3.15  0  
-3.14  0  
-3.13  0  
-3.12  0  
-3.11  0  
-3.1  0  
-3.09  0  
-3.08  0  
-3.07  0  
-3.06  0  
-3.05  0  
-3.04  0  
-3.03  0  
-3.02  0  
-3.01  0  
-3  0  
