10 1002 -14 -4 8060  0  177872
-14  22  
-13.99  31  
-13.98  18  
-13.97  18  
-13.96  20  
-13.95  20  
-13.94  31  
-13.93  22  
-13.92  16  
-13.91  20  
-13.9  24  
-13.89  28  
-13.88  30  
-13.87  24  
-13.86  30  
-13.85  17  
-13.84  29  
-13.83  28  
-13.82  23  
-13.81  31  
-13.8  26  
-13.79  12  
-13.78  29  
-13.77  25  
-13.76  24  
-13.75  23  
-13.74  23  
-13.73  20  
-13.72  25  
-13.71  22  
-13.7  30  
-13.69  19  
-13.68  29  
-13.67  23  
-13.66  30  
-13.65  18  
-13.64  30  
-13.63  26  
-13.62  19  
-13.61  26  
-13.6  15  
-13.59  26  
-13.58  29  
-13.57  22  
-13.56  23  
-13.55  28  
-13.54  31  
-13.53  28  
-13.52  21  
-13.51  29  
-13.5  44  
-13.49  21  
-13.48  28  
-13.47  27  
-13.46  27  
-13.45  33  
-13.44  30  
-13.43  21  
-13.42  20  
-13.41  13  
-13.4  36  
-13.39  20  
-13.38  14  
-13.37  20  
-13.36  18  
-13.35  25  
-13.34  20  
-13.33  28  
-13.32  19  
-13.31  29  
-13.3  22  
-13.29  20  
-13.28  27  
-13.27  23  
-13.26  32  
-13.25  21  
-13.24  27  
-13.23  19  
-13.22  29  
-13.21  25  
-13.2  24  
-13.19  16  
-13.18  25  
-13.17  17  
-13.16  33  
-13.15  22  
-13.14  32  
-13.13  30  
-13.12  33  
-13.11  28  
-13.1  24  
-13.09  24  
-13.08  19  
-13.07  25  
-13.06  23  
-13.05  29  
-13.04  31  
-13.03  31  
-13.02  31  
-13.01  24  
-13  26  
-12.99  22  
-12.98  37  
-12.97  33  
-12.96  24  
-12.95  28  
-12.94  14  
-12.93  21  
-12.92  21  
-12.91  23  
-12.9  29  
-12.89  30  
-12.88  26  
-12.87  28  
-12.86  17  
-12.85  18  
-12.84  24  
-12.83  30  
-12.82  22  
-12.81  25  
-12.8  23  
-12.79  25  
-12.78  27  
-12.77  31  
-12.76  33  
-12.75  25  
-12.74  37  
-12.73  29  
-12.72  26  
-12.71  34  
-12.7  17  
-12.69  16  
-12.68  30  
-12.67  26  
-12.66  41  
-12.65  39  
-12.64  29  
-12.63  29  
-12.62  27  
-12.61  32  
-12.6  26  
-12.59  17  
-12.58  17  
-12.57  33  
-12.56  31  
-12.55  39  
-12.54  37  
-12.53  26  
-12.52  23  
-12.51  30  
-12.5  29  
-12.49  31  
-12.48  34  
-12.47  30  
-12.46  36  
-12.45  41  
-12.44  41  
-12.43  35  
-12.42  39  
-12.41  23  
-12.4  33  
-12.39  34  
-12.38  32  
-12.37  33  
-12.36  27  
-12.35  20  
-12.34  32  
-12.33  27  
-12.32  47  
-12.31  42  
-12.3  38  
-12.29  29  
-12.28  31  
-12.27  38  
-12.26  28  
-12.25  33  
-12.24  27  
-12.23  37  
-12.22  32  
-12.21  24  
-12.2  36  
-12.19  35  
-12.18  28  
-12.17  33  
-12.16  37  
-12.15  43  
-12.14  38  
-12.13  39  
-12.12  51  
-12.11  36  
-12.1  33  
-12.09  34  
-12.08  48  
-12.07  44  
-12.06  44  
-12.05  42  
-12.04  42  
-12.03  48  
-12.02  46  
-12.01  44  
-12  44  
-11.99  40  
-11.98  32  
-11.97  50  
-11.96  32  
-11.95  50  
-11.94  39  
-11.93  33  
-11.92  41  
-11.91  49  
-11.9  55  
-11.89  42  
-11.88  55  
-11.87  48  
-11.86  41  
-11.85  49  
-11.84  49  
-11.83  38  
-11.82  46  
-11.81  44  
-11.8  44  
-11.79  68  
-11.78  35  
-11.77  39  
-11.76  51  
-11.75  54  
-11.74  55  
-11.73  53  
-11.72  56  
-11.71  61  
-11.7  53  
-11.69  66  
-11.68  51  
-11.67  45  
-11.66  65  
-11.65  57  
-11.64  55  
-11.63  49  
-11.62  72  
-11.61  56  
-11.6  63  
-11.59  51  
-11.58  69  
-11.57  58  
-11.56  53  
-11.55  49  
-11.54  70  
-11.53  76  
-11.52  56  
-11.51  70  
-11.5  63  
-11.49  62  
-11.48  65  
-11.47  53  
-11.46  66  
-11.45  62  
-11.44  67  
-11.43  68  
-11.42  80  
-11.41  67  
-11.4  73  
-11.39  52  
-11.38  64  
-11.37  82  
-11.36  76  
-11.35  77  
-11.34  92  
-11.33  77  
-11.32  85  
-11.31  78  
-11.3  92  
-11.29  87  
-11.28  78  
-11.27  79  
-11.26  86  
-11.25  83  
-11.24  76  
-11.23  83  
-11.22  98  
-11.21  91  
-11.2  79  
-11.19  87  
-11.18  90  
-11.17  95  
-11.16  66  
-11.15  99  
-11.14  82  
-11.13  101  
-11.12  80  
-11.11  86  
-11.1  103  
-11.09  101  
-11.08  102  
-11.07  103  
-11.06  94  
-11.05  94  
-11.04  97  
-11.03  113  
-11.02  106  
-11.01  109  
-11  95  
-10.99  117  
-10.98  99  
-10.97  99  
-10.96  108  
-10.95  109  
-10.94  100  
-10.93  116  
-10.92  110  
-10.91  110  
-10.9  118  
-10.89  122  
-10.88  128  
-10.87  115  
-10.86  146  
-10.85  138  
-10.84  115  
-10.83  123  
-10.82  120  
-10.81  126  
-10.8  127  
-10.79  133  
-10.78  125  
-10.77  151  
-10.76  148  
-10.75  124  
-10.74  141  
-10.73  144  
-10.72  134  
-10.71  126  
-10.7  140  
-10.69  111  
-10.68  154  
-10.67  144  
-10.66  160  
-10.65  127  
-10.64  149  
-10.63  145  
-10.62  147  
-10.61  138  
-10.6  154  
-10.59  135  
-10.58  149  
-10.57  145  
-10.56  140  
-10.55  178  
-10.54  151  
-10.53  150  
-10.52  137  
-10.51  161  
-10.5  183  
-10.49  153  
-10.48  177  
-10.47  152  
-10.46  163  
-10.45  130  
-10.44  167  
-10.43  168  
-10.42  152  
-10.41  161  
-10.4  169  
-10.39  169  
-10.38  175  
-10.37  169  
-10.36  167  
-10.35  169  
-10.34  157  
-10.33  155  
-10.32  163  
-10.31  153  
-10.3  163  
-10.29  167  
-10.28  170  
-10.27  152  
-10.26  184  
-10.25  186  
-10.24  179  
-10.23  197  
-10.22  161  
-10.21  182  
-10.2  192  
-10.19  200  
-10.18  184  
-10.17  191  
-10.16  174  
-10.15  177  
-10.14  205  
-10.13  168  
-10.12  192  
-10.11  180  
-10.1  168  
-10.09  180  
-10.08  191  
-10.07  184  
-10.06  177  
-10.05  188  
-10.04  197  
-10.03  198  
-10.02  183  
-10.01  185  
-10  153  
-9.99  175  
-9.98  180  
-9.97  191  
-9.96  195  
-9.95  205  
-9.94  172  
-9.93  196  
-9.92  205  
-9.91  182  
-9.9  203  
-9.89  187  
-9.88  167  
-9.87  180  
-9.86  184  
-9.85  181  
-9.84  195  
-9.83  178  
-9.82  189  
-9.81  190  
-9.8  171  
-9.79  175  
-9.78  188  
-9.77  206  
-9.76  191  
-9.75  179  
-9.74  181  
-9.73  174  
-9.72  177  
-9.71  179  
-9.7  174  
-9.69  191  
-9.68  201  
-9.67  178  
-9.66  191  
-9.65  188  
-9.64  210  
-9.63  174  
-9.62  179  
-9.61  167  
-9.6  182  
-9.59  171  
-9.58  190  
-9.57  171  
-9.56  218  
-9.55  180  
-9.54  163  
-9.53  168  
-9.52  161  
-9.51  160  
-9.5  166  
-9.49  178  
-9.48  168  
-9.47  190  
-9.46  166  
-9.45  181  
-9.44  171  
-9.43  182  
-9.42  181  
-9.41  148  
-9.4  151  
-9.39  150  
-9.38  162  
-9.37  169  
-9.36  169  
-9.35  145  
-9.34  158  
-9.33  139  
-9.32  137  
-9.31  157  
-9.3  160  
-9.29  150  
-9.28  159  
-9.27  150  
-9.26  185  
-9.25  131  
-9.24  157  
-9.23  153  
-9.22  147  
-9.21  138  
-9.2  129  
-9.19  137  
-9.18  141  
-9.17  128  
-9.16  161  
-9.15  135  
-9.14  126  
-9.13  122  
-9.12  109  
-9.11  130  
-9.1  120  
-9.09  132  
-9.08  108  
-9.07  137  
-9.06  110  
-9.05  114  
-9.04  127  
-9.03  130  
-9.02  113  
-9.01  108  
-9  138  
-8.99  112  
-8.98  115  
-8.97  118  
-8.96  102  
-8.95  146  
-8.94  108  
-8.93  106  
-8.92  98  
-8.91  139  
-8.9  114  
-8.89  91  
-8.88  90  
-8.87  99  
-8.86  93  
-8.85  101  
-8.84  104  
-8.83  96  
-8.82  100  
-8.81  101  
-8.8  99  
-8.79  106  
-8.78  87  
-8.77  99  
-8.76  86  
-8.75  94  
-8.74  88  
-8.73  86  
-8.72  97  
-8.71  92  
-8.7  87  
-8.69  63  
-8.68  85  
-8.67  80  
-8.66  77  
-8.65  70  
-8.64  88  
-8.63  86  
-8.62  88  
-8.61  66  
-8.6  59  
-8.59  70  
-8.58  63  
-8.57  69  
-8.56  73  
-8.55  68  
-8.54  79  
-8.53  73  
-8.52  55  
-8.51  70  
-8.5  76  
-8.49  64  
-8.48  58  
-8.47  61  
-8.46  57  
-8.45  49  
-8.44  61  
-8.43  55  
-8.42  45  
-8.41  68  
-8.4  59  
-8.39  45  
-8.38  41  
-8.37  57  
-8.36  44  
-8.35  51  
-8.34  43  
-8.33  51  
-8.32  42  
-8.31  45  
-8.3  54  
-8.29  39  
-8.28  33  
-8.27  30  
-8.26  33  
-8.25  30  
-8.24  38  
-8.23  33  
-8.22  31  
-8.21  44  
-8.2  40  
-8.19  31  
-8.18  31  
-8.17  33  
-8.16  24  
-8.15  33  
-8.14  23  
-8.13  27  
-8.12  26  
-8.11  31  
-8.1  25  
-8.09  17  
-8.08  24  
-8.07  18  
-8.06  18  
-8.05  15  
-8.04  19  
-8.03  18  
-8.02  12  
-8.01  19  
-8  13  
-7.99  12  
-7.98  19  
-7.97  20  
-7.96  25  
-7.95  16  
-7.94  12  
-7.93  15  
-7.92  15  
-7.91  12  
-7.9  7  
-7.89  15  
-7.88  5  
-7.87  18  
-7.86  14  
-7.85  9  
-7.84  7  
-7.83  9  
-7.82  11  
-7.81  11  
-7.8  10  
-7.79  10  
-7.78  7  
-7.77  10  
-7.76  5  
-7.75  4  
-7.74  10  
-7.73  8  
-7.72  10  
-7.71  9  
-7.7  6  
-7.69  5  
-7.68  3  
-7.67  1  
-7.66  5  
-7.65  3  
-7.64  2  
-7.63  3  
-7.62  1  
-7.61  4  
-7.6  2  
-7.59  2  
-7.58  5  
-7.57  3  
-7.56  3  
-7.55  3  
-7.54  3  
-7.53  2  
-7.52  2  
-7.51  3  
-7.5  2  
-7.49  2  
-7.48  2  
-7.47  0  
-7.46  2  
-7.45  2  
-7.44  0  
-7.43  0  
-7.42  0  
-7.41  2  
-7.4  2  
-7.39  1  
-7.38  1  
-7.37  2  
-7.36  0  
-7.35  1  
-7.34  1  
-7.33  3  
-7.32  0  
-7.31  1  
-7.3  0  
-7.29  1  
-7.28  1  
-7.27  0  
-7.26  1  
-7.25  0  
-7.24  1  
-7.23  0  
-7.22  0  
-7.21  1  
-7.2  0  
-7.19  2  
-7.18  1  
-7.17  0  
-7.16  0  
-7.15  0  
-7.14  0  
-7.13  1  
-7.12  1  
-7.11  0  
-7.1  0  
-7.09  0  
-7.08  0  
-7.07  0  
-7.06  0  
-7.05  0  
-7.04  0  
-7.03  0  
-7.02  0  
-7.01  0  
-7  0  
-6.99  0  
-6.98  0  
-6.97  0  
-6.96  1  
-6.95  0  
-6.94  0  
-6.93  0  
-6.92  0  
-6.91  0  
-6.9  0  
-6.89  0  
-6.88  0  
-6.87  0  
-6.86  0  
-6.85  0  
-6.84  0  
-6.83  0  
-6.82  0  
-6.81  0  
-6.8  0  
-6.79  0  
-6.78  0  
-6.77  0  
-6.76  0  
-6.75  0  
-6.74  0  
-6.73  0  
-6.72  0  
-6.71  0  
-6.7  0  
-6.69  0  
-6.68  0  
-6.67  0  
-6.66  0  
-6.65  0  
-6.64  0  
-6.63  0  
-6.62  0  
-6.61  0  
-6.6  0  
-6.59  0  
-6.58  0  
-6.57  0  
-6.56  0  
-6.55  0  
-6.54  0  
-6.53  0  
-6.52  0  
-6.51  0  
-6.5  0  
-6.49  0  
-6.48  0  
-6.47  0  
-6.46  0  
-6.45  0  
-6.44  0  
-6.43  0  
-6.42  0  
-6.41  0  
-6.4  0  
-6.39  0  
-6.38  0  
-6.37  0  
-6.36  0  
-6.35  0  
-6.34  0  
-6.33  0  
-6.32  0  
-6.31  0  
-6.3  0  
-6.29  0  
-6.28  0  
-6.27  0  
-6.26  0  
-6.25  0  
-6.24  0  
-6.23  0  
-6.22  0  
-6.21  0  
-6.2  0  
-6.19  0  
-6.18  0  
-6.17  0  
-6.16  0  
-6.15  0  
-6.14  0  
-6.13  0  
-6.12  0  
-6.11  0  
-6.1  0  
-6.09  0  
-6.08  0  
-6.07  0  
-6.06  0  
-6.05  0  
-6.04  0  
-6.03  0  
-6.02  0  
-6.01  0  
-6  0  
-5.99  0  
-5.98  0  
-5.97  0  
-5.96  0  
-5.95  0  
-5.94  0  
-5.93  0  
-5.92  0  
-5.91  0  
-5.9  0  
-5.89  0  
-5.88  0  
-5.87  0  
-5.86  0  
-5.85  0  
-5.84  0  
-5.83  0  
-5.82  0  
-5.81  0  
-5.8  0  
-5.79  0  
-5.78  0  
-5.77  0  
-5.76  0  
-5.75  0  
-5.74  0  
-5.73  0  
-5.72  0  
-5.71  0  
-5.7  0  
-5.69  0  
-5.68  0  
-5.67  0  
-5.66  0  
-5.65  0  
-5.64  0  
-5.63  0  
-5.62  0  
-5.61  0  
-5.6  0  
-5.59  0  
-5.58  0  
-5.57  0  
-5.56  0  
-5.55  0  
-5.54  0  
-5.53  0  
-5.52  0  
-5.51  0  
-5.5  0  
-5.49  0  
-5.48  0  
-5.47  0  
-5.46  0  
-5.45  0  
-5.44  0  
-5.43  0  
-5.42  0  
-5.41  0  
-5.4  0  
-5.39  0  
-5.38  0  
-5.37  0  
-5.36  0  
-5.35  0  
-5.34  0  
-5.33  0  
-5.32  0  
-5.31  0  
-5.3  0  
-5.29  0  
-5.28  0  
-5.27  0  
-5.26  0  
-5.25  0  
-5.24  0  
-5.23  0  
-5.22  0  
-5.21  0  
-5.2  0  
-5.19  0  
-5.18  0  
-5.17  0  
-5.16  0  
-5.15  0  
-5.14  0  
-5.13  0  
-5.12  0  
-5.11  0  
-5.1  0  
-5.09  0  
-5.08  0  
-5.07  0  
-5.06  0  
-5.05  0  
-5.04  0  
-5.03  0  
-5.02  0  
-5.01  0  
-5  0  
-4.99  0  
-4.98  0  
-4.97  0  
-4.96  0  
-4.95  0  
-4.94  0  
-4.93  0  
-4.92  0  
-4.91  0  
-4.9  0  
-4.89  0  
-4.88  0  
-4.87  0  
-4.86  0  
-4.85  0  
-4.84  0  
-4.83  0  
-4.82  0  
-4.81  0  
-4.8  0  
-4.79  0  
-4.78  0  
-4.77  0  
-4.76  0  
-4.75  0  
-4.74  0  
-4.73  0  
-4.72  0  
-4.71  0  
-4.7  0  
-4.69  0  
-4.68  0  
-4.67  0  
-4.66  0  
-4.65  0  
-4.64  0  
-4.63  0  
-4.62  0  
-4.61  0  
-4.6  0  
-4.59  0  
-4.58  0  
-4.57  0  
-4.56  0  
-4.55  0  
-4.54  0  
-4.53  0  
-4.52  0  
-4.51  0  
-4.5  0  
-4.49  0  
-4.48  0  
-4.47  0  
-4.46  0  
-4.45  0  
-4.44  0  
-4.43  0  
-4.42  0  
-4.41  0  
-4.4  0  
-4.39  0  
-4.38  0  
-4.37  0  
-4.36  0  
-4.35  0  
-4.34  0  
-4.33  0  
-4.32  0  
-4.31  0  
-4.3  0  
-4.29  0  
-4.28  0  
-4.27  0  
-4.26  0  
-4.25  0  
-4.24  0  
-4.23  0  
-4.22  0  
-4.21  0  
-4.2  0  
-4.19  0  
-4.18  0  
-4.17  0  
-4.16  0  
-4.15  0  
-4.14  0  
-4.13  0  
-4.12  0  
-4.11  0  
-4.1  0  
-4.09  0  
-4.08  0  
-4.07  0  
-4.06  0  
-4.05  0  
-4.04  0  
-4.03  0  
-4.02  0  
-4.01  0  
-4  0  
