10 1002 -13 -3 8216  0  177872
-13  23  
-12.99  26  
-12.98  30  
-12.97  21  
-12.96  17  
-12.95  19  
-12.94  22  
-12.93  22  
-12.92  25  
-12.91  23  
-12.9  25  
-12.89  34  
-12.88  31  
-12.87  20  
-12.86  24  
-12.85  37  
-12.84  23  
-12.83  37  
-12.82  20  
-12.81  29  
-12.8  23  
-12.79  21  
-12.78  28  
-12.77  18  
-12.76  31  
-12.75  23  
-12.74  36  
-12.73  23  
-12.72  14  
-12.71  29  
-12.7  20  
-12.69  25  
-12.68  22  
-12.67  19  
-12.66  14  
-12.65  29  
-12.64  29  
-12.63  21  
-12.62  31  
-12.61  27  
-12.6  27  
-12.59  25  
-12.58  24  
-12.57  29  
-12.56  23  
-12.55  24  
-12.54  25  
-12.53  24  
-12.52  25  
-12.51  28  
-12.5  28  
-12.49  29  
-12.48  25  
-12.47  29  
-12.46  25  
-12.45  23  
-12.44  25  
-12.43  31  
-12.42  28  
-12.41  23  
-12.4  27  
-12.39  30  
-12.38  29  
-12.37  26  
-12.36  18  
-12.35  17  
-12.34  26  
-12.33  27  
-12.32  20  
-12.31  24  
-12.3  22  
-12.29  25  
-12.28  31  
-12.27  22  
-12.26  27  
-12.25  23  
-12.24  30  
-12.23  25  
-12.22  39  
-12.21  21  
-12.2  21  
-12.19  23  
-12.18  35  
-12.17  26  
-12.16  30  
-12.15  28  
-12.14  20  
-12.13  21  
-12.12  33  
-12.11  24  
-12.1  38  
-12.09  32  
-12.08  30  
-12.07  37  
-12.06  24  
-12.05  21  
-12.04  29  
-12.03  29  
-12.02  30  
-12.01  25  
-12  26  
-11.99  43  
-11.98  33  
-11.97  28  
-11.96  30  
-11.95  41  
-11.94  20  
-11.93  25  
-11.92  22  
-11.91  34  
-11.9  36  
-11.89  26  
-11.88  45  
-11.87  28  
-11.86  29  
-11.85  29  
-11.84  31  
-11.83  36  
-11.82  39  
-11.81  35  
-11.8  32  
-11.79  41  
-11.78  28  
-11.77  24  
-11.76  43  
-11.75  36  
-11.74  39  
-11.73  34  
-11.72  34  
-11.71  32  
-11.7  36  
-11.69  28  
-11.68  41  
-11.67  36  
-11.66  29  
-11.65  29  
-11.64  42  
-11.63  39  
-11.62  48  
-11.61  27  
-11.6  47  
-11.59  36  
-11.58  30  
-11.57  47  
-11.56  30  
-11.55  37  
-11.54  48  
-11.53  43  
-11.52  35  
-11.51  38  
-11.5  25  
-11.49  43  
-11.48  43  
-11.47  34  
-11.46  43  
-11.45  31  
-11.44  45  
-11.43  49  
-11.42  39  
-11.41  42  
-11.4  31  
-11.39  55  
-11.38  47  
-11.37  42  
-11.36  40  
-11.35  38  
-11.34  51  
-11.33  46  
-11.32  40  
-11.31  41  
-11.3  42  
-11.29  49  
-11.28  40  
-11.27  45  
-11.26  36  
-11.25  45  
-11.24  43  
-11.23  39  
-11.22  43  
-11.21  29  
-11.2  47  
-11.19  45  
-11.18  50  
-11.17  30  
-11.16  42  
-11.15  43  
-11.14  45  
-11.13  48  
-11.12  51  
-11.11  39  
-11.1  44  
-11.09  41  
-11.08  48  
-11.07  56  
-11.06  48  
-11.05  50  
-11.04  51  
-11.03  48  
-11.02  60  
-11.01  52  
-11  51  
-10.99  48  
-10.98  61  
-10.97  40  
-10.96  57  
-10.95  47  
-10.94  48  
-10.93  49  
-10.92  58  
-10.91  52  
-10.9  52  
-10.89  36  
-10.88  64  
-10.87  46  
-10.86  51  
-10.85  51  
-10.84  55  
-10.83  60  
-10.82  71  
-10.81  49  
-10.8  59  
-10.79  45  
-10.78  50  
-10.77  64  
-10.76  47  
-10.75  58  
-10.74  61  
-10.73  60  
-10.72  62  
-10.71  55  
-10.7  64  
-10.69  62  
-10.68  60  
-10.67  64  
-10.66  69  
-10.65  64  
-10.64  66  
-10.63  64  
-10.62  69  
-10.61  64  
-10.6  72  
-10.59  67  
-10.58  63  
-10.57  50  
-10.56  60  
-10.55  59  
-10.54  58  
-10.53  63  
-10.52  76  
-10.51  70  
-10.5  72  
-10.49  68  
-10.48  77  
-10.47  77  
-10.46  77  
-10.45  73  
-10.44  90  
-10.43  73  
-10.42  94  
-10.41  86  
-10.4  79  
-10.39  66  
-10.38  73  
-10.37  64  
-10.36  84  
-10.35  90  
-10.34  68  
-10.33  73  
-10.32  73  
-10.31  84  
-10.3  105  
-10.29  76  
-10.28  92  
-10.27  79  
-10.26  72  
-10.25  78  
-10.24  85  
-10.23  95  
-10.22  94  
-10.21  92  
-10.2  95  
-10.19  102  
-10.18  95  
-10.17  93  
-10.16  87  
-10.15  97  
-10.14  115  
-10.13  86  
-10.12  81  
-10.11  98  
-10.1  128  
-10.09  125  
-10.08  88  
-10.07  99  
-10.06  92  
-10.05  107  
-10.04  110  
-10.03  114  
-10.02  117  
-10.01  89  
-10  103  
-9.99  100  
-9.98  102  
-9.97  107  
-9.96  126  
-9.95  118  
-9.94  117  
-9.93  98  
-9.92  112  
-9.91  114  
-9.9  109  
-9.89  132  
-9.88  119  
-9.87  118  
-9.86  102  
-9.85  139  
-9.84  99  
-9.83  125  
-9.82  128  
-9.81  119  
-9.8  116  
-9.79  124  
-9.78  146  
-9.77  114  
-9.76  138  
-9.75  138  
-9.74  138  
-9.73  136  
-9.72  140  
-9.71  158  
-9.7  149  
-9.69  126  
-9.68  159  
-9.67  133  
-9.66  140  
-9.65  131  
-9.64  156  
-9.63  136  
-9.62  151  
-9.61  156  
-9.6  147  
-9.59  157  
-9.58  123  
-9.57  157  
-9.56  147  
-9.55  139  
-9.54  147  
-9.53  144  
-9.52  136  
-9.51  152  
-9.5  140  
-9.49  140  
-9.48  144  
-9.47  172  
-9.46  150  
-9.45  159  
-9.44  185  
-9.43  168  
-9.42  135  
-9.41  166  
-9.4  170  
-9.39  153  
-9.38  145  
-9.37  147  
-9.36  189  
-9.35  172  
-9.34  162  
-9.33  154  
-9.32  155  
-9.31  176  
-9.3  150  
-9.29  158  
-9.28  178  
-9.27  173  
-9.26  198  
-9.25  188  
-9.24  174  
-9.23  188  
-9.22  162  
-9.21  178  
-9.2  171  
-9.19  171  
-9.18  192  
-9.17  166  
-9.16  167  
-9.15  188  
-9.14  166  
-9.13  156  
-9.12  164  
-9.11  204  
-9.1  187  
-9.09  170  
-9.08  182  
-9.07  174  
-9.06  180  
-9.05  172  
-9.04  191  
-9.03  204  
-9.02  179  
-9.01  175  
-9  193  
-8.99  215  
-8.98  155  
-8.97  195  
-8.96  173  
-8.95  189  
-8.94  167  
-8.93  175  
-8.92  172  
-8.91  171  
-8.9  191  
-8.89  170  
-8.88  164  
-8.87  175  
-8.86  209  
-8.85  202  
-8.84  157  
-8.83  173  
-8.82  176  
-8.81  185  
-8.8  188  
-8.79  190  
-8.78  182  
-8.77  178  
-8.76  171  
-8.75  196  
-8.74  162  
-8.73  174  
-8.72  174  
-8.71  182  
-8.7  173  
-8.69  176  
-8.68  187  
-8.67  160  
-8.66  162  
-8.65  164  
-8.64  152  
-8.63  183  
-8.62  176  
-8.61  165  
-8.6  191  
-8.59  181  
-8.58  168  
-8.57  148  
-8.56  173  
-8.55  151  
-8.54  181  
-8.53  155  
-8.52  174  
-8.51  175  
-8.5  154  
-8.49  172  
-8.48  158  
-8.47  163  
-8.46  149  
-8.45  162  
-8.44  150  
-8.43  173  
-8.42  153  
-8.41  152  
-8.4  151  
-8.39  163  
-8.38  160  
-8.37  151  
-8.36  163  
-8.35  165  
-8.34  154  
-8.33  144  
-8.32  149  
-8.31  131  
-8.3  148  
-8.29  140  
-8.28  120  
-8.27  151  
-8.26  154  
-8.25  148  
-8.24  134  
-8.23  127  
-8.22  138  
-8.21  146  
-8.2  162  
-8.19  136  
-8.18  134  
-8.17  153  
-8.16  119  
-8.15  113  
-8.14  155  
-8.13  109  
-8.12  130  
-8.11  126  
-8.1  121  
-8.09  108  
-8.08  120  
-8.07  120  
-8.06  108  
-8.05  131  
-8.04  105  
-8.03  109  
-8.02  108  
-8.01  124  
-8  103  
-7.99  119  
-7.98  96  
-7.97  101  
-7.96  102  
-7.95  115  
-7.94  91  
-7.93  106  
-7.92  112  
-7.91  109  
-7.9  94  
-7.89  108  
-7.88  105  
-7.87  99  
-7.86  93  
-7.85  88  
-7.84  90  
-7.83  86  
-7.82  73  
-7.81  93  
-7.8  81  
-7.79  86  
-7.78  77  
-7.77  86  
-7.76  88  
-7.75  78  
-7.74  78  
-7.73  77  
-7.72  76  
-7.71  72  
-7.7  86  
-7.69  89  
-7.68  81  
-7.67  61  
-7.66  60  
-7.65  67  
-7.64  63  
-7.63  66  
-7.62  68  
-7.61  63  
-7.6  75  
-7.59  73  
-7.58  44  
-7.57  71  
-7.56  58  
-7.55  44  
-7.54  62  
-7.53  54  
-7.52  59  
-7.51  65  
-7.5  67  
-7.49  57  
-7.48  58  
-7.47  46  
-7.46  62  
-7.45  48  
-7.44  52  
-7.43  41  
-7.42  46  
-7.41  39  
-7.4  51  
-7.39  34  
-7.38  36  
-7.37  36  
-7.36  31  
-7.35  40  
-7.34  44  
-7.33  38  
-7.32  37  
-7.31  29  
-7.3  41  
-7.29  31  
-7.28  31  
-7.27  31  
-7.26  38  
-7.25  28  
-7.24  32  
-7.23  21  
-7.22  40  
-7.21  24  
-7.2  29  
-7.19  30  
-7.18  30  
-7.17  23  
-7.16  25  
-7.15  30  
-7.14  22  
-7.13  25  
-7.12  22  
-7.11  27  
-7.1  36  
-7.09  23  
-7.08  18  
-7.07  18  
-7.06  15  
-7.05  19  
-7.04  18  
-7.03  22  
-7.02  14  
-7.01  14  
-7  16  
-6.99  14  
-6.98  15  
-6.97  15  
-6.96  14  
-6.95  15  
-6.94  10  
-6.93  9  
-6.92  3  
-6.91  12  
-6.9  21  
-6.89  13  
-6.88  20  
-6.87  9  
-6.86  14  
-6.85  12  
-6.84  10  
-6.83  9  
-6.82  10  
-6.81  7  
-6.8  6  
-6.79  11  
-6.78  6  
-6.77  9  
-6.76  8  
-6.75  8  
-6.74  9  
-6.73  6  
-6.72  4  
-6.71  8  
-6.7  7  
-6.69  8  
-6.68  9  
-6.67  3  
-6.66  2  
-6.65  5  
-6.64  5  
-6.63  6  
-6.62  5  
-6.61  6  
-6.6  5  
-6.59  8  
-6.58  4  
-6.57  1  
-6.56  8  
-6.55  5  
-6.54  3  
-6.53  5  
-6.52  5  
-6.51  2  
-6.5  5  
-6.49  1  
-6.48  3  
-6.47  2  
-6.46  4  
-6.45  1  
-6.44  1  
-6.43  3  
-6.42  3  
-6.41  2  
-6.4  2  
-6.39  0  
-6.38  5  
-6.37  3  
-6.36  1  
-6.35  0  
-6.34  0  
-6.33  0  
-6.32  0  
-6.31  7  
-6.3  1  
-6.29  0  
-6.28  0  
-6.27  0  
-6.26  0  
-6.25  2  
-6.24  1  
-6.23  1  
-6.22  2  
-6.21  1  
-6.2  1  
-6.19  0  
-6.18  1  
-6.17  2  
-6.16  1  
-6.15  0  
-6.14  1  
-6.13  0  
-6.12  2  
-6.11  0  
-6.1  0  
-6.09  1  
-6.08  0  
-6.07  0  
-6.06  2  
-6.05  1  
-6.04  0  
-6.03  0  
-6.02  1  
-6.01  0  
-6  0  
-5.99  0  
-5.98  0  
-5.97  0  
-5.96  0  
-5.95  0  
-5.94  0  
-5.93  0  
-5.92  0  
-5.91  0  
-5.9  0  
-5.89  0  
-5.88  0  
-5.87  0  
-5.86  0  
-5.85  0  
-5.84  1  
-5.83  0  
-5.82  0  
-5.81  0  
-5.8  0  
-5.79  0  
-5.78  0  
-5.77  0  
-5.76  0  
-5.75  0  
-5.74  0  
-5.73  0  
-5.72  0  
-5.71  0  
-5.7  0  
-5.69  0  
-5.68  1  
-5.67  0  
-5.66  0  
-5.65  0  
-5.64  0  
-5.63  0  
-5.62  0  
-5.61  0  
-5.6  0  
-5.59  0  
-5.58  0  
-5.57  1  
-5.56  0  
-5.55  0  
-5.54  0  
-5.53  0  
-5.52  0  
-5.51  0  
-5.5  0  
-5.49  0  
-5.48  0  
-5.47  0  
-5.46  0  
-5.45  0  
-5.44  0  
-5.43  0  
-5.42  0  
-5.41  0  
-5.4  0  
-5.39  0  
-5.38  0  
-5.37  0  
-5.36  0  
-5.35  0  
-5.34  0  
-5.33  0  
-5.32  0  
-5.31  0  
-5.3  0  
-5.29  0  
-5.28  0  
-5.27  0  
-5.26  0  
-5.25  0  
-5.24  0  
-5.23  0  
-5.22  0  
-5.21  0  
-5.2  0  
-5.19  0  
-5.18  0  
-5.17  0  
-5.16  0  
-5.15  0  
-5.14  0  
-5.13  1  
-5.12  0  
-5.11  0  
-5.1  0  
-5.09  0  
-5.08  0  
-5.07  0  
-5.06  0  
-5.05  0  
-5.04  0  
-5.03  0  
-5.02  0  
-5.01  0  
-5  0  
-4.99  0  
-4.98  0  
-4.97  0  
-4.96  0  
-4.95  0  
-4.94  0  
-4.93  0  
-4.92  0  
-4.91  0  
-4.9  0  
-4.89  0  
-4.88  0  
-4.87  0  
-4.86  0  
-4.85  0  
-4.84  0  
-4.83  0  
-4.82  0  
-4.81  0  
-4.8  0  
-4.79  0  
-4.78  0  
-4.77  0  
-4.76  0  
-4.75  0  
-4.74  0  
-4.73  0  
-4.72  0  
-4.71  0  
-4.7  0  
-4.69  0  
-4.68  0  
-4.67  0  
-4.66  0  
-4.65  0  
-4.64  0  
-4.63  0  
-4.62  0  
-4.61  0  
-4.6  0  
-4.59  0  
-4.58  0  
-4.57  0  
-4.56  0  
-4.55  0  
-4.54  0  
-4.53  0  
-4.52  0  
-4.51  0  
-4.5  0  
-4.49  0  
-4.48  0  
-4.47  0  
-4.46  0  
-4.45  0  
-4.44  0  
-4.43  0  
-4.42  0  
-4.41  0  
-4.4  0  
-4.39  0  
-4.38  0  
-4.37  0  
-4.36  0  
-4.35  0  
-4.34  0  
-4.33  0  
-4.32  0  
-4.31  0  
-4.3  0  
-4.29  0  
-4.28  0  
-4.27  0  
-4.26  0  
-4.25  0  
-4.24  0  
-4.23  0  
-4.22  0  
-4.21  0  
-4.2  0  
-4.19  0  
-4.18  0  
-4.17  0  
-4.16  0  
-4.15  0  
-4.14  0  
-4.13  0  
-4.12  0  
-4.11  0  
-4.1  0  
-4.09  0  
-4.08  0  
-4.07  0  
-4.06  0  
-4.05  0  
-4.04  0  
-4.03  0  
-4.02  0  
-4.01  0  
-4  0  
-3.99  0  
-3.98  0  
-3.97  0  
-3.96  0  
-3.95  0  
-3.94  0  
-3.93  0  
-3.92  0  
-3.91  0  
-3.9  0  
-3.89  0  
-3.88  0  
-3.87  0  
-3.86  0  
-3.85  0  
-3.84  0  
-3.83  0  
-3.82  0  
-3.81  0  
-3.8  0  
-3.79  0  
-3.78  0  
-3.77  0  
-3.76  0  
-3.75  0  
-3.74  0  
-3.73  0  
-3.72  0  
-3.71  0  
-3.7  0  
-3.69  0  
-3.68  0  
-3.67  0  
-3.66  0  
-3.65  0  
-3.64  0  
-3.63  0  
-3.62  0  
-3.61  0  
-3.6  0  
-3.59  0  
-3.58  0  
-3.57  0  
-3.56  0  
-3.55  0  
-3.54  0  
-3.53  0  
-3.52  0  
-3.51  0  
-3.5  0  
-3.49  0  
-3.48  0  
-3.47  0  
-3.46  0  
-3.45  0  
-3.44  0  
-3.43  0  
-3.42  0  
-3.41  0  
-3.4  0  
-3.39  0  
-3.38  0  
-3.37  0  
-3.36  0  
-3.35  0  
-3.34  0  
-3.33  0  
-3.32  0  
-3.31  0  
-3.3  0  
-3.29  0  
-3.28  0  
-3.27  0  
-3.26  0  
-3.25  0  
-3.24  0  
-3.23  0  
-3.22  0  
-3.21  0  
-3.2  0  
-3.19  0  
-3.18  0  
-3.17  0  
-3.16  0  
-3.15  0  
-3.14  0  
-3.13  0  
-3.12  0  
-3.11  0  
-3.1  0  
-3.09  0  
-3.08  0  
-3.07  0  
-3.06  0  
-3.05  0  
-3.04  0  
-3.03  0  
-3.02  0  
-3.01  0  
-3  0  
