10 1002 -13 -3 888  0  177872
-13  5  
-12.99  9  
-12.98  9  
-12.97  9  
-12.96  7  
-12.95  6  
-12.94  6  
-12.93  5  
-12.92  4  
-12.91  7  
-12.9  11  
-12.89  4  
-12.88  7  
-12.87  9  
-12.86  5  
-12.85  5  
-12.84  7  
-12.83  6  
-12.82  3  
-12.81  3  
-12.8  11  
-12.79  3  
-12.78  6  
-12.77  9  
-12.76  10  
-12.75  7  
-12.74  9  
-12.73  10  
-12.72  7  
-12.71  6  
-12.7  11  
-12.69  8  
-12.68  9  
-12.67  10  
-12.66  7  
-12.65  10  
-12.64  8  
-12.63  7  
-12.62  7  
-12.61  12  
-12.6  13  
-12.59  14  
-12.58  5  
-12.57  8  
-12.56  12  
-12.55  16  
-12.54  9  
-12.53  6  
-12.52  9  
-12.51  16  
-12.5  7  
-12.49  6  
-12.48  13  
-12.47  6  
-12.46  16  
-12.45  8  
-12.44  15  
-12.43  10  
-12.42  5  
-12.41  12  
-12.4  8  
-12.39  8  
-12.38  11  
-12.37  10  
-12.36  7  
-12.35  9  
-12.34  13  
-12.33  11  
-12.32  12  
-12.31  9  
-12.3  15  
-12.29  9  
-12.28  7  
-12.27  10  
-12.26  11  
-12.25  11  
-12.24  10  
-12.23  16  
-12.22  19  
-12.21  17  
-12.2  10  
-12.19  7  
-12.18  13  
-12.17  18  
-12.16  15  
-12.15  10  
-12.14  12  
-12.13  15  
-12.12  10  
-12.11  14  
-12.1  11  
-12.09  10  
-12.08  17  
-12.07  10  
-12.06  17  
-12.05  18  
-12.04  17  
-12.03  14  
-12.02  13  
-12.01  15  
-12  17  
-11.99  15  
-11.98  20  
-11.97  12  
-11.96  20  
-11.95  18  
-11.94  22  
-11.93  27  
-11.92  20  
-11.91  16  
-11.9  14  
-11.89  15  
-11.88  15  
-11.87  17  
-11.86  24  
-11.85  26  
-11.84  21  
-11.83  13  
-11.82  22  
-11.81  15  
-11.8  14  
-11.79  14  
-11.78  21  
-11.77  22  
-11.76  22  
-11.75  16  
-11.74  21  
-11.73  21  
-11.72  26  
-11.71  29  
-11.7  22  
-11.69  13  
-11.68  16  
-11.67  23  
-11.66  30  
-11.65  29  
-11.64  25  
-11.63  21  
-11.62  26  
-11.61  22  
-11.6  23  
-11.59  32  
-11.58  20  
-11.57  23  
-11.56  19  
-11.55  37  
-11.54  30  
-11.53  38  
-11.52  39  
-11.51  31  
-11.5  23  
-11.49  26  
-11.48  31  
-11.47  31  
-11.46  32  
-11.45  37  
-11.44  30  
-11.43  33  
-11.42  28  
-11.41  32  
-11.4  44  
-11.39  31  
-11.38  42  
-11.37  36  
-11.36  28  
-11.35  28  
-11.34  38  
-11.33  44  
-11.32  42  
-11.31  33  
-11.3  37  
-11.29  36  
-11.28  36  
-11.27  31  
-11.26  32  
-11.25  49  
-11.24  34  
-11.23  41  
-11.22  42  
-11.21  51  
-11.2  41  
-11.19  35  
-11.18  50  
-11.17  46  
-11.16  43  
-11.15  48  
-11.14  49  
-11.13  64  
-11.12  53  
-11.11  48  
-11.1  58  
-11.09  46  
-11.08  60  
-11.07  58  
-11.06  50  
-11.05  44  
-11.04  49  
-11.03  59  
-11.02  65  
-11.01  60  
-11  57  
-10.99  59  
-10.98  57  
-10.97  60  
-10.96  72  
-10.95  71  
-10.94  47  
-10.93  72  
-10.92  71  
-10.91  67  
-10.9  77  
-10.89  82  
-10.88  82  
-10.87  57  
-10.86  70  
-10.85  79  
-10.84  87  
-10.83  81  
-10.82  68  
-10.81  82  
-10.8  71  
-10.79  86  
-10.78  90  
-10.77  87  
-10.76  83  
-10.75  89  
-10.74  87  
-10.73  94  
-10.72  87  
-10.71  102  
-10.7  89  
-10.69  121  
-10.68  95  
-10.67  99  
-10.66  109  
-10.65  92  
-10.64  116  
-10.63  122  
-10.62  102  
-10.61  127  
-10.6  122  
-10.59  110  
-10.58  107  
-10.57  102  
-10.56  118  
-10.55  98  
-10.54  134  
-10.53  111  
-10.52  120  
-10.51  148  
-10.5  121  
-10.49  114  
-10.48  129  
-10.47  136  
-10.46  127  
-10.45  143  
-10.44  134  
-10.43  144  
-10.42  125  
-10.41  131  
-10.4  166  
-10.39  156  
-10.38  142  
-10.37  146  
-10.36  155  
-10.35  142  
-10.34  157  
-10.33  177  
-10.32  178  
-10.31  158  
-10.3  131  
-10.29  165  
-10.28  178  
-10.27  163  
-10.26  177  
-10.25  155  
-10.24  176  
-10.23  182  
-10.22  150  
-10.21  187  
-10.2  198  
-10.19  202  
-10.18  187  
-10.17  214  
-10.16  186  
-10.15  164  
-10.14  183  
-10.13  221  
-10.12  188  
-10.11  209  
-10.1  219  
-10.09  208  
-10.08  221  
-10.07  208  
-10.06  211  
-10.05  202  
-10.04  195  
-10.03  246  
-10.02  233  
-10.01  216  
-10  231  
-9.99  219  
-9.98  227  
-9.97  242  
-9.96  242  
-9.95  259  
-9.94  254  
-9.93  281  
-9.92  263  
-9.91  242  
-9.9  239  
-9.89  252  
-9.88  274  
-9.87  280  
-9.86  266  
-9.85  290  
-9.84  239  
-9.83  255  
-9.82  292  
-9.81  317  
-9.8  291  
-9.79  262  
-9.78  259  
-9.77  247  
-9.76  278  
-9.75  300  
-9.74  303  
-9.73  282  
-9.72  294  
-9.71  317  
-9.7  301  
-9.69  300  
-9.68  325  
-9.67  297  
-9.66  336  
-9.65  308  
-9.64  294  
-9.63  306  
-9.62  340  
-9.61  313  
-9.6  336  
-9.59  334  
-9.58  335  
-9.57  339  
-9.56  341  
-9.55  329  
-9.54  344  
-9.53  365  
-9.52  334  
-9.51  359  
-9.5  327  
-9.49  343  
-9.48  356  
-9.47  353  
-9.46  348  
-9.45  338  
-9.44  345  
-9.43  391  
-9.42  345  
-9.41  364  
-9.4  397  
-9.39  364  
-9.38  372  
-9.37  355  
-9.36  370  
-9.35  341  
-9.34  375  
-9.33  371  
-9.32  338  
-9.31  384  
-9.3  361  
-9.29  398  
-9.28  344  
-9.27  376  
-9.26  377  
-9.25  377  
-9.24  394  
-9.23  382  
-9.22  394  
-9.21  391  
-9.2  379  
-9.19  346  
-9.18  345  
-9.17  381  
-9.16  382  
-9.15  367  
-9.14  384  
-9.13  384  
-9.12  384  
-9.11  404  
-9.1  406  
-9.09  411  
-9.08  383  
-9.07  387  
-9.06  377  
-9.05  381  
-9.04  392  
-9.03  369  
-9.02  410  
-9.01  383  
-9  358  
-8.99  395  
-8.98  352  
-8.97  403  
-8.96  403  
-8.95  408  
-8.94  389  
-8.93  381  
-8.92  386  
-8.91  381  
-8.9  391  
-8.89  368  
-8.88  366  
-8.87  389  
-8.86  373  
-8.85  384  
-8.84  372  
-8.83  318  
-8.82  368  
-8.81  377  
-8.8  335  
-8.79  381  
-8.78  339  
-8.77  323  
-8.76  355  
-8.75  367  
-8.74  343  
-8.73  382  
-8.72  349  
-8.71  354  
-8.7  339  
-8.69  352  
-8.68  324  
-8.67  319  
-8.66  338  
-8.65  328  
-8.64  304  
-8.63  334  
-8.62  352  
-8.61  306  
-8.6  296  
-8.59  324  
-8.58  306  
-8.57  284  
-8.56  299  
-8.55  282  
-8.54  313  
-8.53  279  
-8.52  319  
-8.51  258  
-8.5  269  
-8.49  277  
-8.48  285  
-8.47  246  
-8.46  234  
-8.45  267  
-8.44  237  
-8.43  221  
-8.42  255  
-8.41  259  
-8.4  232  
-8.39  219  
-8.38  171  
-8.37  202  
-8.36  231  
-8.35  203  
-8.34  208  
-8.33  212  
-8.32  199  
-8.31  195  
-8.3  185  
-8.29  208  
-8.28  200  
-8.27  191  
-8.26  171  
-8.25  165  
-8.24  155  
-8.23  167  
-8.22  155  
-8.21  170  
-8.2  189  
-8.19  156  
-8.18  155  
-8.17  150  
-8.16  154  
-8.15  138  
-8.14  137  
-8.13  134  
-8.12  121  
-8.11  141  
-8.1  125  
-8.09  121  
-8.08  111  
-8.07  108  
-8.06  104  
-8.05  117  
-8.04  99  
-8.03  97  
-8.02  101  
-8.01  108  
-8  100  
-7.99  93  
-7.98  98  
-7.97  76  
-7.96  82  
-7.95  82  
-7.94  85  
-7.93  73  
-7.92  84  
-7.91  87  
-7.9  70  
-7.89  53  
-7.88  54  
-7.87  70  
-7.86  64  
-7.85  48  
-7.84  46  
-7.83  47  
-7.82  47  
-7.81  53  
-7.8  47  
-7.79  46  
-7.78  46  
-7.77  40  
-7.76  36  
-7.75  45  
-7.74  22  
-7.73  39  
-7.72  40  
-7.71  27  
-7.7  23  
-7.69  24  
-7.68  30  
-7.67  26  
-7.66  17  
-7.65  19  
-7.64  22  
-7.63  19  
-7.62  18  
-7.61  18  
-7.6  19  
-7.59  13  
-7.58  19  
-7.57  14  
-7.56  13  
-7.55  14  
-7.54  17  
-7.53  14  
-7.52  8  
-7.51  8  
-7.5  11  
-7.49  10  
-7.48  12  
-7.47  12  
-7.46  5  
-7.45  5  
-7.44  5  
-7.43  8  
-7.42  5  
-7.41  5  
-7.4  3  
-7.39  8  
-7.38  4  
-7.37  6  
-7.36  5  
-7.35  5  
-7.34  3  
-7.33  4  
-7.32  2  
-7.31  1  
-7.3  4  
-7.29  1  
-7.28  2  
-7.27  0  
-7.26  2  
-7.25  0  
-7.24  3  
-7.23  2  
-7.22  2  
-7.21  0  
-7.2  3  
-7.19  0  
-7.18  4  
-7.17  1  
-7.16  1  
-7.15  1  
-7.14  0  
-7.13  1  
-7.12  0  
-7.11  0  
-7.1  0  
-7.09  0  
-7.08  2  
-7.07  2  
-7.06  1  
-7.05  1  
-7.04  3  
-7.03  1  
-7.02  0  
-7.01  0  
-7  0  
-6.99  0  
-6.98  0  
-6.97  0  
-6.96  1  
-6.95  0  
-6.94  0  
-6.93  0  
-6.92  0  
-6.91  0  
-6.9  0  
-6.89  0  
-6.88  0  
-6.87  0  
-6.86  0  
-6.85  0  
-6.84  0  
-6.83  0  
-6.82  0  
-6.81  0  
-6.8  0  
-6.79  0  
-6.78  1  
-6.77  0  
-6.76  0  
-6.75  0  
-6.74  0  
-6.73  0  
-6.72  0  
-6.71  0  
-6.7  0  
-6.69  0  
-6.68  0  
-6.67  0  
-6.66  0  
-6.65  0  
-6.64  0  
-6.63  0  
-6.62  0  
-6.61  0  
-6.6  0  
-6.59  0  
-6.58  0  
-6.57  0  
-6.56  0  
-6.55  0  
-6.54  0  
-6.53  0  
-6.52  0  
-6.51  0  
-6.5  0  
-6.49  0  
-6.48  0  
-6.47  0  
-6.46  0  
-6.45  0  
-6.44  0  
-6.43  0  
-6.42  0  
-6.41  0  
-6.4  0  
-6.39  0  
-6.38  0  
-6.37  0  
-6.36  0  
-6.35  0  
-6.34  0  
-6.33  0  
-6.32  0  
-6.31  0  
-6.3  0  
-6.29  0  
-6.28  0  
-6.27  0  
-6.26  0  
-6.25  0  
-6.24  0  
-6.23  0  
-6.22  0  
-6.21  0  
-6.2  0  
-6.19  0  
-6.18  0  
-6.17  0  
-6.16  0  
-6.15  0  
-6.14  0  
-6.13  0  
-6.12  0  
-6.11  0  
-6.1  0  
-6.09  0  
-6.08  0  
-6.07  0  
-6.06  0  
-6.05  0  
-6.04  0  
-6.03  0  
-6.02  0  
-6.01  0  
-6  0  
-5.99  0  
-5.98  0  
-5.97  0  
-5.96  0  
-5.95  0  
-5.94  0  
-5.93  0  
-5.92  0  
-5.91  0  
-5.9  0  
-5.89  0  
-5.88  0  
-5.87  0  
-5.86  0  
-5.85  0  
-5.84  0  
-5.83  0  
-5.82  0  
-5.81  0  
-5.8  0  
-5.79  0  
-5.78  0  
-5.77  0  
-5.76  0  
-5.75  0  
-5.74  0  
-5.73  0  
-5.72  0  
-5.71  0  
-5.7  0  
-5.69  0  
-5.68  0  
-5.67  0  
-5.66  0  
-5.65  0  
-5.64  0  
-5.63  0  
-5.62  0  
-5.61  0  
-5.6  0  
-5.59  0  
-5.58  0  
-5.57  0  
-5.56  0  
-5.55  0  
-5.54  0  
-5.53  0  
-5.52  0  
-5.51  0  
-5.5  0  
-5.49  0  
-5.48  0  
-5.47  0  
-5.46  0  
-5.45  0  
-5.44  0  
-5.43  0  
-5.42  0  
-5.41  0  
-5.4  0  
-5.39  0  
-5.38  0  
-5.37  0  
-5.36  0  
-5.35  0  
-5.34  0  
-5.33  0  
-5.32  0  
-5.31  0  
-5.3  0  
-5.29  0  
-5.28  0  
-5.27  0  
-5.26  0  
-5.25  0  
-5.24  0  
-5.23  0  
-5.22  0  
-5.21  0  
-5.2  0  
-5.19  0  
-5.18  0  
-5.17  0  
-5.16  0  
-5.15  0  
-5.14  0  
-5.13  0  
-5.12  0  
-5.11  0  
-5.1  0  
-5.09  0  
-5.08  0  
-5.07  0  
-5.06  0  
-5.05  0  
-5.04  0  
-5.03  0  
-5.02  0  
-5.01  0  
-5  0  
-4.99  0  
-4.98  0  
-4.97  0  
-4.96  0  
-4.95  0  
-4.94  0  
-4.93  0  
-4.92  0  
-4.91  0  
-4.9  0  
-4.89  0  
-4.88  0  
-4.87  0  
-4.86  0  
-4.85  0  
-4.84  0  
-4.83  0  
-4.82  0  
-4.81  0  
-4.8  0  
-4.79  0  
-4.78  0  
-4.77  0  
-4.76  0  
-4.75  0  
-4.74  0  
-4.73  0  
-4.72  0  
-4.71  0  
-4.7  0  
-4.69  0  
-4.68  0  
-4.67  0  
-4.66  0  
-4.65  0  
-4.64  0  
-4.63  0  
-4.62  0  
-4.61  0  
-4.6  0  
-4.59  0  
-4.58  0  
-4.57  0  
-4.56  0  
-4.55  0  
-4.54  0  
-4.53  0  
-4.52  0  
-4.51  0  
-4.5  0  
-4.49  0  
-4.48  0  
-4.47  0  
-4.46  0  
-4.45  0  
-4.44  0  
-4.43  0  
-4.42  0  
-4.41  0  
-4.4  0  
-4.39  0  
-4.38  0  
-4.37  0  
-4.36  0  
-4.35  0  
-4.34  0  
-4.33  0  
-4.32  0  
-4.31  0  
-4.3  0  
-4.29  0  
-4.28  0  
-4.27  0  
-4.26  0  
-4.25  0  
-4.24  0  
-4.23  0  
-4.22  0  
-4.21  0  
-4.2  0  
-4.19  0  
-4.18  0  
-4.17  0  
-4.16  0  
-4.15  0  
-4.14  0  
-4.13  0  
-4.12  0  
-4.11  0  
-4.1  0  
-4.09  0  
-4.08  0  
-4.07  0  
-4.06  0  
-4.05  0  
-4.04  0  
-4.03  0  
-4.02  0  
-4.01  0  
-4  0  
-3.99  0  
-3.98  0  
-3.97  0  
-3.96  0  
-3.95  0  
-3.94  0  
-3.93  0  
-3.92  0  
-3.91  0  
-3.9  0  
-3.89  0  
-3.88  0  
-3.87  0  
-3.86  0  
-3.85  0  
-3.84  0  
-3.83  0  
-3.82  0  
-3.81  0  
-3.8  0  
-3.79  0  
-3.78  0  
-3.77  0  
-3.76  0  
-3.75  0  
-3.74  0  
-3.73  0  
-3.72  0  
-3.71  0  
-3.7  0  
-3.69  0  
-3.68  0  
-3.67  0  
-3.66  0  
-3.65  0  
-3.64  0  
-3.63  0  
-3.62  0  
-3.61  0  
-3.6  0  
-3.59  0  
-3.58  0  
-3.57  0  
-3.56  0  
-3.55  0  
-3.54  0  
-3.53  0  
-3.52  0  
-3.51  0  
-3.5  0  
-3.49  0  
-3.48  0  
-3.47  0  
-3.46  0  
-3.45  0  
-3.44  0  
-3.43  0  
-3.42  0  
-3.41  0  
-3.4  0  
-3.39  0  
-3.38  0  
-3.37  0  
-3.36  0  
-3.35  0  
-3.34  0  
-3.33  0  
-3.32  0  
-3.31  0  
-3.3  0  
-3.29  0  
-3.28  0  
-3.27  0  
-3.26  0  
-3.25  0  
-3.24  0  
-3.23  0  
-3.22  0  
-3.21  0  
-3.2  0  
-3.19  0  
-3.18  0  
-3.17  0  
-3.16  0  
-3.15  0  
-3.14  0  
-3.13  0  
-3.12  0  
-3.11  0  
-3.1  0  
-3.09  0  
-3.08  0  
-3.07  0  
-3.06  0  
-3.05  0  
-3.04  0  
-3.03  0  
-3.02  0  
-3.01  0  
-3  0  
