10 1002 -12 -2 4677  0  152062
-12  32  
-11.99  35  
-11.98  31  
-11.97  31  
-11.96  38  
-11.95  38  
-11.94  27  
-11.93  36  
-11.92  39  
-11.91  36  
-11.9  34  
-11.89  32  
-11.88  45  
-11.87  37  
-11.86  33  
-11.85  36  
-11.84  32  
-11.83  35  
-11.82  37  
-11.81  40  
-11.8  39  
-11.79  33  
-11.78  31  
-11.77  28  
-11.76  32  
-11.75  48  
-11.74  39  
-11.73  32  
-11.72  38  
-11.71  41  
-11.7  39  
-11.69  28  
-11.68  43  
-11.67  42  
-11.66  46  
-11.65  29  
-11.64  40  
-11.63  36  
-11.62  43  
-11.61  36  
-11.6  31  
-11.59  24  
-11.58  44  
-11.57  30  
-11.56  38  
-11.55  38  
-11.54  40  
-11.53  40  
-11.52  37  
-11.51  39  
-11.5  45  
-11.49  37  
-11.48  52  
-11.47  37  
-11.46  39  
-11.45  35  
-11.44  37  
-11.43  47  
-11.42  48  
-11.41  45  
-11.4  42  
-11.39  46  
-11.38  36  
-11.37  37  
-11.36  48  
-11.35  51  
-11.34  40  
-11.33  35  
-11.32  42  
-11.31  42  
-11.3  38  
-11.29  47  
-11.28  42  
-11.27  50  
-11.26  46  
-11.25  64  
-11.24  42  
-11.23  39  
-11.22  41  
-11.21  42  
-11.2  41  
-11.19  41  
-11.18  43  
-11.17  64  
-11.16  42  
-11.15  47  
-11.14  55  
-11.13  58  
-11.12  38  
-11.11  52  
-11.1  42  
-11.09  52  
-11.08  50  
-11.07  54  
-11.06  54  
-11.05  48  
-11.04  51  
-11.03  42  
-11.02  52  
-11.01  36  
-11  48  
-10.99  48  
-10.98  67  
-10.97  44  
-10.96  53  
-10.95  47  
-10.94  43  
-10.93  62  
-10.92  59  
-10.91  49  
-10.9  43  
-10.89  55  
-10.88  63  
-10.87  69  
-10.86  56  
-10.85  55  
-10.84  55  
-10.83  75  
-10.82  52  
-10.81  58  
-10.8  49  
-10.79  56  
-10.78  65  
-10.77  71  
-10.76  51  
-10.75  66  
-10.74  62  
-10.73  62  
-10.72  58  
-10.71  62  
-10.7  63  
-10.69  57  
-10.68  83  
-10.67  70  
-10.66  53  
-10.65  49  
-10.64  67  
-10.63  56  
-10.62  51  
-10.61  70  
-10.6  56  
-10.59  50  
-10.58  60  
-10.57  69  
-10.56  64  
-10.55  58  
-10.54  57  
-10.53  71  
-10.52  70  
-10.51  64  
-10.5  52  
-10.49  63  
-10.48  77  
-10.47  56  
-10.46  81  
-10.45  63  
-10.44  66  
-10.43  82  
-10.42  81  
-10.41  61  
-10.4  95  
-10.39  62  
-10.38  74  
-10.37  81  
-10.36  75  
-10.35  70  
-10.34  74  
-10.33  66  
-10.32  75  
-10.31  77  
-10.3  76  
-10.29  72  
-10.28  72  
-10.27  95  
-10.26  63  
-10.25  76  
-10.24  70  
-10.23  74  
-10.22  73  
-10.21  70  
-10.2  83  
-10.19  73  
-10.18  72  
-10.17  69  
-10.16  86  
-10.15  77  
-10.14  76  
-10.13  90  
-10.12  85  
-10.11  76  
-10.1  67  
-10.09  89  
-10.08  76  
-10.07  69  
-10.06  82  
-10.05  71  
-10.04  94  
-10.03  97  
-10.02  80  
-10.01  71  
-10  77  
-9.99  96  
-9.98  80  
-9.97  93  
-9.96  89  
-9.95  89  
-9.94  101  
-9.93  105  
-9.92  84  
-9.91  89  
-9.9  93  
-9.89  108  
-9.88  81  
-9.87  83  
-9.86  90  
-9.85  85  
-9.84  101  
-9.83  108  
-9.82  101  
-9.81  96  
-9.8  109  
-9.79  81  
-9.78  123  
-9.77  104  
-9.76  88  
-9.75  76  
-9.74  122  
-9.73  96  
-9.72  110  
-9.71  91  
-9.7  118  
-9.69  109  
-9.68  114  
-9.67  115  
-9.66  95  
-9.65  99  
-9.64  97  
-9.63  108  
-9.62  100  
-9.61  107  
-9.6  124  
-9.59  127  
-9.58  113  
-9.57  140  
-9.56  113  
-9.55  109  
-9.54  119  
-9.53  125  
-9.52  117  
-9.51  122  
-9.5  134  
-9.49  124  
-9.48  129  
-9.47  148  
-9.46  125  
-9.45  121  
-9.44  127  
-9.43  148  
-9.42  112  
-9.41  121  
-9.4  151  
-9.39  121  
-9.38  126  
-9.37  135  
-9.36  140  
-9.35  143  
-9.34  145  
-9.33  126  
-9.32  132  
-9.31  148  
-9.3  152  
-9.29  145  
-9.28  145  
-9.27  145  
-9.26  159  
-9.25  141  
-9.24  159  
-9.23  148  
-9.22  147  
-9.21  153  
-9.2  177  
-9.19  158  
-9.18  172  
-9.17  145  
-9.16  154  
-9.15  178  
-9.14  172  
-9.13  158  
-9.12  161  
-9.11  178  
-9.1  178  
-9.09  165  
-9.08  178  
-9.07  146  
-9.06  196  
-9.05  193  
-9.04  193  
-9.03  172  
-9.02  224  
-9.01  189  
-9  207  
-8.99  182  
-8.98  161  
-8.97  185  
-8.96  212  
-8.95  194  
-8.94  178  
-8.93  196  
-8.92  214  
-8.91  221  
-8.9  200  
-8.89  212  
-8.88  180  
-8.87  215  
-8.86  204  
-8.85  195  
-8.84  246  
-8.83  218  
-8.82  201  
-8.81  217  
-8.8  199  
-8.79  205  
-8.78  223  
-8.77  221  
-8.76  243  
-8.75  231  
-8.74  215  
-8.73  234  
-8.72  247  
-8.71  212  
-8.7  260  
-8.69  213  
-8.68  241  
-8.67  243  
-8.66  241  
-8.65  238  
-8.64  263  
-8.63  239  
-8.62  270  
-8.61  242  
-8.6  262  
-8.59  235  
-8.58  253  
-8.57  273  
-8.56  271  
-8.55  294  
-8.54  246  
-8.53  267  
-8.52  245  
-8.51  258  
-8.5  278  
-8.49  277  
-8.48  289  
-8.47  289  
-8.46  256  
-8.45  280  
-8.44  287  
-8.43  270  
-8.42  281  
-8.41  285  
-8.4  282  
-8.39  282  
-8.38  308  
-8.37  278  
-8.36  290  
-8.35  316  
-8.34  263  
-8.33  311  
-8.32  325  
-8.31  296  
-8.3  310  
-8.29  293  
-8.28  289  
-8.27  296  
-8.26  299  
-8.25  298  
-8.24  310  
-8.23  308  
-8.22  316  
-8.21  303  
-8.2  328  
-8.19  305  
-8.18  349  
-8.17  328  
-8.16  311  
-8.15  332  
-8.14  306  
-8.13  367  
-8.12  313  
-8.11  326  
-8.1  300  
-8.09  330  
-8.08  317  
-8.07  349  
-8.06  320  
-8.05  311  
-8.04  311  
-8.03  371  
-8.02  341  
-8.01  348  
-8  321  
-7.99  324  
-7.98  317  
-7.97  312  
-7.96  360  
-7.95  333  
-7.94  320  
-7.93  329  
-7.92  335  
-7.91  358  
-7.9  277  
-7.89  328  
-7.88  306  
-7.87  340  
-7.86  329  
-7.85  284  
-7.84  310  
-7.83  314  
-7.82  317  
-7.81  301  
-7.8  323  
-7.79  295  
-7.78  315  
-7.77  303  
-7.76  293  
-7.75  308  
-7.74  318  
-7.73  288  
-7.72  303  
-7.71  309  
-7.7  278  
-7.69  286  
-7.68  280  
-7.67  268  
-7.66  319  
-7.65  301  
-7.64  294  
-7.63  254  
-7.62  311  
-7.61  288  
-7.6  244  
-7.59  251  
-7.58  242  
-7.57  274  
-7.56  257  
-7.55  270  
-7.54  251  
-7.53  247  
-7.52  261  
-7.51  250  
-7.5  228  
-7.49  253  
-7.48  240  
-7.47  247  
-7.46  210  
-7.45  213  
-7.44  206  
-7.43  208  
-7.42  218  
-7.41  230  
-7.4  193  
-7.39  218  
-7.38  222  
-7.37  202  
-7.36  190  
-7.35  209  
-7.34  178  
-7.33  215  
-7.32  170  
-7.31  168  
-7.3  176  
-7.29  170  
-7.28  177  
-7.27  171  
-7.26  142  
-7.25  164  
-7.24  153  
-7.23  156  
-7.22  154  
-7.21  140  
-7.2  137  
-7.19  127  
-7.18  142  
-7.17  130  
-7.16  130  
-7.15  118  
-7.14  115  
-7.13  137  
-7.12  107  
-7.11  103  
-7.1  113  
-7.09  99  
-7.08  112  
-7.07  90  
-7.06  95  
-7.05  106  
-7.04  94  
-7.03  92  
-7.02  84  
-7.01  74  
-7  82  
-6.99  83  
-6.98  71  
-6.97  65  
-6.96  76  
-6.95  70  
-6.94  65  
-6.93  68  
-6.92  58  
-6.91  57  
-6.9  69  
-6.89  79  
-6.88  61  
-6.87  60  
-6.86  49  
-6.85  54  
-6.84  58  
-6.83  58  
-6.82  54  
-6.81  38  
-6.8  38  
-6.79  35  
-6.78  46  
-6.77  53  
-6.76  38  
-6.75  32  
-6.74  28  
-6.73  36  
-6.72  34  
-6.71  25  
-6.7  21  
-6.69  33  
-6.68  29  
-6.67  22  
-6.66  24  
-6.65  21  
-6.64  27  
-6.63  18  
-6.62  13  
-6.61  21  
-6.6  20  
-6.59  19  
-6.58  22  
-6.57  18  
-6.56  13  
-6.55  15  
-6.54  13  
-6.53  15  
-6.52  13  
-6.51  11  
-6.5  9  
-6.49  5  
-6.48  11  
-6.47  11  
-6.46  11  
-6.45  16  
-6.44  11  
-6.43  6  
-6.42  4  
-6.41  9  
-6.4  3  
-6.39  6  
-6.38  6  
-6.37  6  
-6.36  8  
-6.35  3  
-6.34  0  
-6.33  4  
-6.32  7  
-6.31  5  
-6.3  1  
-6.29  3  
-6.28  6  
-6.27  8  
-6.26  3  
-6.25  3  
-6.24  0  
-6.23  6  
-6.22  3  
-6.21  2  
-6.2  0  
-6.19  3  
-6.18  2  
-6.17  0  
-6.16  2  
-6.15  3  
-6.14  3  
-6.13  1  
-6.12  2  
-6.11  1  
-6.1  1  
-6.09  0  
-6.08  0  
-6.07  1  
-6.06  1  
-6.05  1  
-6.04  1  
-6.03  2  
-6.02  1  
-6.01  0  
-6  0  
-5.99  0  
-5.98  1  
-5.97  0  
-5.96  0  
-5.95  1  
-5.94  0  
-5.93  0  
-5.92  0  
-5.91  1  
-5.9  0  
-5.89  0  
-5.88  0  
-5.87  0  
-5.86  0  
-5.85  0  
-5.84  1  
-5.83  1  
-5.82  1  
-5.81  0  
-5.8  0  
-5.79  0  
-5.78  0  
-5.77  0  
-5.76  0  
-5.75  0  
-5.74  0  
-5.73  0  
-5.72  1  
-5.71  0  
-5.7  0  
-5.69  0  
-5.68  0  
-5.67  0  
-5.66  0  
-5.65  0  
-5.64  0  
-5.63  0  
-5.62  0  
-5.61  0  
-5.6  0  
-5.59  0  
-5.58  0  
-5.57  0  
-5.56  0  
-5.55  0  
-5.54  0  
-5.53  0  
-5.52  0  
-5.51  0  
-5.5  0  
-5.49  0  
-5.48  0  
-5.47  0  
-5.46  0  
-5.45  0  
-5.44  0  
-5.43  0  
-5.42  0  
-5.41  0  
-5.4  0  
-5.39  0  
-5.38  0  
-5.37  0  
-5.36  0  
-5.35  0  
-5.34  0  
-5.33  0  
-5.32  0  
-5.31  0  
-5.3  0  
-5.29  0  
-5.28  0  
-5.27  0  
-5.26  0  
-5.25  0  
-5.24  0  
-5.23  0  
-5.22  0  
-5.21  0  
-5.2  0  
-5.19  0  
-5.18  0  
-5.17  0  
-5.16  0  
-5.15  0  
-5.14  0  
-5.13  0  
-5.12  0  
-5.11  0  
-5.1  0  
-5.09  0  
-5.08  0  
-5.07  0  
-5.06  0  
-5.05  0  
-5.04  0  
-5.03  0  
-5.02  0  
-5.01  0  
-5  0  
-4.99  0  
-4.98  0  
-4.97  0  
-4.96  0  
-4.95  0  
-4.94  0  
-4.93  0  
-4.92  0  
-4.91  0  
-4.9  0  
-4.89  0  
-4.88  0  
-4.87  0  
-4.86  0  
-4.85  0  
-4.84  0  
-4.83  0  
-4.82  0  
-4.81  0  
-4.8  0  
-4.79  0  
-4.78  0  
-4.77  0  
-4.76  0  
-4.75  0  
-4.74  0  
-4.73  0  
-4.72  0  
-4.71  0  
-4.7  0  
-4.69  0  
-4.68  0  
-4.67  0  
-4.66  0  
-4.65  0  
-4.64  0  
-4.63  0  
-4.62  0  
-4.61  0  
-4.6  0  
-4.59  0  
-4.58  0  
-4.57  0  
-4.56  0  
-4.55  0  
-4.54  0  
-4.53  0  
-4.52  0  
-4.51  0  
-4.5  0  
-4.49  0  
-4.48  0  
-4.47  0  
-4.46  0  
-4.45  0  
-4.44  0  
-4.43  0  
-4.42  0  
-4.41  0  
-4.4  0  
-4.39  0  
-4.38  0  
-4.37  0  
-4.36  0  
-4.35  0  
-4.34  0  
-4.33  0  
-4.32  0  
-4.31  0  
-4.3  0  
-4.29  0  
-4.28  0  
-4.27  0  
-4.26  0  
-4.25  0  
-4.24  0  
-4.23  0  
-4.22  0  
-4.21  0  
-4.2  0  
-4.19  0  
-4.18  0  
-4.17  0  
-4.16  0  
-4.15  0  
-4.14  0  
-4.13  0  
-4.12  0  
-4.11  0  
-4.1  0  
-4.09  0  
-4.08  0  
-4.07  0  
-4.06  0  
-4.05  0  
-4.04  0  
-4.03  0  
-4.02  0  
-4.01  0  
-4  0  
-3.99  0  
-3.98  0  
-3.97  0  
-3.96  0  
-3.95  0  
-3.94  0  
-3.93  0  
-3.92  0  
-3.91  0  
-3.9  0  
-3.89  0  
-3.88  0  
-3.87  0  
-3.86  0  
-3.85  0  
-3.84  0  
-3.83  0  
-3.82  0  
-3.81  0  
-3.8  0  
-3.79  0  
-3.78  0  
-3.77  0  
-3.76  0  
-3.75  0  
-3.74  0  
-3.73  0  
-3.72  0  
-3.71  0  
-3.7  0  
-3.69  0  
-3.68  0  
-3.67  0  
-3.66  0  
-3.65  0  
-3.64  0  
-3.63  0  
-3.62  0  
-3.61  0  
-3.6  0  
-3.59  0  
-3.58  0  
-3.57  0  
-3.56  0  
-3.55  0  
-3.54  0  
-3.53  0  
-3.52  0  
-3.51  0  
-3.5  0  
-3.49  0  
-3.48  0  
-3.47  0  
-3.46  0  
-3.45  0  
-3.44  0  
-3.43  0  
-3.42  0  
-3.41  0  
-3.4  0  
-3.39  0  
-3.38  0  
-3.37  0  
-3.36  0  
-3.35  0  
-3.34  0  
-3.33  0  
-3.32  0  
-3.31  0  
-3.3  0  
-3.29  0  
-3.28  0  
-3.27  0  
-3.26  0  
-3.25  0  
-3.24  0  
-3.23  0  
-3.22  0  
-3.21  0  
-3.2  0  
-3.19  0  
-3.18  0  
-3.17  0  
-3.16  0  
-3.15  0  
-3.14  0  
-3.13  0  
-3.12  0  
-3.11  0  
-3.1  0  
-3.09  0  
-3.08  0  
-3.07  0  
-3.06  0  
-3.05  0  
-3.04  0  
-3.03  0  
-3.02  0  
-3.01  0  
-3  0  
-2.99  0  
-2.98  0  
-2.97  0  
-2.96  0  
-2.95  0  
-2.94  0  
-2.93  0  
-2.92  0  
-2.91  0  
-2.9  0  
-2.89  0  
-2.88  0  
-2.87  0  
-2.86  0  
-2.85  0  
-2.84  0  
-2.83  0  
-2.82  0  
-2.81  0  
-2.8  0  
-2.79  0  
-2.78  0  
-2.77  0  
-2.76  0  
-2.75  0  
-2.74  0  
-2.73  0  
-2.72  0  
-2.71  0  
-2.7  0  
-2.69  0  
-2.68  0  
-2.67  0  
-2.66  0  
-2.65  0  
-2.64  0  
-2.63  0  
-2.62  0  
-2.61  0  
-2.6  0  
-2.59  0  
-2.58  0  
-2.57  0  
-2.56  0  
-2.55  0  
-2.54  0  
-2.53  0  
-2.52  0  
-2.51  0  
-2.5  0  
-2.49  0  
-2.48  0  
-2.47  0  
-2.46  0  
-2.45  0  
-2.44  0  
-2.43  0  
-2.42  0  
-2.41  0  
-2.4  0  
-2.39  0  
-2.38  0  
-2.37  0  
-2.36  0  
-2.35  0  
-2.34  0  
-2.33  0  
-2.32  0  
-2.31  0  
-2.3  0  
-2.29  0  
-2.28  0  
-2.27  0  
-2.26  0  
-2.25  0  
-2.24  0  
-2.23  0  
-2.22  0  
-2.21  0  
-2.2  0  
-2.19  0  
-2.18  0  
-2.17  0  
-2.16  0  
-2.15  0  
-2.14  0  
-2.13  0  
-2.12  0  
-2.11  0  
-2.1  0  
-2.09  0  
-2.08  0  
-2.07  0  
-2.06  0  
-2.05  0  
-2.04  0  
-2.03  0  
-2.02  0  
-2.01  0  
-2  0  
