10 1002 -12 -2 3053  0  152062
-12  25  
-11.99  35  
-11.98  23  
-11.97  20  
-11.96  24  
-11.95  31  
-11.94  23  
-11.93  36  
-11.92  25  
-11.91  31  
-11.9  15  
-11.89  22  
-11.88  19  
-11.87  24  
-11.86  27  
-11.85  28  
-11.84  22  
-11.83  21  
-11.82  33  
-11.81  31  
-11.8  39  
-11.79  33  
-11.78  30  
-11.77  37  
-11.76  32  
-11.75  24  
-11.74  26  
-11.73  34  
-11.72  26  
-11.71  26  
-11.7  26  
-11.69  36  
-11.68  32  
-11.67  37  
-11.66  29  
-11.65  32  
-11.64  35  
-11.63  28  
-11.62  36  
-11.61  29  
-11.6  26  
-11.59  24  
-11.58  22  
-11.57  27  
-11.56  31  
-11.55  28  
-11.54  25  
-11.53  42  
-11.52  30  
-11.51  29  
-11.5  26  
-11.49  33  
-11.48  31  
-11.47  24  
-11.46  31  
-11.45  39  
-11.44  40  
-11.43  46  
-11.42  38  
-11.41  23  
-11.4  29  
-11.39  32  
-11.38  37  
-11.37  30  
-11.36  35  
-11.35  47  
-11.34  44  
-11.33  35  
-11.32  34  
-11.31  33  
-11.3  29  
-11.29  41  
-11.28  41  
-11.27  27  
-11.26  40  
-11.25  38  
-11.24  31  
-11.23  33  
-11.22  31  
-11.21  43  
-11.2  29  
-11.19  37  
-11.18  31  
-11.17  48  
-11.16  31  
-11.15  42  
-11.14  42  
-11.13  37  
-11.12  44  
-11.11  32  
-11.1  49  
-11.09  31  
-11.08  44  
-11.07  34  
-11.06  32  
-11.05  39  
-11.04  35  
-11.03  42  
-11.02  40  
-11.01  33  
-11  45  
-10.99  47  
-10.98  24  
-10.97  38  
-10.96  34  
-10.95  29  
-10.94  38  
-10.93  31  
-10.92  41  
-10.91  41  
-10.9  28  
-10.89  36  
-10.88  50  
-10.87  56  
-10.86  54  
-10.85  42  
-10.84  49  
-10.83  43  
-10.82  41  
-10.81  39  
-10.8  29  
-10.79  36  
-10.78  45  
-10.77  44  
-10.76  54  
-10.75  49  
-10.74  45  
-10.73  50  
-10.72  42  
-10.71  45  
-10.7  42  
-10.69  47  
-10.68  50  
-10.67  44  
-10.66  40  
-10.65  34  
-10.64  53  
-10.63  46  
-10.62  48  
-10.61  50  
-10.6  46  
-10.59  41  
-10.58  49  
-10.57  55  
-10.56  38  
-10.55  58  
-10.54  40  
-10.53  43  
-10.52  59  
-10.51  37  
-10.5  57  
-10.49  41  
-10.48  53  
-10.47  60  
-10.46  58  
-10.45  51  
-10.44  51  
-10.43  46  
-10.42  44  
-10.41  67  
-10.4  50  
-10.39  53  
-10.38  60  
-10.37  67  
-10.36  47  
-10.35  59  
-10.34  44  
-10.33  59  
-10.32  47  
-10.31  61  
-10.3  55  
-10.29  56  
-10.28  55  
-10.27  60  
-10.26  47  
-10.25  48  
-10.24  65  
-10.23  65  
-10.22  53  
-10.21  38  
-10.2  56  
-10.19  53  
-10.18  51  
-10.17  52  
-10.16  56  
-10.15  61  
-10.14  59  
-10.13  67  
-10.12  54  
-10.11  54  
-10.1  53  
-10.09  53  
-10.08  50  
-10.07  55  
-10.06  57  
-10.05  51  
-10.04  52  
-10.03  76  
-10.02  58  
-10.01  52  
-10  53  
-9.99  67  
-9.98  62  
-9.97  58  
-9.96  76  
-9.95  83  
-9.94  62  
-9.93  67  
-9.92  64  
-9.91  64  
-9.9  62  
-9.89  58  
-9.88  73  
-9.87  56  
-9.86  76  
-9.85  56  
-9.84  74  
-9.83  65  
-9.82  57  
-9.81  59  
-9.8  77  
-9.79  74  
-9.78  64  
-9.77  67  
-9.76  58  
-9.75  71  
-9.74  67  
-9.73  71  
-9.72  78  
-9.71  72  
-9.7  66  
-9.69  75  
-9.68  64  
-9.67  70  
-9.66  75  
-9.65  71  
-9.64  74  
-9.63  85  
-9.62  64  
-9.61  76  
-9.6  67  
-9.59  82  
-9.58  60  
-9.57  88  
-9.56  71  
-9.55  67  
-9.54  84  
-9.53  80  
-9.52  89  
-9.51  64  
-9.5  95  
-9.49  69  
-9.48  82  
-9.47  76  
-9.46  71  
-9.45  88  
-9.44  60  
-9.43  89  
-9.42  88  
-9.41  91  
-9.4  73  
-9.39  73  
-9.38  86  
-9.37  97  
-9.36  71  
-9.35  74  
-9.34  79  
-9.33  89  
-9.32  93  
-9.31  61  
-9.3  96  
-9.29  99  
-9.28  85  
-9.27  101  
-9.26  104  
-9.25  97  
-9.24  89  
-9.23  81  
-9.22  94  
-9.21  91  
-9.2  86  
-9.19  79  
-9.18  92  
-9.17  108  
-9.16  79  
-9.15  103  
-9.14  79  
-9.13  93  
-9.12  96  
-9.11  103  
-9.1  100  
-9.09  91  
-9.08  105  
-9.07  112  
-9.06  110  
-9.05  108  
-9.04  109  
-9.03  117  
-9.02  122  
-9.01  118  
-9  87  
-8.99  107  
-8.98  105  
-8.97  94  
-8.96  107  
-8.95  131  
-8.94  109  
-8.93  118  
-8.92  103  
-8.91  117  
-8.9  105  
-8.89  127  
-8.88  102  
-8.87  111  
-8.86  122  
-8.85  116  
-8.84  113  
-8.83  135  
-8.82  120  
-8.81  138  
-8.8  116  
-8.79  126  
-8.78  131  
-8.77  122  
-8.76  118  
-8.75  103  
-8.74  105  
-8.73  145  
-8.72  140  
-8.71  132  
-8.7  147  
-8.69  144  
-8.68  143  
-8.67  141  
-8.66  158  
-8.65  138  
-8.64  146  
-8.63  155  
-8.62  155  
-8.61  157  
-8.6  163  
-8.59  167  
-8.58  184  
-8.57  135  
-8.56  153  
-8.55  154  
-8.54  168  
-8.53  168  
-8.52  170  
-8.51  157  
-8.5  167  
-8.49  145  
-8.48  172  
-8.47  201  
-8.46  190  
-8.45  184  
-8.44  168  
-8.43  179  
-8.42  180  
-8.41  179  
-8.4  172  
-8.39  193  
-8.38  173  
-8.37  209  
-8.36  199  
-8.35  208  
-8.34  192  
-8.33  211  
-8.32  190  
-8.31  222  
-8.3  220  
-8.29  237  
-8.28  224  
-8.27  195  
-8.26  198  
-8.25  222  
-8.24  220  
-8.23  221  
-8.22  237  
-8.21  245  
-8.2  226  
-8.19  219  
-8.18  258  
-8.17  228  
-8.16  245  
-8.15  276  
-8.14  262  
-8.13  254  
-8.12  280  
-8.11  268  
-8.1  273  
-8.09  269  
-8.08  284  
-8.07  250  
-8.06  290  
-8.05  301  
-8.04  322  
-8.03  293  
-8.02  285  
-8.01  291  
-8  293  
-7.99  314  
-7.98  297  
-7.97  329  
-7.96  334  
-7.95  331  
-7.94  312  
-7.93  311  
-7.92  334  
-7.91  331  
-7.9  354  
-7.89  333  
-7.88  343  
-7.87  370  
-7.86  378  
-7.85  350  
-7.84  345  
-7.83  352  
-7.82  394  
-7.81  369  
-7.8  375  
-7.79  373  
-7.78  357  
-7.77  384  
-7.76  398  
-7.75  374  
-7.74  397  
-7.73  381  
-7.72  372  
-7.71  353  
-7.7  373  
-7.69  418  
-7.68  367  
-7.67  409  
-7.66  383  
-7.65  414  
-7.64  432  
-7.63  417  
-7.62  397  
-7.61  464  
-7.6  403  
-7.59  410  
-7.58  382  
-7.57  419  
-7.56  428  
-7.55  426  
-7.54  377  
-7.53  429  
-7.52  423  
-7.51  430  
-7.5  443  
-7.49  422  
-7.48  400  
-7.47  410  
-7.46  413  
-7.45  388  
-7.44  431  
-7.43  395  
-7.42  399  
-7.41  396  
-7.4  380  
-7.39  385  
-7.38  418  
-7.37  384  
-7.36  402  
-7.35  373  
-7.34  411  
-7.33  352  
-7.32  380  
-7.31  399  
-7.3  405  
-7.29  383  
-7.28  372  
-7.27  362  
-7.26  353  
-7.25  346  
-7.24  376  
-7.23  338  
-7.22  334  
-7.21  330  
-7.2  338  
-7.19  338  
-7.18  338  
-7.17  319  
-7.16  309  
-7.15  284  
-7.14  331  
-7.13  295  
-7.12  313  
-7.11  266  
-7.1  273  
-7.09  277  
-7.08  244  
-7.07  285  
-7.06  247  
-7.05  249  
-7.04  263  
-7.03  249  
-7.02  204  
-7.01  231  
-7  242  
-6.99  258  
-6.98  219  
-6.97  195  
-6.96  222  
-6.95  200  
-6.94  197  
-6.93  189  
-6.92  193  
-6.91  192  
-6.9  202  
-6.89  187  
-6.88  161  
-6.87  144  
-6.86  165  
-6.85  124  
-6.84  173  
-6.83  150  
-6.82  145  
-6.81  148  
-6.8  134  
-6.79  122  
-6.78  126  
-6.77  117  
-6.76  123  
-6.75  110  
-6.74  115  
-6.73  119  
-6.72  99  
-6.71  99  
-6.7  79  
-6.69  87  
-6.68  101  
-6.67  101  
-6.66  81  
-6.65  79  
-6.64  76  
-6.63  63  
-6.62  81  
-6.61  58  
-6.6  66  
-6.59  43  
-6.58  52  
-6.57  55  
-6.56  45  
-6.55  35  
-6.54  60  
-6.53  44  
-6.52  48  
-6.51  47  
-6.5  39  
-6.49  24  
-6.48  35  
-6.47  28  
-6.46  28  
-6.45  36  
-6.44  35  
-6.43  36  
-6.42  25  
-6.41  24  
-6.4  24  
-6.39  15  
-6.38  24  
-6.37  20  
-6.36  23  
-6.35  22  
-6.34  17  
-6.33  13  
-6.32  14  
-6.31  13  
-6.3  12  
-6.29  13  
-6.28  15  
-6.27  10  
-6.26  10  
-6.25  4  
-6.24  7  
-6.23  10  
-6.22  15  
-6.21  11  
-6.2  4  
-6.19  7  
-6.18  10  
-6.17  7  
-6.16  4  
-6.15  7  
-6.14  6  
-6.13  9  
-6.12  5  
-6.11  6  
-6.1  6  
-6.09  2  
-6.08  3  
-6.07  1  
-6.06  2  
-6.05  6  
-6.04  2  
-6.03  1  
-6.02  3  
-6.01  1  
-6  3  
-5.99  2  
-5.98  3  
-5.97  3  
-5.96  4  
-5.95  2  
-5.94  3  
-5.93  2  
-5.92  1  
-5.91  2  
-5.9  0  
-5.89  1  
-5.88  1  
-5.87  0  
-5.86  0  
-5.85  2  
-5.84  1  
-5.83  1  
-5.82  0  
-5.81  4  
-5.8  0  
-5.79  0  
-5.78  0  
-5.77  0  
-5.76  0  
-5.75  0  
-5.74  0  
-5.73  0  
-5.72  1  
-5.71  0  
-5.7  1  
-5.69  0  
-5.68  0  
-5.67  0  
-5.66  0  
-5.65  0  
-5.64  0  
-5.63  1  
-5.62  0  
-5.61  0  
-5.6  0  
-5.59  0  
-5.58  0  
-5.57  0  
-5.56  0  
-5.55  0  
-5.54  0  
-5.53  0  
-5.52  0  
-5.51  0  
-5.5  0  
-5.49  0  
-5.48  0  
-5.47  0  
-5.46  0  
-5.45  0  
-5.44  0  
-5.43  0  
-5.42  0  
-5.41  0  
-5.4  0  
-5.39  1  
-5.38  0  
-5.37  0  
-5.36  0  
-5.35  0  
-5.34  0  
-5.33  0  
-5.32  0  
-5.31  0  
-5.3  0  
-5.29  0  
-5.28  0  
-5.27  0  
-5.26  0  
-5.25  0  
-5.24  0  
-5.23  0  
-5.22  0  
-5.21  0  
-5.2  0  
-5.19  0  
-5.18  0  
-5.17  0  
-5.16  0  
-5.15  0  
-5.14  0  
-5.13  0  
-5.12  0  
-5.11  0  
-5.1  0  
-5.09  0  
-5.08  0  
-5.07  0  
-5.06  0  
-5.05  0  
-5.04  0  
-5.03  0  
-5.02  0  
-5.01  0  
-5  0  
-4.99  0  
-4.98  0  
-4.97  0  
-4.96  0  
-4.95  0  
-4.94  0  
-4.93  0  
-4.92  0  
-4.91  0  
-4.9  0  
-4.89  0  
-4.88  0  
-4.87  0  
-4.86  0  
-4.85  0  
-4.84  0  
-4.83  0  
-4.82  0  
-4.81  0  
-4.8  0  
-4.79  0  
-4.78  0  
-4.77  0  
-4.76  0  
-4.75  0  
-4.74  0  
-4.73  0  
-4.72  0  
-4.71  0  
-4.7  0  
-4.69  0  
-4.68  0  
-4.67  0  
-4.66  0  
-4.65  0  
-4.64  0  
-4.63  0  
-4.62  0  
-4.61  0  
-4.6  0  
-4.59  0  
-4.58  0  
-4.57  0  
-4.56  0  
-4.55  0  
-4.54  0  
-4.53  0  
-4.52  0  
-4.51  0  
-4.5  0  
-4.49  0  
-4.48  0  
-4.47  0  
-4.46  0  
-4.45  0  
-4.44  0  
-4.43  0  
-4.42  0  
-4.41  0  
-4.4  0  
-4.39  0  
-4.38  0  
-4.37  0  
-4.36  0  
-4.35  0  
-4.34  0  
-4.33  0  
-4.32  0  
-4.31  0  
-4.3  0  
-4.29  0  
-4.28  0  
-4.27  0  
-4.26  0  
-4.25  0  
-4.24  0  
-4.23  0  
-4.22  0  
-4.21  0  
-4.2  0  
-4.19  0  
-4.18  0  
-4.17  0  
-4.16  0  
-4.15  0  
-4.14  0  
-4.13  0  
-4.12  0  
-4.11  0  
-4.1  0  
-4.09  0  
-4.08  0  
-4.07  0  
-4.06  0  
-4.05  0  
-4.04  0  
-4.03  0  
-4.02  0  
-4.01  0  
-4  0  
-3.99  0  
-3.98  0  
-3.97  0  
-3.96  0  
-3.95  0  
-3.94  0  
-3.93  0  
-3.92  0  
-3.91  0  
-3.9  0  
-3.89  0  
-3.88  0  
-3.87  0  
-3.86  0  
-3.85  0  
-3.84  0  
-3.83  0  
-3.82  0  
-3.81  0  
-3.8  0  
-3.79  0  
-3.78  0  
-3.77  0  
-3.76  0  
-3.75  0  
-3.74  0  
-3.73  0  
-3.72  0  
-3.71  0  
-3.7  0  
-3.69  0  
-3.68  0  
-3.67  0  
-3.66  0  
-3.65  0  
-3.64  0  
-3.63  0  
-3.62  0  
-3.61  0  
-3.6  0  
-3.59  0  
-3.58  0  
-3.57  0  
-3.56  0  
-3.55  0  
-3.54  0  
-3.53  0  
-3.52  0  
-3.51  0  
-3.5  0  
-3.49  0  
-3.48  0  
-3.47  0  
-3.46  0  
-3.45  0  
-3.44  0  
-3.43  0  
-3.42  0  
-3.41  0  
-3.4  0  
-3.39  0  
-3.38  0  
-3.37  0  
-3.36  0  
-3.35  0  
-3.34  0  
-3.33  0  
-3.32  0  
-3.31  0  
-3.3  0  
-3.29  0  
-3.28  0  
-3.27  0  
-3.26  0  
-3.25  0  
-3.24  0  
-3.23  0  
-3.22  0  
-3.21  0  
-3.2  0  
-3.19  0  
-3.18  0  
-3.17  0  
-3.16  0  
-3.15  0  
-3.14  0  
-3.13  0  
-3.12  0  
-3.11  0  
-3.1  0  
-3.09  0  
-3.08  0  
-3.07  0  
-3.06  0  
-3.05  0  
-3.04  0  
-3.03  0  
-3.02  0  
-3.01  0  
-3  0  
-2.99  0  
-2.98  0  
-2.97  0  
-2.96  0  
-2.95  0  
-2.94  0  
-2.93  0  
-2.92  0  
-2.91  0  
-2.9  0  
-2.89  0  
-2.88  0  
-2.87  0  
-2.86  0  
-2.85  0  
-2.84  0  
-2.83  0  
-2.82  0  
-2.81  0  
-2.8  0  
-2.79  0  
-2.78  0  
-2.77  0  
-2.76  0  
-2.75  0  
-2.74  0  
-2.73  0  
-2.72  0  
-2.71  0  
-2.7  0  
-2.69  0  
-2.68  0  
-2.67  0  
-2.66  0  
-2.65  0  
-2.64  0  
-2.63  0  
-2.62  0  
-2.61  0  
-2.6  0  
-2.59  0  
-2.58  0  
-2.57  0  
-2.56  0  
-2.55  0  
-2.54  0  
-2.53  0  
-2.52  0  
-2.51  0  
-2.5  0  
-2.49  0  
-2.48  0  
-2.47  0  
-2.46  0  
-2.45  0  
-2.44  0  
-2.43  0  
-2.42  0  
-2.41  0  
-2.4  0  
-2.39  0  
-2.38  0  
-2.37  0  
-2.36  0  
-2.35  0  
-2.34  0  
-2.33  0  
-2.32  0  
-2.31  0  
-2.3  0  
-2.29  0  
-2.28  0  
-2.27  0  
-2.26  0  
-2.25  0  
-2.24  0  
-2.23  0  
-2.22  0  
-2.21  0  
-2.2  0  
-2.19  0  
-2.18  0  
-2.17  0  
-2.16  0  
-2.15  0  
-2.14  0  
-2.13  0  
-2.12  0  
-2.11  0  
-2.1  0  
-2.09  0  
-2.08  0  
-2.07  0  
-2.06  0  
-2.05  0  
-2.04  0  
-2.03  0  
-2.02  0  
-2.01  0  
-2  0  
