10 1002 -12 -2 13880  0  152062
-12  39  
-11.99  52  
-11.98  44  
-11.97  58  
-11.96  48  
-11.95  42  
-11.94  44  
-11.93  41  
-11.92  47  
-11.91  50  
-11.9  55  
-11.89  41  
-11.88  49  
-11.87  42  
-11.86  54  
-11.85  44  
-11.84  44  
-11.83  38  
-11.82  60  
-11.81  54  
-11.8  51  
-11.79  68  
-11.78  51  
-11.77  42  
-11.76  39  
-11.75  46  
-11.74  42  
-11.73  50  
-11.72  45  
-11.71  70  
-11.7  66  
-11.69  52  
-11.68  50  
-11.67  42  
-11.66  48  
-11.65  56  
-11.64  49  
-11.63  38  
-11.62  59  
-11.61  45  
-11.6  48  
-11.59  45  
-11.58  51  
-11.57  61  
-11.56  58  
-11.55  44  
-11.54  56  
-11.53  61  
-11.52  53  
-11.51  42  
-11.5  55  
-11.49  54  
-11.48  52  
-11.47  75  
-11.46  53  
-11.45  76  
-11.44  68  
-11.43  46  
-11.42  56  
-11.41  50  
-11.4  66  
-11.39  51  
-11.38  37  
-11.37  57  
-11.36  59  
-11.35  65  
-11.34  61  
-11.33  62  
-11.32  53  
-11.31  48  
-11.3  61  
-11.29  59  
-11.28  55  
-11.27  61  
-11.26  59  
-11.25  44  
-11.24  59  
-11.23  59  
-11.22  54  
-11.21  64  
-11.2  52  
-11.19  63  
-11.18  51  
-11.17  65  
-11.16  66  
-11.15  68  
-11.14  61  
-11.13  57  
-11.12  61  
-11.11  64  
-11.1  60  
-11.09  59  
-11.08  74  
-11.07  63  
-11.06  61  
-11.05  73  
-11.04  73  
-11.03  67  
-11.02  67  
-11.01  84  
-11  75  
-10.99  63  
-10.98  77  
-10.97  89  
-10.96  64  
-10.95  75  
-10.94  70  
-10.93  57  
-10.92  60  
-10.91  79  
-10.9  82  
-10.89  71  
-10.88  71  
-10.87  91  
-10.86  76  
-10.85  59  
-10.84  84  
-10.83  75  
-10.82  70  
-10.81  71  
-10.8  86  
-10.79  65  
-10.78  67  
-10.77  86  
-10.76  75  
-10.75  78  
-10.74  91  
-10.73  67  
-10.72  76  
-10.71  77  
-10.7  72  
-10.69  83  
-10.68  67  
-10.67  77  
-10.66  76  
-10.65  78  
-10.64  73  
-10.63  80  
-10.62  80  
-10.61  102  
-10.6  74  
-10.59  70  
-10.58  83  
-10.57  91  
-10.56  87  
-10.55  95  
-10.54  67  
-10.53  91  
-10.52  100  
-10.51  81  
-10.5  100  
-10.49  90  
-10.48  81  
-10.47  99  
-10.46  93  
-10.45  73  
-10.44  92  
-10.43  88  
-10.42  74  
-10.41  91  
-10.4  79  
-10.39  89  
-10.38  90  
-10.37  96  
-10.36  79  
-10.35  85  
-10.34  79  
-10.33  83  
-10.32  103  
-10.31  78  
-10.3  100  
-10.29  108  
-10.28  87  
-10.27  95  
-10.26  98  
-10.25  96  
-10.24  90  
-10.23  115  
-10.22  113  
-10.21  106  
-10.2  121  
-10.19  96  
-10.18  103  
-10.17  94  
-10.16  102  
-10.15  104  
-10.14  84  
-10.13  93  
-10.12  103  
-10.11  71  
-10.1  98  
-10.09  85  
-10.08  114  
-10.07  101  
-10.06  102  
-10.05  101  
-10.04  116  
-10.03  103  
-10.02  90  
-10.01  96  
-10  97  
-9.99  102  
-9.98  109  
-9.97  108  
-9.96  112  
-9.95  124  
-9.94  128  
-9.93  120  
-9.92  110  
-9.91  108  
-9.9  142  
-9.89  133  
-9.88  99  
-9.87  108  
-9.86  99  
-9.85  122  
-9.84  94  
-9.83  125  
-9.82  128  
-9.81  120  
-9.8  128  
-9.79  108  
-9.78  122  
-9.77  115  
-9.76  126  
-9.75  125  
-9.74  119  
-9.73  125  
-9.72  122  
-9.71  116  
-9.7  121  
-9.69  145  
-9.68  135  
-9.67  140  
-9.66  125  
-9.65  152  
-9.64  141  
-9.63  118  
-9.62  110  
-9.61  126  
-9.6  107  
-9.59  145  
-9.58  148  
-9.57  136  
-9.56  134  
-9.55  130  
-9.54  134  
-9.53  144  
-9.52  171  
-9.51  146  
-9.5  125  
-9.49  120  
-9.48  147  
-9.47  138  
-9.46  150  
-9.45  166  
-9.44  144  
-9.43  153  
-9.42  145  
-9.41  142  
-9.4  142  
-9.39  153  
-9.38  137  
-9.37  138  
-9.36  140  
-9.35  134  
-9.34  122  
-9.33  135  
-9.32  135  
-9.31  148  
-9.3  139  
-9.29  150  
-9.28  171  
-9.27  152  
-9.26  148  
-9.25  148  
-9.24  160  
-9.23  154  
-9.22  158  
-9.21  154  
-9.2  143  
-9.19  140  
-9.18  143  
-9.17  148  
-9.16  156  
-9.15  139  
-9.14  146  
-9.13  135  
-9.12  160  
-9.11  149  
-9.1  154  
-9.09  163  
-9.08  129  
-9.07  148  
-9.06  179  
-9.05  148  
-9.04  171  
-9.03  162  
-9.02  145  
-9.01  159  
-9  158  
-8.99  159  
-8.98  160  
-8.97  182  
-8.96  182  
-8.95  156  
-8.94  171  
-8.93  161  
-8.92  185  
-8.91  150  
-8.9  139  
-8.89  184  
-8.88  179  
-8.87  181  
-8.86  185  
-8.85  176  
-8.84  135  
-8.83  166  
-8.82  158  
-8.81  160  
-8.8  167  
-8.79  172  
-8.78  153  
-8.77  177  
-8.76  151  
-8.75  166  
-8.74  163  
-8.73  190  
-8.72  151  
-8.71  180  
-8.7  175  
-8.69  187  
-8.68  165  
-8.67  171  
-8.66  163  
-8.65  161  
-8.64  163  
-8.63  161  
-8.62  169  
-8.61  186  
-8.6  167  
-8.59  170  
-8.58  183  
-8.57  148  
-8.56  171  
-8.55  164  
-8.54  158  
-8.53  164  
-8.52  173  
-8.51  148  
-8.5  149  
-8.49  185  
-8.48  172  
-8.47  179  
-8.46  163  
-8.45  160  
-8.44  163  
-8.43  150  
-8.42  173  
-8.41  157  
-8.4  153  
-8.39  155  
-8.38  169  
-8.37  183  
-8.36  171  
-8.35  161  
-8.34  166  
-8.33  140  
-8.32  160  
-8.31  143  
-8.3  141  
-8.29  155  
-8.28  144  
-8.27  151  
-8.26  144  
-8.25  147  
-8.24  130  
-8.23  166  
-8.22  159  
-8.21  141  
-8.2  161  
-8.19  174  
-8.18  151  
-8.17  151  
-8.16  116  
-8.15  143  
-8.14  172  
-8.13  152  
-8.12  147  
-8.11  137  
-8.1  153  
-8.09  125  
-8.08  145  
-8.07  143  
-8.06  146  
-8.05  122  
-8.04  135  
-8.03  125  
-8.02  123  
-8.01  137  
-8  129  
-7.99  130  
-7.98  126  
-7.97  147  
-7.96  124  
-7.95  126  
-7.94  132  
-7.93  108  
-7.92  110  
-7.91  115  
-7.9  130  
-7.89  120  
-7.88  103  
-7.87  120  
-7.86  113  
-7.85  113  
-7.84  112  
-7.83  107  
-7.82  113  
-7.81  89  
-7.8  112  
-7.79  121  
-7.78  107  
-7.77  105  
-7.76  98  
-7.75  105  
-7.74  82  
-7.73  87  
-7.72  87  
-7.71  85  
-7.7  81  
-7.69  86  
-7.68  93  
-7.67  111  
-7.66  90  
-7.65  90  
-7.64  72  
-7.63  98  
-7.62  95  
-7.61  72  
-7.6  97  
-7.59  90  
-7.58  82  
-7.57  73  
-7.56  58  
-7.55  85  
-7.54  89  
-7.53  87  
-7.52  66  
-7.51  73  
-7.5  77  
-7.49  64  
-7.48  58  
-7.47  64  
-7.46  78  
-7.45  77  
-7.44  74  
-7.43  69  
-7.42  61  
-7.41  69  
-7.4  60  
-7.39  59  
-7.38  62  
-7.37  58  
-7.36  66  
-7.35  60  
-7.34  53  
-7.33  51  
-7.32  68  
-7.31  53  
-7.3  51  
-7.29  50  
-7.28  60  
-7.27  45  
-7.26  53  
-7.25  34  
-7.24  41  
-7.23  46  
-7.22  37  
-7.21  37  
-7.2  46  
-7.19  51  
-7.18  37  
-7.17  41  
-7.16  41  
-7.15  41  
-7.14  38  
-7.13  46  
-7.12  33  
-7.11  30  
-7.1  38  
-7.09  31  
-7.08  31  
-7.07  27  
-7.06  39  
-7.05  29  
-7.04  30  
-7.03  36  
-7.02  32  
-7.01  24  
-7  30  
-6.99  30  
-6.98  25  
-6.97  32  
-6.96  28  
-6.95  32  
-6.94  29  
-6.93  21  
-6.92  25  
-6.91  22  
-6.9  19  
-6.89  23  
-6.88  23  
-6.87  18  
-6.86  25  
-6.85  11  
-6.84  17  
-6.83  19  
-6.82  12  
-6.81  18  
-6.8  20  
-6.79  22  
-6.78  17  
-6.77  21  
-6.76  14  
-6.75  13  
-6.74  12  
-6.73  15  
-6.72  12  
-6.71  8  
-6.7  12  
-6.69  16  
-6.68  5  
-6.67  8  
-6.66  19  
-6.65  6  
-6.64  13  
-6.63  14  
-6.62  11  
-6.61  11  
-6.6  7  
-6.59  4  
-6.58  9  
-6.57  7  
-6.56  6  
-6.55  7  
-6.54  6  
-6.53  8  
-6.52  8  
-6.51  5  
-6.5  10  
-6.49  6  
-6.48  9  
-6.47  8  
-6.46  7  
-6.45  3  
-6.44  7  
-6.43  6  
-6.42  4  
-6.41  5  
-6.4  4  
-6.39  8  
-6.38  6  
-6.37  7  
-6.36  4  
-6.35  4  
-6.34  3  
-6.33  4  
-6.32  4  
-6.31  0  
-6.3  7  
-6.29  5  
-6.28  1  
-6.27  3  
-6.26  2  
-6.25  4  
-6.24  5  
-6.23  6  
-6.22  4  
-6.21  2  
-6.2  2  
-6.19  2  
-6.18  2  
-6.17  0  
-6.16  7  
-6.15  3  
-6.14  3  
-6.13  2  
-6.12  1  
-6.11  3  
-6.1  0  
-6.09  0  
-6.08  1  
-6.07  1  
-6.06  0  
-6.05  1  
-6.04  1  
-6.03  2  
-6.02  2  
-6.01  2  
-6  0  
-5.99  2  
-5.98  2  
-5.97  5  
-5.96  1  
-5.95  0  
-5.94  1  
-5.93  1  
-5.92  2  
-5.91  1  
-5.9  1  
-5.89  1  
-5.88  0  
-5.87  1  
-5.86  1  
-5.85  0  
-5.84  0  
-5.83  1  
-5.82  1  
-5.81  0  
-5.8  0  
-5.79  0  
-5.78  0  
-5.77  0  
-5.76  0  
-5.75  0  
-5.74  0  
-5.73  0  
-5.72  0  
-5.71  0  
-5.7  0  
-5.69  0  
-5.68  0  
-5.67  0  
-5.66  0  
-5.65  0  
-5.64  0  
-5.63  1  
-5.62  0  
-5.61  0  
-5.6  0  
-5.59  0  
-5.58  0  
-5.57  0  
-5.56  0  
-5.55  0  
-5.54  0  
-5.53  0  
-5.52  0  
-5.51  0  
-5.5  0  
-5.49  0  
-5.48  0  
-5.47  0  
-5.46  0  
-5.45  0  
-5.44  0  
-5.43  0  
-5.42  0  
-5.41  1  
-5.4  0  
-5.39  0  
-5.38  0  
-5.37  0  
-5.36  0  
-5.35  0  
-5.34  0  
-5.33  0  
-5.32  0  
-5.31  0  
-5.3  0  
-5.29  0  
-5.28  0  
-5.27  0  
-5.26  0  
-5.25  0  
-5.24  0  
-5.23  0  
-5.22  0  
-5.21  0  
-5.2  0  
-5.19  0  
-5.18  0  
-5.17  0  
-5.16  0  
-5.15  0  
-5.14  0  
-5.13  0  
-5.12  0  
-5.11  0  
-5.1  0  
-5.09  0  
-5.08  0  
-5.07  0  
-5.06  0  
-5.05  0  
-5.04  0  
-5.03  0  
-5.02  0  
-5.01  0  
-5  0  
-4.99  0  
-4.98  0  
-4.97  0  
-4.96  0  
-4.95  0  
-4.94  0  
-4.93  0  
-4.92  0  
-4.91  0  
-4.9  0  
-4.89  0  
-4.88  0  
-4.87  0  
-4.86  0  
-4.85  0  
-4.84  0  
-4.83  0  
-4.82  0  
-4.81  0  
-4.8  0  
-4.79  0  
-4.78  0  
-4.77  0  
-4.76  0  
-4.75  0  
-4.74  0  
-4.73  0  
-4.72  0  
-4.71  0  
-4.7  0  
-4.69  0  
-4.68  0  
-4.67  0  
-4.66  0  
-4.65  0  
-4.64  0  
-4.63  0  
-4.62  0  
-4.61  0  
-4.6  0  
-4.59  0  
-4.58  0  
-4.57  0  
-4.56  0  
-4.55  0  
-4.54  0  
-4.53  0  
-4.52  0  
-4.51  0  
-4.5  0  
-4.49  0  
-4.48  0  
-4.47  0  
-4.46  0  
-4.45  0  
-4.44  0  
-4.43  0  
-4.42  0  
-4.41  0  
-4.4  0  
-4.39  0  
-4.38  0  
-4.37  0  
-4.36  0  
-4.35  0  
-4.34  0  
-4.33  0  
-4.32  0  
-4.31  0  
-4.3  0  
-4.29  0  
-4.28  0  
-4.27  0  
-4.26  0  
-4.25  0  
-4.24  0  
-4.23  0  
-4.22  0  
-4.21  0  
-4.2  0  
-4.19  0  
-4.18  0  
-4.17  0  
-4.16  0  
-4.15  0  
-4.14  0  
-4.13  0  
-4.12  0  
-4.11  0  
-4.1  0  
-4.09  0  
-4.08  0  
-4.07  0  
-4.06  0  
-4.05  0  
-4.04  0  
-4.03  0  
-4.02  0  
-4.01  0  
-4  0  
-3.99  0  
-3.98  0  
-3.97  0  
-3.96  0  
-3.95  0  
-3.94  0  
-3.93  0  
-3.92  0  
-3.91  0  
-3.9  0  
-3.89  0  
-3.88  0  
-3.87  0  
-3.86  0  
-3.85  0  
-3.84  0  
-3.83  0  
-3.82  0  
-3.81  0  
-3.8  0  
-3.79  0  
-3.78  0  
-3.77  0  
-3.76  0  
-3.75  0  
-3.74  0  
-3.73  0  
-3.72  0  
-3.71  0  
-3.7  0  
-3.69  0  
-3.68  0  
-3.67  0  
-3.66  0  
-3.65  0  
-3.64  0  
-3.63  0  
-3.62  0  
-3.61  0  
-3.6  0  
-3.59  0  
-3.58  0  
-3.57  0  
-3.56  0  
-3.55  0  
-3.54  0  
-3.53  0  
-3.52  0  
-3.51  0  
-3.5  0  
-3.49  0  
-3.48  0  
-3.47  0  
-3.46  0  
-3.45  0  
-3.44  0  
-3.43  0  
-3.42  0  
-3.41  0  
-3.4  0  
-3.39  0  
-3.38  0  
-3.37  0  
-3.36  0  
-3.35  0  
-3.34  0  
-3.33  0  
-3.32  0  
-3.31  0  
-3.3  0  
-3.29  0  
-3.28  0  
-3.27  0  
-3.26  0  
-3.25  0  
-3.24  0  
-3.23  0  
-3.22  0  
-3.21  0  
-3.2  0  
-3.19  0  
-3.18  0  
-3.17  0  
-3.16  0  
-3.15  0  
-3.14  0  
-3.13  0  
-3.12  0  
-3.11  0  
-3.1  0  
-3.09  0  
-3.08  0  
-3.07  0  
-3.06  0  
-3.05  0  
-3.04  0  
-3.03  0  
-3.02  0  
-3.01  0  
-3  0  
-2.99  0  
-2.98  0  
-2.97  0  
-2.96  0  
-2.95  0  
-2.94  0  
-2.93  0  
-2.92  0  
-2.91  0  
-2.9  0  
-2.89  0  
-2.88  0  
-2.87  0  
-2.86  0  
-2.85  0  
-2.84  0  
-2.83  0  
-2.82  0  
-2.81  0  
-2.8  0  
-2.79  0  
-2.78  0  
-2.77  0  
-2.76  0  
-2.75  0  
-2.74  0  
-2.73  0  
-2.72  0  
-2.71  0  
-2.7  0  
-2.69  0  
-2.68  0  
-2.67  0  
-2.66  0  
-2.65  0  
-2.64  0  
-2.63  0  
-2.62  0  
-2.61  0  
-2.6  0  
-2.59  0  
-2.58  0  
-2.57  0  
-2.56  0  
-2.55  0  
-2.54  0  
-2.53  0  
-2.52  0  
-2.51  0  
-2.5  0  
-2.49  0  
-2.48  0  
-2.47  0  
-2.46  0  
-2.45  0  
-2.44  0  
-2.43  0  
-2.42  0  
-2.41  0  
-2.4  0  
-2.39  0  
-2.38  0  
-2.37  0  
-2.36  0  
-2.35  0  
-2.34  0  
-2.33  0  
-2.32  0  
-2.31  0  
-2.3  0  
-2.29  0  
-2.28  0  
-2.27  0  
-2.26  0  
-2.25  0  
-2.24  0  
-2.23  0  
-2.22  0  
-2.21  0  
-2.2  0  
-2.19  0  
-2.18  0  
-2.17  0  
-2.16  0  
-2.15  0  
-2.14  0  
-2.13  0  
-2.12  0  
-2.11  0  
-2.1  0  
-2.09  0  
-2.08  0  
-2.07  0  
-2.06  0  
-2.05  0  
-2.04  0  
-2.03  0  
-2.02  0  
-2.01  0  
-2  0  
