15 isr_2_3__j__j__P__e-__nu_eb 310000 310000 4.33916186385e-10 46
Resonance_Uniform_8041 25809 0.387551030689 0.387551030689 0.445325165257 9.1766355947e-11 7.72868571065e-25 8.42029121523e-21
Resonance_Forward_8041 10512 0.157629065944 0.157629065944 0.332123473106 9.10066665045e-11 8.39818527107e-25 8.28137352973e-21
Resonance_Backward_8041 1045 0.0157518209221 0.0157518209221 0.35020692045 8.34376798607e-11 1.93202980571e-24 6.95991439074e-21
Simple_Pole_Uniform_50 0 0 0 0 0 0 0
Simple_Pole_Forward_50 0 0 0 0 0 0 0
Simple_Pole_Backward_50 0 0 0 0 0 0 0
Simple_Pole_Uniform_99 257 0.0026207430148 0.0026207430148 0.00582386419208 8.24721937478e-11 2.16234472337e-23 6.78003929435e-21
Simple_Pole_Forward_99 232 0.00212676320148 0.00212676320148 0.00636070864868 8.05616304396e-11 1.67336965063e-23 6.47344260258e-21
Simple_Pole_Backward_99 0 0 0 0 0 0 0
Simple_Pole_Uniform_150 22587 0.233765068713 0.233765068713 0.00270883272769 9.24996162396e-11 3.46578209715e-24 8.55271322238e-21
Simple_Pole_Forward_150 19465 0.199517399156 0.199517399156 0.0022952368837 9.25230127272e-11 6.07263700986e-24 8.5544352471e-21
Simple_Pole_Backward_150 93 0.00103810836055 0.00103810836055 0.00868605329067 7.21807780361e-11 6.15251008214e-24 5.20391220781e-21
Simple_Pole_Uniform_200 0 0 0 0 0 0 0
Simple_Pole_Forward_200 0 0 0 0 0 0 0
Simple_Pole_Backward_200 0 0 0 0 0 0 0
