9 isr_2_3__j__j__P__nu_e__e+ 310000 310000 3.85238748338e-10 46
Resonance_Uniform_8041 9932 0.25744190543 0.25744190543 2028.45682257 5.29966838097e-10 2.97003329014e-23 2.8083514915e-19
Resonance_Forward_8041 6222 0.160586478881 0.160586478881 2688.60083805 5.24091008095e-10 3.07662387402e-23 2.74640618527e-19
Resonance_Backward_8041 0 0 0 0 0 0 0
Threshold_Central_12062 16994 0.163440597786 0.163440597786 7.31818680107 4.97707422048e-10 4.62739698012e-23 2.47666403992e-19
Threshold_Forward_12062 30637 0.303331447739 0.303331447739 2.3980415564 5.03857963123e-10 4.29061129717e-23 2.5382994089e-19
Threshold_Backward_12062 1525 0.0136840807344 0.0136840807344 4.72749372371 4.67432929249e-10 1.31750355938e-22 2.18361792991e-19
Simple_Pole_Uniform_50 14690 0.10151548943 0.10151548943 0.106120861611 5.06274068888e-10 1.57208815486e-22 2.56156224013e-19
Simple_Pole_Forward_50 0 0 0 0 0 0 0
Simple_Pole_Backward_50 0 0 0 0 0 0 0
