5.149000e-03
6.498000e-03
8.177000e-03
9.945000e-03
1.173000e-02
1.354000e-02
1.537000e-02
1.721000e-02
1.908000e-02
2.097000e-02
2.288000e-02
2.481000e-02
2.677000e-02
2.875000e-02
3.075000e-02
3.277000e-02
3.483000e-02
3.690000e-02
3.901000e-02
4.114000e-02
4.329000e-02
4.548000e-02
4.769000e-02
4.994000e-02
5.221000e-02
5.452000e-02
5.686000e-02
5.923000e-02
6.164000e-02
6.408000e-02
6.656000e-02
6.908000e-02
7.163000e-02
7.423000e-02
7.686000e-02
7.954000e-02
8.226000e-02
8.503000e-02
8.784000e-02
9.070000e-02
9.361000e-02
9.657000e-02
9.959000e-02
1.027000e-01
1.058000e-01
1.090000e-01
1.122000e-01
1.156000e-01
1.189000e-01
1.224000e-01
1.259000e-01
1.295000e-01
1.332000e-01
1.370000e-01
1.408000e-01
1.448000e-01
1.488000e-01
1.530000e-01
1.572000e-01
1.616000e-01
1.660000e-01
1.706000e-01
1.754000e-01
1.802000e-01
1.852000e-01
1.904000e-01
1.957000e-01
2.013000e-01
2.070000e-01
2.129000e-01
2.190000e-01
2.253000e-01
2.319000e-01
2.388000e-01
2.460000e-01
2.535000e-01
2.613000e-01
2.695000e-01
2.782000e-01
2.873000e-01
2.970000e-01
3.073000e-01
3.182000e-01
3.299000e-01
3.425000e-01
3.561000e-01
3.709000e-01
