10 1002 -12 -2 1204  0  230182
-12  9  
-11.99  11  
-11.98  13  
-11.97  19  
-11.96  11  
-11.95  18  
-11.94  14  
-11.93  8  
-11.92  10  
-11.91  10  
-11.9  16  
-11.89  19  
-11.88  13  
-11.87  19  
-11.86  12  
-11.85  16  
-11.84  13  
-11.83  19  
-11.82  16  
-11.81  18  
-11.8  11  
-11.79  13  
-11.78  22  
-11.77  19  
-11.76  11  
-11.75  25  
-11.74  15  
-11.73  11  
-11.72  25  
-11.71  17  
-11.7  23  
-11.69  18  
-11.68  13  
-11.67  22  
-11.66  21  
-11.65  19  
-11.64  18  
-11.63  22  
-11.62  19  
-11.61  23  
-11.6  26  
-11.59  17  
-11.58  11  
-11.57  20  
-11.56  15  
-11.55  27  
-11.54  29  
-11.53  19  
-11.52  20  
-11.51  24  
-11.5  26  
-11.49  22  
-11.48  22  
-11.47  25  
-11.46  32  
-11.45  18  
-11.44  21  
-11.43  22  
-11.42  25  
-11.41  19  
-11.4  33  
-11.39  27  
-11.38  20  
-11.37  26  
-11.36  19  
-11.35  28  
-11.34  31  
-11.33  19  
-11.32  27  
-11.31  27  
-11.3  20  
-11.29  25  
-11.28  28  
-11.27  27  
-11.26  28  
-11.25  28  
-11.24  25  
-11.23  25  
-11.22  29  
-11.21  33  
-11.2  24  
-11.19  22  
-11.18  28  
-11.17  23  
-11.16  31  
-11.15  23  
-11.14  29  
-11.13  27  
-11.12  28  
-11.11  25  
-11.1  25  
-11.09  27  
-11.08  37  
-11.07  31  
-11.06  24  
-11.05  36  
-11.04  23  
-11.03  33  
-11.02  35  
-11.01  34  
-11  33  
-10.99  40  
-10.98  32  
-10.97  32  
-10.96  30  
-10.95  39  
-10.94  38  
-10.93  51  
-10.92  38  
-10.91  27  
-10.9  32  
-10.89  35  
-10.88  42  
-10.87  29  
-10.86  44  
-10.85  46  
-10.84  33  
-10.83  38  
-10.82  40  
-10.81  39  
-10.8  42  
-10.79  36  
-10.78  44  
-10.77  50  
-10.76  40  
-10.75  45  
-10.74  40  
-10.73  45  
-10.72  43  
-10.71  43  
-10.7  48  
-10.69  49  
-10.68  44  
-10.67  49  
-10.66  39  
-10.65  49  
-10.64  49  
-10.63  52  
-10.62  40  
-10.61  43  
-10.6  55  
-10.59  56  
-10.58  48  
-10.57  46  
-10.56  34  
-10.55  53  
-10.54  51  
-10.53  61  
-10.52  44  
-10.51  59  
-10.5  62  
-10.49  61  
-10.48  55  
-10.47  69  
-10.46  63  
-10.45  58  
-10.44  52  
-10.43  52  
-10.42  75  
-10.41  55  
-10.4  84  
-10.39  69  
-10.38  64  
-10.37  66  
-10.36  58  
-10.35  77  
-10.34  53  
-10.33  58  
-10.32  64  
-10.31  71  
-10.3  74  
-10.29  62  
-10.28  72  
-10.27  73  
-10.26  74  
-10.25  80  
-10.24  58  
-10.23  69  
-10.22  75  
-10.21  97  
-10.2  71  
-10.19  65  
-10.18  78  
-10.17  84  
-10.16  85  
-10.15  79  
-10.14  89  
-10.13  83  
-10.12  95  
-10.11  85  
-10.1  78  
-10.09  93  
-10.08  90  
-10.07  86  
-10.06  85  
-10.05  95  
-10.04  103  
-10.03  85  
-10.02  100  
-10.01  91  
-10  89  
-9.99  112  
-9.98  97  
-9.97  97  
-9.96  125  
-9.95  99  
-9.94  94  
-9.93  100  
-9.92  94  
-9.91  100  
-9.9  115  
-9.89  113  
-9.88  123  
-9.87  109  
-9.86  115  
-9.85  124  
-9.84  113  
-9.83  130  
-9.82  124  
-9.81  113  
-9.8  101  
-9.79  113  
-9.78  136  
-9.77  124  
-9.76  116  
-9.75  139  
-9.74  121  
-9.73  142  
-9.72  133  
-9.71  111  
-9.7  120  
-9.69  136  
-9.68  138  
-9.67  125  
-9.66  149  
-9.65  131  
-9.64  142  
-9.63  137  
-9.62  153  
-9.61  138  
-9.6  142  
-9.59  144  
-9.58  168  
-9.57  151  
-9.56  160  
-9.55  180  
-9.54  164  
-9.53  150  
-9.52  160  
-9.51  168  
-9.5  148  
-9.49  156  
-9.48  171  
-9.47  169  
-9.46  196  
-9.45  165  
-9.44  187  
-9.43  179  
-9.42  180  
-9.41  184  
-9.4  177  
-9.39  212  
-9.38  207  
-9.37  176  
-9.36  190  
-9.35  179  
-9.34  191  
-9.33  196  
-9.32  196  
-9.31  184  
-9.3  197  
-9.29  198  
-9.28  220  
-9.27  220  
-9.26  198  
-9.25  185  
-9.24  198  
-9.23  209  
-9.22  190  
-9.21  203  
-9.2  218  
-9.19  193  
-9.18  203  
-9.17  214  
-9.16  226  
-9.15  222  
-9.14  191  
-9.13  226  
-9.12  254  
-9.11  223  
-9.1  231  
-9.09  211  
-9.08  212  
-9.07  217  
-9.06  235  
-9.05  215  
-9.04  223  
-9.03  241  
-9.02  259  
-9.01  211  
-9  218  
-8.99  245  
-8.98  244  
-8.97  257  
-8.96  237  
-8.95  245  
-8.94  260  
-8.93  277  
-8.92  257  
-8.91  254  
-8.9  260  
-8.89  264  
-8.88  263  
-8.87  306  
-8.86  256  
-8.85  264  
-8.84  249  
-8.83  250  
-8.82  269  
-8.81  272  
-8.8  268  
-8.79  268  
-8.78  269  
-8.77  252  
-8.76  280  
-8.75  251  
-8.74  264  
-8.73  256  
-8.72  273  
-8.71  288  
-8.7  281  
-8.69  269  
-8.68  298  
-8.67  278  
-8.66  270  
-8.65  290  
-8.64  286  
-8.63  267  
-8.62  284  
-8.61  282  
-8.6  278  
-8.59  281  
-8.58  261  
-8.57  297  
-8.56  300  
-8.55  295  
-8.54  297  
-8.53  295  
-8.52  299  
-8.51  304  
-8.5  282  
-8.49  292  
-8.48  326  
-8.47  297  
-8.46  310  
-8.45  300  
-8.44  285  
-8.43  316  
-8.42  298  
-8.41  290  
-8.4  282  
-8.39  287  
-8.38  330  
-8.37  298  
-8.36  278  
-8.35  303  
-8.34  306  
-8.33  296  
-8.32  270  
-8.31  292  
-8.3  302  
-8.29  286  
-8.28  291  
-8.27  328  
-8.26  284  
-8.25  262  
-8.24  289  
-8.23  290  
-8.22  320  
-8.21  294  
-8.2  301  
-8.19  284  
-8.18  267  
-8.17  303  
-8.16  282  
-8.15  313  
-8.14  300  
-8.13  326  
-8.12  318  
-8.11  338  
-8.1  328  
-8.09  315  
-8.08  294  
-8.07  303  
-8.06  291  
-8.05  304  
-8.04  300  
-8.03  282  
-8.02  296  
-8.01  260  
-8  300  
-7.99  298  
-7.98  302  
-7.97  280  
-7.96  302  
-7.95  308  
-7.94  293  
-7.93  315  
-7.92  285  
-7.91  295  
-7.9  277  
-7.89  286  
-7.88  278  
-7.87  298  
-7.86  332  
-7.85  328  
-7.84  271  
-7.83  266  
-7.82  293  
-7.81  290  
-7.8  268  
-7.79  244  
-7.78  270  
-7.77  249  
-7.76  253  
-7.75  254  
-7.74  249  
-7.73  259  
-7.72  241  
-7.71  255  
-7.7  258  
-7.69  251  
-7.68  254  
-7.67  260  
-7.66  266  
-7.65  266  
-7.64  253  
-7.63  253  
-7.62  262  
-7.61  226  
-7.6  222  
-7.59  232  
-7.58  217  
-7.57  248  
-7.56  253  
-7.55  234  
-7.54  222  
-7.53  194  
-7.52  228  
-7.51  211  
-7.5  212  
-7.49  204  
-7.48  221  
-7.47  210  
-7.46  208  
-7.45  206  
-7.44  223  
-7.43  204  
-7.42  188  
-7.41  202  
-7.4  195  
-7.39  201  
-7.38  207  
-7.37  199  
-7.36  178  
-7.35  175  
-7.34  189  
-7.33  184  
-7.32  167  
-7.31  174  
-7.3  170  
-7.29  192  
-7.28  182  
-7.27  165  
-7.26  151  
-7.25  173  
-7.24  152  
-7.23  144  
-7.22  159  
-7.21  139  
-7.2  139  
-7.19  159  
-7.18  148  
-7.17  159  
-7.16  143  
-7.15  140  
-7.14  162  
-7.13  118  
-7.12  110  
-7.11  129  
-7.1  109  
-7.09  130  
-7.08  148  
-7.07  119  
-7.06  117  
-7.05  101  
-7.04  90  
-7.03  123  
-7.02  118  
-7.01  88  
-7  103  
-6.99  110  
-6.98  101  
-6.97  105  
-6.96  75  
-6.95  105  
-6.94  108  
-6.93  87  
-6.92  87  
-6.91  104  
-6.9  97  
-6.89  113  
-6.88  81  
-6.87  98  
-6.86  87  
-6.85  89  
-6.84  82  
-6.83  101  
-6.82  74  
-6.81  73  
-6.8  76  
-6.79  69  
-6.78  63  
-6.77  74  
-6.76  75  
-6.75  53  
-6.74  68  
-6.73  74  
-6.72  66  
-6.71  59  
-6.7  59  
-6.69  84  
-6.68  68  
-6.67  56  
-6.66  47  
-6.65  51  
-6.64  67  
-6.63  52  
-6.62  57  
-6.61  45  
-6.6  40  
-6.59  52  
-6.58  51  
-6.57  51  
-6.56  45  
-6.55  34  
-6.54  37  
-6.53  48  
-6.52  45  
-6.51  34  
-6.5  36  
-6.49  41  
-6.48  35  
-6.47  23  
-6.46  28  
-6.45  29  
-6.44  33  
-6.43  38  
-6.42  36  
-6.41  24  
-6.4  12  
-6.39  22  
-6.38  28  
-6.37  25  
-6.36  31  
-6.35  22  
-6.34  26  
-6.33  21  
-6.32  18  
-6.31  27  
-6.3  18  
-6.29  15  
-6.28  23  
-6.27  18  
-6.26  12  
-6.25  24  
-6.24  7  
-6.23  18  
-6.22  15  
-6.21  9  
-6.2  12  
-6.19  12  
-6.18  11  
-6.17  7  
-6.16  9  
-6.15  12  
-6.14  12  
-6.13  6  
-6.12  6  
-6.11  5  
-6.1  7  
-6.09  8  
-6.08  4  
-6.07  3  
-6.06  7  
-6.05  4  
-6.04  3  
-6.03  2  
-6.02  1  
-6.01  9  
-6  3  
-5.99  7  
-5.98  4  
-5.97  2  
-5.96  4  
-5.95  2  
-5.94  7  
-5.93  5  
-5.92  3  
-5.91  2  
-5.9  1  
-5.89  3  
-5.88  3  
-5.87  1  
-5.86  1  
-5.85  0  
-5.84  4  
-5.83  3  
-5.82  0  
-5.81  2  
-5.8  1  
-5.79  0  
-5.78  1  
-5.77  1  
-5.76  1  
-5.75  1  
-5.74  0  
-5.73  0  
-5.72  0  
-5.71  1  
-5.7  0  
-5.69  1  
-5.68  1  
-5.67  0  
-5.66  1  
-5.65  0  
-5.64  1  
-5.63  0  
-5.62  1  
-5.61  1  
-5.6  0  
-5.59  0  
-5.58  0  
-5.57  1  
-5.56  0  
-5.55  0  
-5.54  0  
-5.53  0  
-5.52  1  
-5.51  0  
-5.5  0  
-5.49  0  
-5.48  0  
-5.47  0  
-5.46  0  
-5.45  0  
-5.44  0  
-5.43  0  
-5.42  0  
-5.41  0  
-5.4  0  
-5.39  0  
-5.38  0  
-5.37  0  
-5.36  0  
-5.35  0  
-5.34  0  
-5.33  0  
-5.32  0  
-5.31  0  
-5.3  0  
-5.29  0  
-5.28  0  
-5.27  0  
-5.26  0  
-5.25  0  
-5.24  0  
-5.23  0  
-5.22  0  
-5.21  0  
-5.2  0  
-5.19  0  
-5.18  0  
-5.17  0  
-5.16  0  
-5.15  0  
-5.14  0  
-5.13  0  
-5.12  0  
-5.11  0  
-5.1  0  
-5.09  0  
-5.08  0  
-5.07  0  
-5.06  0  
-5.05  0  
-5.04  0  
-5.03  0  
-5.02  0  
-5.01  0  
-5  0  
-4.99  1  
-4.98  0  
-4.97  0  
-4.96  0  
-4.95  0  
-4.94  0  
-4.93  0  
-4.92  0  
-4.91  0  
-4.9  0  
-4.89  0  
-4.88  0  
-4.87  0  
-4.86  0  
-4.85  0  
-4.84  0  
-4.83  0  
-4.82  0  
-4.81  0  
-4.8  0  
-4.79  0  
-4.78  0  
-4.77  0  
-4.76  0  
-4.75  0  
-4.74  0  
-4.73  0  
-4.72  0  
-4.71  0  
-4.7  0  
-4.69  0  
-4.68  0  
-4.67  0  
-4.66  0  
-4.65  0  
-4.64  0  
-4.63  0  
-4.62  0  
-4.61  0  
-4.6  0  
-4.59  0  
-4.58  0  
-4.57  0  
-4.56  0  
-4.55  0  
-4.54  0  
-4.53  0  
-4.52  0  
-4.51  0  
-4.5  0  
-4.49  0  
-4.48  0  
-4.47  0  
-4.46  0  
-4.45  0  
-4.44  0  
-4.43  0  
-4.42  0  
-4.41  0  
-4.4  0  
-4.39  0  
-4.38  0  
-4.37  0  
-4.36  0  
-4.35  0  
-4.34  0  
-4.33  0  
-4.32  0  
-4.31  0  
-4.3  0  
-4.29  0  
-4.28  0  
-4.27  0  
-4.26  0  
-4.25  0  
-4.24  0  
-4.23  0  
-4.22  0  
-4.21  0  
-4.2  0  
-4.19  0  
-4.18  0  
-4.17  0  
-4.16  0  
-4.15  0  
-4.14  0  
-4.13  0  
-4.12  0  
-4.11  0  
-4.1  0  
-4.09  0  
-4.08  0  
-4.07  0  
-4.06  0  
-4.05  0  
-4.04  0  
-4.03  0  
-4.02  0  
-4.01  0  
-4  0  
-3.99  0  
-3.98  0  
-3.97  0  
-3.96  0  
-3.95  0  
-3.94  0  
-3.93  0  
-3.92  0  
-3.91  0  
-3.9  0  
-3.89  0  
-3.88  0  
-3.87  0  
-3.86  0  
-3.85  0  
-3.84  0  
-3.83  0  
-3.82  0  
-3.81  0  
-3.8  0  
-3.79  0  
-3.78  0  
-3.77  0  
-3.76  0  
-3.75  0  
-3.74  0  
-3.73  0  
-3.72  0  
-3.71  0  
-3.7  0  
-3.69  0  
-3.68  0  
-3.67  0  
-3.66  0  
-3.65  0  
-3.64  0  
-3.63  0  
-3.62  0  
-3.61  0  
-3.6  0  
-3.59  0  
-3.58  0  
-3.57  0  
-3.56  0  
-3.55  0  
-3.54  0  
-3.53  0  
-3.52  0  
-3.51  0  
-3.5  0  
-3.49  0  
-3.48  0  
-3.47  0  
-3.46  0  
-3.45  0  
-3.44  0  
-3.43  0  
-3.42  0  
-3.41  0  
-3.4  0  
-3.39  0  
-3.38  0  
-3.37  0  
-3.36  0  
-3.35  0  
-3.34  0  
-3.33  0  
-3.32  0  
-3.31  0  
-3.3  0  
-3.29  0  
-3.28  0  
-3.27  0  
-3.26  0  
-3.25  0  
-3.24  0  
-3.23  0  
-3.22  0  
-3.21  0  
-3.2  0  
-3.19  0  
-3.18  0  
-3.17  0  
-3.16  0  
-3.15  0  
-3.14  0  
-3.13  0  
-3.12  0  
-3.11  0  
-3.1  0  
-3.09  0  
-3.08  0  
-3.07  0  
-3.06  0  
-3.05  0  
-3.04  0  
-3.03  0  
-3.02  0  
-3.01  0  
-3  0  
-2.99  0  
-2.98  0  
-2.97  0  
-2.96  0  
-2.95  0  
-2.94  0  
-2.93  0  
-2.92  0  
-2.91  0  
-2.9  0  
-2.89  0  
-2.88  0  
-2.87  0  
-2.86  0  
-2.85  0  
-2.84  0  
-2.83  0  
-2.82  0  
-2.81  0  
-2.8  0  
-2.79  0  
-2.78  0  
-2.77  0  
-2.76  0  
-2.75  0  
-2.74  0  
-2.73  0  
-2.72  0  
-2.71  0  
-2.7  0  
-2.69  0  
-2.68  0  
-2.67  0  
-2.66  0  
-2.65  0  
-2.64  0  
-2.63  0  
-2.62  0  
-2.61  0  
-2.6  0  
-2.59  0  
-2.58  0  
-2.57  0  
-2.56  0  
-2.55  0  
-2.54  0  
-2.53  0  
-2.52  0  
-2.51  0  
-2.5  0  
-2.49  0  
-2.48  0  
-2.47  0  
-2.46  0  
-2.45  0  
-2.44  0  
-2.43  0  
-2.42  0  
-2.41  0  
-2.4  0  
-2.39  0  
-2.38  0  
-2.37  0  
-2.36  0  
-2.35  0  
-2.34  0  
-2.33  0  
-2.32  0  
-2.31  0  
-2.3  0  
-2.29  0  
-2.28  0  
-2.27  0  
-2.26  0  
-2.25  0  
-2.24  0  
-2.23  0  
-2.22  0  
-2.21  0  
-2.2  0  
-2.19  0  
-2.18  0  
-2.17  0  
-2.16  0  
-2.15  0  
-2.14  0  
-2.13  0  
-2.12  0  
-2.11  0  
-2.1  0  
-2.09  0  
-2.08  0  
-2.07  0  
-2.06  0  
-2.05  0  
-2.04  0  
-2.03  0  
-2.02  0  
-2.01  0  
-2  0  
