10 1002 -13 -3 10038  0  230182
-13  33  
-12.99  40  
-12.98  39  
-12.97  42  
-12.96  39  
-12.95  26  
-12.94  33  
-12.93  31  
-12.92  40  
-12.91  24  
-12.9  27  
-12.89  20  
-12.88  27  
-12.87  30  
-12.86  28  
-12.85  38  
-12.84  48  
-12.83  24  
-12.82  30  
-12.81  36  
-12.8  40  
-12.79  36  
-12.78  33  
-12.77  52  
-12.76  45  
-12.75  39  
-12.74  26  
-12.73  28  
-12.72  36  
-12.71  31  
-12.7  39  
-12.69  42  
-12.68  42  
-12.67  33  
-12.66  34  
-12.65  40  
-12.64  38  
-12.63  41  
-12.62  42  
-12.61  29  
-12.6  38  
-12.59  42  
-12.58  26  
-12.57  39  
-12.56  41  
-12.55  34  
-12.54  34  
-12.53  39  
-12.52  27  
-12.51  35  
-12.5  33  
-12.49  53  
-12.48  49  
-12.47  50  
-12.46  28  
-12.45  44  
-12.44  46  
-12.43  52  
-12.42  46  
-12.41  37  
-12.4  39  
-12.39  27  
-12.38  49  
-12.37  47  
-12.36  47  
-12.35  48  
-12.34  56  
-12.33  51  
-12.32  50  
-12.31  46  
-12.3  66  
-12.29  43  
-12.28  51  
-12.27  37  
-12.26  40  
-12.25  48  
-12.24  44  
-12.23  51  
-12.22  54  
-12.21  53  
-12.2  52  
-12.19  49  
-12.18  52  
-12.17  38  
-12.16  41  
-12.15  44  
-12.14  38  
-12.13  52  
-12.12  42  
-12.11  51  
-12.1  46  
-12.09  55  
-12.08  47  
-12.07  40  
-12.06  65  
-12.05  51  
-12.04  62  
-12.03  51  
-12.02  62  
-12.01  39  
-12  47  
-11.99  47  
-11.98  56  
-11.97  60  
-11.96  59  
-11.95  62  
-11.94  53  
-11.93  58  
-11.92  50  
-11.91  52  
-11.9  40  
-11.89  50  
-11.88  57  
-11.87  54  
-11.86  48  
-11.85  59  
-11.84  51  
-11.83  57  
-11.82  56  
-11.81  56  
-11.8  57  
-11.79  59  
-11.78  75  
-11.77  62  
-11.76  63  
-11.75  57  
-11.74  67  
-11.73  67  
-11.72  59  
-11.71  55  
-11.7  86  
-11.69  54  
-11.68  62  
-11.67  70  
-11.66  57  
-11.65  61  
-11.64  68  
-11.63  71  
-11.62  65  
-11.61  69  
-11.6  59  
-11.59  53  
-11.58  69  
-11.57  52  
-11.56  65  
-11.55  64  
-11.54  67  
-11.53  80  
-11.52  67  
-11.51  67  
-11.5  82  
-11.49  73  
-11.48  67  
-11.47  62  
-11.46  61  
-11.45  74  
-11.44  71  
-11.43  74  
-11.42  61  
-11.41  74  
-11.4  82  
-11.39  65  
-11.38  80  
-11.37  79  
-11.36  72  
-11.35  81  
-11.34  76  
-11.33  77  
-11.32  76  
-11.31  78  
-11.3  73  
-11.29  79  
-11.28  85  
-11.27  102  
-11.26  79  
-11.25  96  
-11.24  75  
-11.23  87  
-11.22  95  
-11.21  90  
-11.2  90  
-11.19  84  
-11.18  81  
-11.17  70  
-11.16  66  
-11.15  74  
-11.14  85  
-11.13  73  
-11.12  78  
-11.11  88  
-11.1  91  
-11.09  99  
-11.08  78  
-11.07  69  
-11.06  87  
-11.05  74  
-11.04  95  
-11.03  97  
-11.02  90  
-11.01  102  
-11  111  
-10.99  88  
-10.98  87  
-10.97  82  
-10.96  89  
-10.95  82  
-10.94  93  
-10.93  89  
-10.92  87  
-10.91  102  
-10.9  84  
-10.89  112  
-10.88  106  
-10.87  95  
-10.86  107  
-10.85  94  
-10.84  80  
-10.83  118  
-10.82  91  
-10.81  106  
-10.8  87  
-10.79  102  
-10.78  114  
-10.77  107  
-10.76  105  
-10.75  109  
-10.74  100  
-10.73  97  
-10.72  112  
-10.71  105  
-10.7  107  
-10.69  107  
-10.68  113  
-10.67  104  
-10.66  107  
-10.65  102  
-10.64  118  
-10.63  123  
-10.62  107  
-10.61  106  
-10.6  115  
-10.59  114  
-10.58  97  
-10.57  120  
-10.56  107  
-10.55  109  
-10.54  113  
-10.53  113  
-10.52  105  
-10.51  111  
-10.5  113  
-10.49  119  
-10.48  87  
-10.47  116  
-10.46  120  
-10.45  110  
-10.44  135  
-10.43  125  
-10.42  114  
-10.41  108  
-10.4  118  
-10.39  152  
-10.38  117  
-10.37  110  
-10.36  124  
-10.35  128  
-10.34  117  
-10.33  126  
-10.32  139  
-10.31  111  
-10.3  127  
-10.29  129  
-10.28  111  
-10.27  126  
-10.26  121  
-10.25  142  
-10.24  125  
-10.23  127  
-10.22  117  
-10.21  146  
-10.2  134  
-10.19  124  
-10.18  139  
-10.17  117  
-10.16  135  
-10.15  133  
-10.14  124  
-10.13  143  
-10.12  125  
-10.11  129  
-10.1  133  
-10.09  123  
-10.08  133  
-10.07  139  
-10.06  143  
-10.05  112  
-10.04  135  
-10.03  122  
-10.02  118  
-10.01  128  
-10  134  
-9.99  137  
-9.98  129  
-9.97  131  
-9.96  123  
-9.95  124  
-9.94  129  
-9.93  131  
-9.92  140  
-9.91  110  
-9.9  127  
-9.89  141  
-9.88  139  
-9.87  126  
-9.86  145  
-9.85  145  
-9.84  142  
-9.83  145  
-9.82  148  
-9.81  127  
-9.8  126  
-9.79  125  
-9.78  135  
-9.77  128  
-9.76  146  
-9.75  126  
-9.74  133  
-9.73  130  
-9.72  130  
-9.71  139  
-9.7  157  
-9.69  143  
-9.68  147  
-9.67  145  
-9.66  136  
-9.65  166  
-9.64  141  
-9.63  132  
-9.62  123  
-9.61  128  
-9.6  125  
-9.59  153  
-9.58  163  
-9.57  154  
-9.56  135  
-9.55  126  
-9.54  147  
-9.53  131  
-9.52  150  
-9.51  130  
-9.5  133  
-9.49  144  
-9.48  137  
-9.47  134  
-9.46  145  
-9.45  145  
-9.44  143  
-9.43  127  
-9.42  136  
-9.41  130  
-9.4  155  
-9.39  162  
-9.38  126  
-9.37  146  
-9.36  138  
-9.35  128  
-9.34  144  
-9.33  148  
-9.32  131  
-9.31  128  
-9.3  139  
-9.29  140  
-9.28  138  
-9.27  136  
-9.26  153  
-9.25  108  
-9.24  140  
-9.23  120  
-9.22  123  
-9.21  120  
-9.2  153  
-9.19  124  
-9.18  124  
-9.17  120  
-9.16  164  
-9.15  141  
-9.14  121  
-9.13  124  
-9.12  129  
-9.11  145  
-9.1  163  
-9.09  129  
-9.08  122  
-9.07  136  
-9.06  124  
-9.05  123  
-9.04  142  
-9.03  129  
-9.02  120  
-9.01  141  
-9  119  
-8.99  139  
-8.98  111  
-8.97  117  
-8.96  132  
-8.95  106  
-8.94  111  
-8.93  125  
-8.92  105  
-8.91  117  
-8.9  125  
-8.89  127  
-8.88  141  
-8.87  110  
-8.86  112  
-8.85  135  
-8.84  115  
-8.83  123  
-8.82  108  
-8.81  110  
-8.8  119  
-8.79  99  
-8.78  100  
-8.77  96  
-8.76  113  
-8.75  104  
-8.74  93  
-8.73  109  
-8.72  99  
-8.71  120  
-8.7  129  
-8.69  110  
-8.68  120  
-8.67  100  
-8.66  108  
-8.65  107  
-8.64  123  
-8.63  129  
-8.62  97  
-8.61  101  
-8.6  92  
-8.59  114  
-8.58  125  
-8.57  97  
-8.56  102  
-8.55  107  
-8.54  97  
-8.53  97  
-8.52  103  
-8.51  104  
-8.5  105  
-8.49  97  
-8.48  103  
-8.47  98  
-8.46  85  
-8.45  99  
-8.44  103  
-8.43  79  
-8.42  90  
-8.41  104  
-8.4  91  
-8.39  102  
-8.38  93  
-8.37  99  
-8.36  100  
-8.35  90  
-8.34  74  
-8.33  79  
-8.32  87  
-8.31  95  
-8.3  83  
-8.29  78  
-8.28  93  
-8.27  67  
-8.26  91  
-8.25  77  
-8.24  80  
-8.23  69  
-8.22  63  
-8.21  73  
-8.2  83  
-8.19  79  
-8.18  75  
-8.17  86  
-8.16  79  
-8.15  95  
-8.14  72  
-8.13  67  
-8.12  71  
-8.11  59  
-8.1  85  
-8.09  64  
-8.08  73  
-8.07  51  
-8.06  55  
-8.05  82  
-8.04  75  
-8.03  65  
-8.02  68  
-8.01  60  
-8  63  
-7.99  59  
-7.98  74  
-7.97  61  
-7.96  54  
-7.95  49  
-7.94  61  
-7.93  57  
-7.92  65  
-7.91  51  
-7.9  52  
-7.89  65  
-7.88  62  
-7.87  56  
-7.86  50  
-7.85  55  
-7.84  53  
-7.83  67  
-7.82  54  
-7.81  59  
-7.8  45  
-7.79  45  
-7.78  52  
-7.77  44  
-7.76  38  
-7.75  59  
-7.74  61  
-7.73  42  
-7.72  50  
-7.71  37  
-7.7  34  
-7.69  45  
-7.68  61  
-7.67  49  
-7.66  35  
-7.65  38  
-7.64  36  
-7.63  40  
-7.62  31  
-7.61  43  
-7.6  42  
-7.59  30  
-7.58  32  
-7.57  37  
-7.56  37  
-7.55  24  
-7.54  35  
-7.53  33  
-7.52  29  
-7.51  38  
-7.5  33  
-7.49  41  
-7.48  29  
-7.47  25  
-7.46  24  
-7.45  31  
-7.44  28  
-7.43  26  
-7.42  33  
-7.41  24  
-7.4  30  
-7.39  31  
-7.38  29  
-7.37  23  
-7.36  23  
-7.35  16  
-7.34  23  
-7.33  29  
-7.32  29  
-7.31  26  
-7.3  30  
-7.29  22  
-7.28  27  
-7.27  22  
-7.26  27  
-7.25  24  
-7.24  23  
-7.23  28  
-7.22  25  
-7.21  18  
-7.2  21  
-7.19  26  
-7.18  16  
-7.17  24  
-7.16  16  
-7.15  19  
-7.14  28  
-7.13  19  
-7.12  17  
-7.11  22  
-7.1  16  
-7.09  21  
-7.08  19  
-7.07  20  
-7.06  18  
-7.05  14  
-7.04  19  
-7.03  20  
-7.02  14  
-7.01  15  
-7  11  
-6.99  21  
-6.98  8  
-6.97  11  
-6.96  11  
-6.95  17  
-6.94  19  
-6.93  9  
-6.92  17  
-6.91  7  
-6.9  10  
-6.89  11  
-6.88  5  
-6.87  11  
-6.86  10  
-6.85  9  
-6.84  13  
-6.83  12  
-6.82  12  
-6.81  10  
-6.8  9  
-6.79  7  
-6.78  5  
-6.77  5  
-6.76  8  
-6.75  9  
-6.74  8  
-6.73  12  
-6.72  8  
-6.71  6  
-6.7  5  
-6.69  5  
-6.68  3  
-6.67  9  
-6.66  4  
-6.65  7  
-6.64  5  
-6.63  9  
-6.62  11  
-6.61  5  
-6.6  3  
-6.59  8  
-6.58  7  
-6.57  4  
-6.56  4  
-6.55  8  
-6.54  5  
-6.53  4  
-6.52  6  
-6.51  5  
-6.5  4  
-6.49  8  
-6.48  5  
-6.47  1  
-6.46  3  
-6.45  1  
-6.44  2  
-6.43  5  
-6.42  7  
-6.41  2  
-6.4  5  
-6.39  2  
-6.38  6  
-6.37  2  
-6.36  3  
-6.35  3  
-6.34  3  
-6.33  1  
-6.32  3  
-6.31  3  
-6.3  4  
-6.29  3  
-6.28  3  
-6.27  6  
-6.26  3  
-6.25  0  
-6.24  1  
-6.23  0  
-6.22  2  
-6.21  1  
-6.2  2  
-6.19  4  
-6.18  1  
-6.17  3  
-6.16  1  
-6.15  3  
-6.14  1  
-6.13  2  
-6.12  1  
-6.11  1  
-6.1  5  
-6.09  1  
-6.08  1  
-6.07  0  
-6.06  3  
-6.05  2  
-6.04  1  
-6.03  1  
-6.02  4  
-6.01  1  
-6  1  
-5.99  1  
-5.98  1  
-5.97  1  
-5.96  0  
-5.95  0  
-5.94  3  
-5.93  2  
-5.92  2  
-5.91  0  
-5.9  0  
-5.89  1  
-5.88  1  
-5.87  3  
-5.86  2  
-5.85  0  
-5.84  1  
-5.83  0  
-5.82  2  
-5.81  1  
-5.8  1  
-5.79  0  
-5.78  0  
-5.77  0  
-5.76  0  
-5.75  2  
-5.74  0  
-5.73  0  
-5.72  0  
-5.71  0  
-5.7  0  
-5.69  1  
-5.68  1  
-5.67  0  
-5.66  0  
-5.65  0  
-5.64  1  
-5.63  0  
-5.62  0  
-5.61  0  
-5.6  0  
-5.59  0  
-5.58  0  
-5.57  0  
-5.56  0  
-5.55  0  
-5.54  0  
-5.53  0  
-5.52  0  
-5.51  0  
-5.5  0  
-5.49  0  
-5.48  0  
-5.47  0  
-5.46  0  
-5.45  0  
-5.44  1  
-5.43  0  
-5.42  1  
-5.41  0  
-5.4  1  
-5.39  0  
-5.38  1  
-5.37  0  
-5.36  0  
-5.35  0  
-5.34  0  
-5.33  0  
-5.32  0  
-5.31  0  
-5.3  0  
-5.29  0  
-5.28  0  
-5.27  0  
-5.26  1  
-5.25  0  
-5.24  0  
-5.23  0  
-5.22  0  
-5.21  0  
-5.2  0  
-5.19  0  
-5.18  0  
-5.17  0  
-5.16  0  
-5.15  0  
-5.14  0  
-5.13  0  
-5.12  0  
-5.11  0  
-5.1  0  
-5.09  0  
-5.08  0  
-5.07  0  
-5.06  0  
-5.05  0  
-5.04  0  
-5.03  0  
-5.02  0  
-5.01  0  
-5  0  
-4.99  0  
-4.98  0  
-4.97  0  
-4.96  0  
-4.95  0  
-4.94  0  
-4.93  0  
-4.92  0  
-4.91  0  
-4.9  0  
-4.89  0  
-4.88  0  
-4.87  0  
-4.86  0  
-4.85  0  
-4.84  0  
-4.83  0  
-4.82  0  
-4.81  0  
-4.8  0  
-4.79  0  
-4.78  0  
-4.77  0  
-4.76  0  
-4.75  0  
-4.74  0  
-4.73  0  
-4.72  0  
-4.71  0  
-4.7  0  
-4.69  0  
-4.68  0  
-4.67  0  
-4.66  0  
-4.65  0  
-4.64  0  
-4.63  0  
-4.62  0  
-4.61  0  
-4.6  0  
-4.59  0  
-4.58  0  
-4.57  0  
-4.56  0  
-4.55  0  
-4.54  0  
-4.53  0  
-4.52  0  
-4.51  0  
-4.5  0  
-4.49  0  
-4.48  0  
-4.47  0  
-4.46  0  
-4.45  0  
-4.44  0  
-4.43  0  
-4.42  0  
-4.41  0  
-4.4  0  
-4.39  0  
-4.38  0  
-4.37  0  
-4.36  0  
-4.35  0  
-4.34  0  
-4.33  0  
-4.32  0  
-4.31  0  
-4.3  0  
-4.29  0  
-4.28  0  
-4.27  0  
-4.26  0  
-4.25  0  
-4.24  0  
-4.23  0  
-4.22  0  
-4.21  0  
-4.2  0  
-4.19  0  
-4.18  0  
-4.17  0  
-4.16  0  
-4.15  0  
-4.14  0  
-4.13  0  
-4.12  0  
-4.11  0  
-4.1  0  
-4.09  0  
-4.08  0  
-4.07  0  
-4.06  0  
-4.05  0  
-4.04  0  
-4.03  0  
-4.02  0  
-4.01  0  
-4  0  
-3.99  0  
-3.98  0  
-3.97  0  
-3.96  0  
-3.95  0  
-3.94  0  
-3.93  0  
-3.92  0  
-3.91  0  
-3.9  0  
-3.89  0  
-3.88  0  
-3.87  0  
-3.86  0  
-3.85  0  
-3.84  0  
-3.83  0  
-3.82  0  
-3.81  0  
-3.8  0  
-3.79  0  
-3.78  0  
-3.77  0  
-3.76  0  
-3.75  0  
-3.74  0  
-3.73  0  
-3.72  0  
-3.71  0  
-3.7  0  
-3.69  0  
-3.68  0  
-3.67  0  
-3.66  0  
-3.65  0  
-3.64  0  
-3.63  0  
-3.62  0  
-3.61  0  
-3.6  0  
-3.59  0  
-3.58  0  
-3.57  0  
-3.56  0  
-3.55  0  
-3.54  0  
-3.53  0  
-3.52  0  
-3.51  0  
-3.5  0  
-3.49  0  
-3.48  0  
-3.47  0  
-3.46  0  
-3.45  0  
-3.44  0  
-3.43  0  
-3.42  0  
-3.41  0  
-3.4  0  
-3.39  0  
-3.38  0  
-3.37  0  
-3.36  0  
-3.35  0  
-3.34  0  
-3.33  0  
-3.32  0  
-3.31  0  
-3.3  0  
-3.29  0  
-3.28  0  
-3.27  0  
-3.26  0  
-3.25  0  
-3.24  0  
-3.23  0  
-3.22  0  
-3.21  0  
-3.2  0  
-3.19  0  
-3.18  0  
-3.17  0  
-3.16  0  
-3.15  0  
-3.14  0  
-3.13  0  
-3.12  0  
-3.11  0  
-3.1  0  
-3.09  0  
-3.08  0  
-3.07  0  
-3.06  0  
-3.05  0  
-3.04  0  
-3.03  0  
-3.02  0  
-3.01  0  
-3  0  
