10 1002 -14 -4 9041  0  230182
-14  26  
-13.99  33  
-13.98  25  
-13.97  27  
-13.96  41  
-13.95  34  
-13.94  33  
-13.93  34  
-13.92  26  
-13.91  32  
-13.9  24  
-13.89  33  
-13.88  28  
-13.87  33  
-13.86  35  
-13.85  29  
-13.84  40  
-13.83  27  
-13.82  38  
-13.81  30  
-13.8  25  
-13.79  30  
-13.78  31  
-13.77  42  
-13.76  28  
-13.75  50  
-13.74  33  
-13.73  25  
-13.72  29  
-13.71  41  
-13.7  26  
-13.69  30  
-13.68  30  
-13.67  35  
-13.66  45  
-13.65  44  
-13.64  32  
-13.63  41  
-13.62  34  
-13.61  44  
-13.6  41  
-13.59  34  
-13.58  31  
-13.57  34  
-13.56  30  
-13.55  32  
-13.54  44  
-13.53  38  
-13.52  46  
-13.51  34  
-13.5  27  
-13.49  36  
-13.48  41  
-13.47  35  
-13.46  34  
-13.45  33  
-13.44  29  
-13.43  32  
-13.42  43  
-13.41  28  
-13.4  43  
-13.39  43  
-13.38  47  
-13.37  35  
-13.36  51  
-13.35  25  
-13.34  38  
-13.33  37  
-13.32  25  
-13.31  34  
-13.3  31  
-13.29  43  
-13.28  52  
-13.27  37  
-13.26  43  
-13.25  37  
-13.24  39  
-13.23  49  
-13.22  40  
-13.21  28  
-13.2  35  
-13.19  43  
-13.18  34  
-13.17  35  
-13.16  43  
-13.15  35  
-13.14  45  
-13.13  36  
-13.12  43  
-13.11  39  
-13.1  44  
-13.09  45  
-13.08  45  
-13.07  44  
-13.06  44  
-13.05  41  
-13.04  42  
-13.03  39  
-13.02  39  
-13.01  50  
-13  43  
-12.99  49  
-12.98  40  
-12.97  38  
-12.96  43  
-12.95  43  
-12.94  33  
-12.93  50  
-12.92  52  
-12.91  40  
-12.9  59  
-12.89  40  
-12.88  60  
-12.87  44  
-12.86  42  
-12.85  58  
-12.84  45  
-12.83  30  
-12.82  51  
-12.81  55  
-12.8  37  
-12.79  62  
-12.78  46  
-12.77  51  
-12.76  60  
-12.75  50  
-12.74  35  
-12.73  54  
-12.72  52  
-12.71  54  
-12.7  52  
-12.69  52  
-12.68  40  
-12.67  58  
-12.66  61  
-12.65  49  
-12.64  56  
-12.63  51  
-12.62  63  
-12.61  53  
-12.6  58  
-12.59  52  
-12.58  54  
-12.57  53  
-12.56  55  
-12.55  66  
-12.54  51  
-12.53  49  
-12.52  54  
-12.51  65  
-12.5  45  
-12.49  60  
-12.48  52  
-12.47  60  
-12.46  63  
-12.45  58  
-12.44  56  
-12.43  45  
-12.42  54  
-12.41  57  
-12.4  53  
-12.39  55  
-12.38  49  
-12.37  67  
-12.36  55  
-12.35  64  
-12.34  61  
-12.33  49  
-12.32  75  
-12.31  60  
-12.3  57  
-12.29  65  
-12.28  56  
-12.27  64  
-12.26  71  
-12.25  61  
-12.24  72  
-12.23  47  
-12.22  52  
-12.21  78  
-12.2  84  
-12.19  71  
-12.18  65  
-12.17  53  
-12.16  65  
-12.15  68  
-12.14  66  
-12.13  62  
-12.12  70  
-12.11  74  
-12.1  75  
-12.09  69  
-12.08  68  
-12.07  82  
-12.06  61  
-12.05  75  
-12.04  80  
-12.03  76  
-12.02  89  
-12.01  82  
-12  53  
-11.99  89  
-11.98  72  
-11.97  65  
-11.96  68  
-11.95  87  
-11.94  74  
-11.93  83  
-11.92  81  
-11.91  92  
-11.9  77  
-11.89  78  
-11.88  77  
-11.87  88  
-11.86  94  
-11.85  79  
-11.84  95  
-11.83  91  
-11.82  101  
-11.81  88  
-11.8  94  
-11.79  90  
-11.78  83  
-11.77  79  
-11.76  96  
-11.75  89  
-11.74  89  
-11.73  69  
-11.72  99  
-11.71  83  
-11.7  101  
-11.69  72  
-11.68  96  
-11.67  104  
-11.66  97  
-11.65  97  
-11.64  76  
-11.63  98  
-11.62  97  
-11.61  88  
-11.6  85  
-11.59  91  
-11.58  97  
-11.57  107  
-11.56  98  
-11.55  98  
-11.54  91  
-11.53  113  
-11.52  82  
-11.51  95  
-11.5  90  
-11.49  112  
-11.48  84  
-11.47  102  
-11.46  100  
-11.45  117  
-11.44  86  
-11.43  87  
-11.42  97  
-11.41  95  
-11.4  96  
-11.39  89  
-11.38  88  
-11.37  105  
-11.36  109  
-11.35  99  
-11.34  117  
-11.33  108  
-11.32  113  
-11.31  93  
-11.3  103  
-11.29  120  
-11.28  111  
-11.27  114  
-11.26  102  
-11.25  95  
-11.24  115  
-11.23  122  
-11.22  114  
-11.21  122  
-11.2  105  
-11.19  105  
-11.18  117  
-11.17  131  
-11.16  134  
-11.15  104  
-11.14  114  
-11.13  124  
-11.12  118  
-11.11  128  
-11.1  114  
-11.09  112  
-11.08  119  
-11.07  129  
-11.06  114  
-11.05  107  
-11.04  133  
-11.03  121  
-11.02  117  
-11.01  110  
-11  119  
-10.99  93  
-10.98  123  
-10.97  134  
-10.96  143  
-10.95  115  
-10.94  128  
-10.93  136  
-10.92  145  
-10.91  124  
-10.9  124  
-10.89  132  
-10.88  122  
-10.87  145  
-10.86  145  
-10.85  138  
-10.84  118  
-10.83  125  
-10.82  144  
-10.81  132  
-10.8  150  
-10.79  131  
-10.78  125  
-10.77  158  
-10.76  137  
-10.75  121  
-10.74  146  
-10.73  160  
-10.72  151  
-10.71  135  
-10.7  131  
-10.69  139  
-10.68  152  
-10.67  133  
-10.66  116  
-10.65  113  
-10.64  135  
-10.63  142  
-10.62  114  
-10.61  149  
-10.6  141  
-10.59  138  
-10.58  128  
-10.57  142  
-10.56  139  
-10.55  136  
-10.54  125  
-10.53  127  
-10.52  119  
-10.51  121  
-10.5  130  
-10.49  113  
-10.48  146  
-10.47  131  
-10.46  129  
-10.45  131  
-10.44  149  
-10.43  141  
-10.42  129  
-10.41  130  
-10.4  132  
-10.39  136  
-10.38  161  
-10.37  154  
-10.36  133  
-10.35  125  
-10.34  131  
-10.33  145  
-10.32  136  
-10.31  162  
-10.3  139  
-10.29  128  
-10.28  145  
-10.27  131  
-10.26  125  
-10.25  150  
-10.24  144  
-10.23  140  
-10.22  139  
-10.21  143  
-10.2  130  
-10.19  151  
-10.18  132  
-10.17  153  
-10.16  139  
-10.15  151  
-10.14  143  
-10.13  136  
-10.12  162  
-10.11  141  
-10.1  130  
-10.09  136  
-10.08  144  
-10.07  143  
-10.06  120  
-10.05  152  
-10.04  144  
-10.03  133  
-10.02  140  
-10.01  148  
-10  147  
-9.99  141  
-9.98  129  
-9.97  147  
-9.96  153  
-9.95  137  
-9.94  135  
-9.93  136  
-9.92  144  
-9.91  131  
-9.9  114  
-9.89  144  
-9.88  151  
-9.87  152  
-9.86  151  
-9.85  158  
-9.84  132  
-9.83  150  
-9.82  114  
-9.81  120  
-9.8  120  
-9.79  125  
-9.78  141  
-9.77  136  
-9.76  130  
-9.75  130  
-9.74  134  
-9.73  124  
-9.72  141  
-9.71  109  
-9.7  121  
-9.69  104  
-9.68  121  
-9.67  151  
-9.66  126  
-9.65  137  
-9.64  135  
-9.63  134  
-9.62  121  
-9.61  142  
-9.6  125  
-9.59  124  
-9.58  118  
-9.57  119  
-9.56  122  
-9.55  116  
-9.54  116  
-9.53  123  
-9.52  115  
-9.51  116  
-9.5  126  
-9.49  102  
-9.48  111  
-9.47  119  
-9.46  129  
-9.45  126  
-9.44  137  
-9.43  106  
-9.42  117  
-9.41  110  
-9.4  128  
-9.39  99  
-9.38  86  
-9.37  110  
-9.36  119  
-9.35  98  
-9.34  111  
-9.33  121  
-9.32  101  
-9.31  104  
-9.3  103  
-9.29  109  
-9.28  106  
-9.27  115  
-9.26  112  
-9.25  103  
-9.24  100  
-9.23  107  
-9.22  99  
-9.21  113  
-9.2  98  
-9.19  111  
-9.18  99  
-9.17  90  
-9.16  90  
-9.15  105  
-9.14  100  
-9.13  99  
-9.12  80  
-9.11  93  
-9.1  104  
-9.09  102  
-9.08  108  
-9.07  104  
-9.06  90  
-9.05  93  
-9.04  79  
-9.03  92  
-9.02  80  
-9.01  89  
-9  87  
-8.99  71  
-8.98  101  
-8.97  81  
-8.96  81  
-8.95  80  
-8.94  94  
-8.93  78  
-8.92  99  
-8.91  69  
-8.9  81  
-8.89  74  
-8.88  72  
-8.87  81  
-8.86  62  
-8.85  70  
-8.84  85  
-8.83  71  
-8.82  75  
-8.81  66  
-8.8  63  
-8.79  58  
-8.78  74  
-8.77  60  
-8.76  58  
-8.75  61  
-8.74  70  
-8.73  73  
-8.72  67  
-8.71  60  
-8.7  70  
-8.69  65  
-8.68  56  
-8.67  56  
-8.66  56  
-8.65  67  
-8.64  58  
-8.63  69  
-8.62  52  
-8.61  58  
-8.6  53  
-8.59  60  
-8.58  50  
-8.57  69  
-8.56  39  
-8.55  50  
-8.54  46  
-8.53  54  
-8.52  63  
-8.51  52  
-8.5  54  
-8.49  50  
-8.48  54  
-8.47  50  
-8.46  34  
-8.45  46  
-8.44  66  
-8.43  33  
-8.42  42  
-8.41  37  
-8.4  48  
-8.39  48  
-8.38  39  
-8.37  28  
-8.36  43  
-8.35  33  
-8.34  40  
-8.33  35  
-8.32  29  
-8.31  50  
-8.3  42  
-8.29  43  
-8.28  47  
-8.27  28  
-8.26  34  
-8.25  36  
-8.24  33  
-8.23  31  
-8.22  35  
-8.21  37  
-8.2  35  
-8.19  26  
-8.18  35  
-8.17  39  
-8.16  31  
-8.15  37  
-8.14  24  
-8.13  37  
-8.12  23  
-8.11  31  
-8.1  25  
-8.09  21  
-8.08  20  
-8.07  32  
-8.06  25  
-8.05  19  
-8.04  27  
-8.03  20  
-8.02  32  
-8.01  27  
-8  15  
-7.99  19  
-7.98  26  
-7.97  28  
-7.96  24  
-7.95  24  
-7.94  22  
-7.93  22  
-7.92  20  
-7.91  21  
-7.9  18  
-7.89  20  
-7.88  25  
-7.87  18  
-7.86  22  
-7.85  16  
-7.84  17  
-7.83  9  
-7.82  13  
-7.81  18  
-7.8  19  
-7.79  23  
-7.78  20  
-7.77  16  
-7.76  17  
-7.75  17  
-7.74  17  
-7.73  10  
-7.72  19  
-7.71  16  
-7.7  13  
-7.69  18  
-7.68  22  
-7.67  18  
-7.66  12  
-7.65  22  
-7.64  14  
-7.63  11  
-7.62  21  
-7.61  15  
-7.6  17  
-7.59  21  
-7.58  12  
-7.57  11  
-7.56  10  
-7.55  16  
-7.54  15  
-7.53  10  
-7.52  6  
-7.51  11  
-7.5  7  
-7.49  6  
-7.48  10  
-7.47  8  
-7.46  14  
-7.45  4  
-7.44  4  
-7.43  4  
-7.42  14  
-7.41  11  
-7.4  12  
-7.39  6  
-7.38  6  
-7.37  4  
-7.36  4  
-7.35  6  
-7.34  4  
-7.33  4  
-7.32  6  
-7.31  4  
-7.3  6  
-7.29  6  
-7.28  5  
-7.27  3  
-7.26  10  
-7.25  3  
-7.24  7  
-7.23  8  
-7.22  8  
-7.21  6  
-7.2  5  
-7.19  4  
-7.18  6  
-7.17  4  
-7.16  7  
-7.15  4  
-7.14  7  
-7.13  5  
-7.12  3  
-7.11  3  
-7.1  6  
-7.09  2  
-7.08  3  
-7.07  1  
-7.06  1  
-7.05  2  
-7.04  1  
-7.03  3  
-7.02  3  
-7.01  5  
-7  3  
-6.99  1  
-6.98  3  
-6.97  0  
-6.96  2  
-6.95  4  
-6.94  3  
-6.93  5  
-6.92  2  
-6.91  3  
-6.9  5  
-6.89  1  
-6.88  2  
-6.87  2  
-6.86  1  
-6.85  2  
-6.84  1  
-6.83  2  
-6.82  0  
-6.81  2  
-6.8  2  
-6.79  1  
-6.78  2  
-6.77  1  
-6.76  4  
-6.75  1  
-6.74  0  
-6.73  0  
-6.72  1  
-6.71  2  
-6.7  0  
-6.69  1  
-6.68  1  
-6.67  3  
-6.66  2  
-6.65  2  
-6.64  0  
-6.63  1  
-6.62  1  
-6.61  0  
-6.6  0  
-6.59  0  
-6.58  1  
-6.57  2  
-6.56  0  
-6.55  2  
-6.54  0  
-6.53  1  
-6.52  0  
-6.51  0  
-6.5  1  
-6.49  0  
-6.48  0  
-6.47  2  
-6.46  1  
-6.45  0  
-6.44  0  
-6.43  0  
-6.42  0  
-6.41  0  
-6.4  2  
-6.39  0  
-6.38  1  
-6.37  0  
-6.36  0  
-6.35  1  
-6.34  0  
-6.33  1  
-6.32  0  
-6.31  0  
-6.3  1  
-6.29  0  
-6.28  0  
-6.27  0  
-6.26  0  
-6.25  0  
-6.24  0  
-6.23  0  
-6.22  1  
-6.21  0  
-6.2  0  
-6.19  0  
-6.18  0  
-6.17  0  
-6.16  0  
-6.15  0  
-6.14  0  
-6.13  0  
-6.12  0  
-6.11  1  
-6.1  0  
-6.09  0  
-6.08  0  
-6.07  0  
-6.06  0  
-6.05  0  
-6.04  0  
-6.03  0  
-6.02  0  
-6.01  0  
-6  0  
-5.99  0  
-5.98  0  
-5.97  0  
-5.96  0  
-5.95  0  
-5.94  0  
-5.93  0  
-5.92  0  
-5.91  0  
-5.9  0  
-5.89  0  
-5.88  0  
-5.87  0  
-5.86  0  
-5.85  0  
-5.84  0  
-5.83  0  
-5.82  1  
-5.81  0  
-5.8  0  
-5.79  0  
-5.78  0  
-5.77  0  
-5.76  0  
-5.75  0  
-5.74  0  
-5.73  0  
-5.72  0  
-5.71  0  
-5.7  0  
-5.69  0  
-5.68  0  
-5.67  0  
-5.66  0  
-5.65  0  
-5.64  0  
-5.63  0  
-5.62  0  
-5.61  0  
-5.6  0  
-5.59  0  
-5.58  0  
-5.57  0  
-5.56  0  
-5.55  0  
-5.54  0  
-5.53  0  
-5.52  0  
-5.51  0  
-5.5  0  
-5.49  0  
-5.48  0  
-5.47  0  
-5.46  0  
-5.45  0  
-5.44  0  
-5.43  0  
-5.42  0  
-5.41  0  
-5.4  0  
-5.39  0  
-5.38  0  
-5.37  0  
-5.36  0  
-5.35  0  
-5.34  0  
-5.33  0  
-5.32  0  
-5.31  0  
-5.3  0  
-5.29  0  
-5.28  0  
-5.27  0  
-5.26  0  
-5.25  0  
-5.24  0  
-5.23  0  
-5.22  0  
-5.21  0  
-5.2  0  
-5.19  0  
-5.18  0  
-5.17  0  
-5.16  0  
-5.15  0  
-5.14  0  
-5.13  0  
-5.12  0  
-5.11  0  
-5.1  0  
-5.09  0  
-5.08  0  
-5.07  0  
-5.06  0  
-5.05  0  
-5.04  0  
-5.03  0  
-5.02  0  
-5.01  0  
-5  0  
-4.99  0  
-4.98  0  
-4.97  0  
-4.96  0  
-4.95  0  
-4.94  0  
-4.93  0  
-4.92  0  
-4.91  0  
-4.9  0  
-4.89  0  
-4.88  0  
-4.87  0  
-4.86  0  
-4.85  0  
-4.84  0  
-4.83  0  
-4.82  0  
-4.81  0  
-4.8  0  
-4.79  0  
-4.78  0  
-4.77  0  
-4.76  0  
-4.75  0  
-4.74  0  
-4.73  0  
-4.72  0  
-4.71  0  
-4.7  0  
-4.69  0  
-4.68  0  
-4.67  0  
-4.66  0  
-4.65  0  
-4.64  0  
-4.63  0  
-4.62  0  
-4.61  0  
-4.6  0  
-4.59  0  
-4.58  0  
-4.57  0  
-4.56  0  
-4.55  0  
-4.54  0  
-4.53  0  
-4.52  0  
-4.51  0  
-4.5  0  
-4.49  0  
-4.48  0  
-4.47  0  
-4.46  0  
-4.45  0  
-4.44  0  
-4.43  0  
-4.42  0  
-4.41  0  
-4.4  0  
-4.39  0  
-4.38  0  
-4.37  0  
-4.36  0  
-4.35  0  
-4.34  0  
-4.33  0  
-4.32  0  
-4.31  0  
-4.3  0  
-4.29  0  
-4.28  0  
-4.27  0  
-4.26  0  
-4.25  0  
-4.24  0  
-4.23  0  
-4.22  0  
-4.21  0  
-4.2  0  
-4.19  0  
-4.18  0  
-4.17  0  
-4.16  0  
-4.15  0  
-4.14  0  
-4.13  0  
-4.12  0  
-4.11  0  
-4.1  0  
-4.09  0  
-4.08  0  
-4.07  0  
-4.06  0  
-4.05  0  
-4.04  0  
-4.03  0  
-4.02  0  
-4.01  0  
-4  0  
