10 1002 -13 -3 1437  0  230182
-13  10  
-12.99  16  
-12.98  14  
-12.97  11  
-12.96  15  
-12.95  12  
-12.94  15  
-12.93  12  
-12.92  6  
-12.91  12  
-12.9  18  
-12.89  18  
-12.88  8  
-12.87  15  
-12.86  15  
-12.85  19  
-12.84  12  
-12.83  17  
-12.82  14  
-12.81  22  
-12.8  17  
-12.79  22  
-12.78  22  
-12.77  20  
-12.76  17  
-12.75  24  
-12.74  8  
-12.73  22  
-12.72  23  
-12.71  8  
-12.7  16  
-12.69  19  
-12.68  27  
-12.67  24  
-12.66  24  
-12.65  15  
-12.64  16  
-12.63  18  
-12.62  25  
-12.61  28  
-12.6  25  
-12.59  21  
-12.58  21  
-12.57  23  
-12.56  23  
-12.55  32  
-12.54  15  
-12.53  22  
-12.52  20  
-12.51  24  
-12.5  17  
-12.49  22  
-12.48  24  
-12.47  26  
-12.46  27  
-12.45  24  
-12.44  27  
-12.43  21  
-12.42  25  
-12.41  30  
-12.4  25  
-12.39  25  
-12.38  23  
-12.37  18  
-12.36  25  
-12.35  35  
-12.34  30  
-12.33  28  
-12.32  25  
-12.31  26  
-12.3  33  
-12.29  30  
-12.28  30  
-12.27  35  
-12.26  36  
-12.25  30  
-12.24  29  
-12.23  41  
-12.22  26  
-12.21  35  
-12.2  35  
-12.19  42  
-12.18  38  
-12.17  33  
-12.16  37  
-12.15  20  
-12.14  37  
-12.13  32  
-12.12  29  
-12.11  32  
-12.1  39  
-12.09  38  
-12.08  34  
-12.07  37  
-12.06  45  
-12.05  40  
-12.04  32  
-12.03  41  
-12.02  41  
-12.01  44  
-12  37  
-11.99  41  
-11.98  40  
-11.97  37  
-11.96  52  
-11.95  36  
-11.94  40  
-11.93  44  
-11.92  38  
-11.91  54  
-11.9  42  
-11.89  41  
-11.88  41  
-11.87  45  
-11.86  51  
-11.85  50  
-11.84  44  
-11.83  64  
-11.82  54  
-11.81  50  
-11.8  58  
-11.79  63  
-11.78  52  
-11.77  52  
-11.76  57  
-11.75  47  
-11.74  52  
-11.73  54  
-11.72  54  
-11.71  42  
-11.7  59  
-11.69  42  
-11.68  51  
-11.67  53  
-11.66  54  
-11.65  58  
-11.64  54  
-11.63  58  
-11.62  55  
-11.61  50  
-11.6  58  
-11.59  73  
-11.58  54  
-11.57  54  
-11.56  77  
-11.55  64  
-11.54  74  
-11.53  70  
-11.52  66  
-11.51  73  
-11.5  70  
-11.49  69  
-11.48  75  
-11.47  81  
-11.46  71  
-11.45  67  
-11.44  77  
-11.43  59  
-11.42  77  
-11.41  71  
-11.4  68  
-11.39  59  
-11.38  69  
-11.37  75  
-11.36  79  
-11.35  84  
-11.34  75  
-11.33  70  
-11.32  91  
-11.31  78  
-11.3  100  
-11.29  69  
-11.28  74  
-11.27  101  
-11.26  92  
-11.25  72  
-11.24  92  
-11.23  91  
-11.22  76  
-11.21  100  
-11.2  93  
-11.19  86  
-11.18  95  
-11.17  82  
-11.16  95  
-11.15  102  
-11.14  114  
-11.13  81  
-11.12  108  
-11.11  116  
-11.1  124  
-11.09  106  
-11.08  103  
-11.07  111  
-11.06  97  
-11.05  109  
-11.04  108  
-11.03  106  
-11.02  109  
-11.01  111  
-11  127  
-10.99  119  
-10.98  97  
-10.97  126  
-10.96  112  
-10.95  110  
-10.94  123  
-10.93  123  
-10.92  113  
-10.91  111  
-10.9  117  
-10.89  124  
-10.88  109  
-10.87  101  
-10.86  128  
-10.85  144  
-10.84  130  
-10.83  127  
-10.82  138  
-10.81  113  
-10.8  140  
-10.79  136  
-10.78  123  
-10.77  131  
-10.76  127  
-10.75  140  
-10.74  158  
-10.73  141  
-10.72  138  
-10.71  155  
-10.7  151  
-10.69  159  
-10.68  151  
-10.67  163  
-10.66  162  
-10.65  162  
-10.64  154  
-10.63  161  
-10.62  152  
-10.61  171  
-10.6  152  
-10.59  148  
-10.58  178  
-10.57  176  
-10.56  162  
-10.55  181  
-10.54  159  
-10.53  156  
-10.52  160  
-10.51  169  
-10.5  185  
-10.49  173  
-10.48  187  
-10.47  161  
-10.46  199  
-10.45  178  
-10.44  190  
-10.43  183  
-10.42  178  
-10.41  202  
-10.4  194  
-10.39  212  
-10.38  200  
-10.37  173  
-10.36  193  
-10.35  206  
-10.34  167  
-10.33  220  
-10.32  218  
-10.31  212  
-10.3  230  
-10.29  199  
-10.28  219  
-10.27  205  
-10.26  187  
-10.25  209  
-10.24  229  
-10.23  217  
-10.22  214  
-10.21  193  
-10.2  200  
-10.19  218  
-10.18  222  
-10.17  230  
-10.16  214  
-10.15  231  
-10.14  218  
-10.13  210  
-10.12  218  
-10.11  219  
-10.1  206  
-10.09  250  
-10.08  230  
-10.07  238  
-10.06  221  
-10.05  238  
-10.04  229  
-10.03  257  
-10.02  237  
-10.01  237  
-10  259  
-9.99  236  
-9.98  267  
-9.97  262  
-9.96  270  
-9.95  236  
-9.94  248  
-9.93  243  
-9.92  261  
-9.91  243  
-9.9  238  
-9.89  269  
-9.88  256  
-9.87  246  
-9.86  247  
-9.85  291  
-9.84  267  
-9.83  259  
-9.82  271  
-9.81  256  
-9.8  264  
-9.79  277  
-9.78  298  
-9.77  281  
-9.76  254  
-9.75  284  
-9.74  285  
-9.73  288  
-9.72  287  
-9.71  269  
-9.7  274  
-9.69  297  
-9.68  294  
-9.67  294  
-9.66  283  
-9.65  262  
-9.64  306  
-9.63  305  
-9.62  265  
-9.61  272  
-9.6  263  
-9.59  296  
-9.58  276  
-9.57  280  
-9.56  298  
-9.55  291  
-9.54  308  
-9.53  284  
-9.52  296  
-9.51  307  
-9.5  274  
-9.49  290  
-9.48  280  
-9.47  279  
-9.46  282  
-9.45  258  
-9.44  294  
-9.43  291  
-9.42  306  
-9.41  326  
-9.4  271  
-9.39  274  
-9.38  272  
-9.37  304  
-9.36  310  
-9.35  296  
-9.34  327  
-9.33  272  
-9.32  272  
-9.31  296  
-9.3  297  
-9.29  296  
-9.28  294  
-9.27  287  
-9.26  288  
-9.25  328  
-9.24  308  
-9.23  296  
-9.22  320  
-9.21  308  
-9.2  316  
-9.19  319  
-9.18  290  
-9.17  296  
-9.16  301  
-9.15  298  
-9.14  293  
-9.13  273  
-9.12  305  
-9.11  288  
-9.1  289  
-9.09  298  
-9.08  280  
-9.07  290  
-9.06  300  
-9.05  282  
-9.04  282  
-9.03  271  
-9.02  300  
-9.01  273  
-9  306  
-8.99  270  
-8.98  261  
-8.97  303  
-8.96  285  
-8.95  264  
-8.94  288  
-8.93  264  
-8.92  276  
-8.91  248  
-8.9  290  
-8.89  274  
-8.88  282  
-8.87  272  
-8.86  238  
-8.85  263  
-8.84  270  
-8.83  261  
-8.82  249  
-8.81  281  
-8.8  254  
-8.79  254  
-8.78  253  
-8.77  244  
-8.76  243  
-8.75  263  
-8.74  235  
-8.73  247  
-8.72  224  
-8.71  273  
-8.7  244  
-8.69  229  
-8.68  225  
-8.67  217  
-8.66  253  
-8.65  211  
-8.64  227  
-8.63  221  
-8.62  217  
-8.61  233  
-8.6  229  
-8.59  213  
-8.58  200  
-8.57  209  
-8.56  203  
-8.55  190  
-8.54  186  
-8.53  192  
-8.52  199  
-8.51  200  
-8.5  192  
-8.49  195  
-8.48  184  
-8.47  181  
-8.46  173  
-8.45  200  
-8.44  187  
-8.43  161  
-8.42  180  
-8.41  158  
-8.4  169  
-8.39  176  
-8.38  125  
-8.37  159  
-8.36  155  
-8.35  161  
-8.34  180  
-8.33  145  
-8.32  162  
-8.31  137  
-8.3  187  
-8.29  154  
-8.28  131  
-8.27  142  
-8.26  139  
-8.25  157  
-8.24  139  
-8.23  142  
-8.22  138  
-8.21  137  
-8.2  129  
-8.19  135  
-8.18  108  
-8.17  131  
-8.16  125  
-8.15  92  
-8.14  106  
-8.13  117  
-8.12  127  
-8.11  109  
-8.1  107  
-8.09  119  
-8.08  92  
-8.07  118  
-8.06  110  
-8.05  111  
-8.04  113  
-8.03  105  
-8.02  116  
-8.01  101  
-8  93  
-7.99  91  
-7.98  91  
-7.97  103  
-7.96  99  
-7.95  85  
-7.94  87  
-7.93  78  
-7.92  90  
-7.91  73  
-7.9  93  
-7.89  70  
-7.88  63  
-7.87  87  
-7.86  78  
-7.85  73  
-7.84  68  
-7.83  59  
-7.82  66  
-7.81  58  
-7.8  75  
-7.79  48  
-7.78  69  
-7.77  75  
-7.76  46  
-7.75  60  
-7.74  50  
-7.73  43  
-7.72  53  
-7.71  51  
-7.7  58  
-7.69  61  
-7.68  56  
-7.67  66  
-7.66  49  
-7.65  46  
-7.64  44  
-7.63  41  
-7.62  37  
-7.61  47  
-7.6  39  
-7.59  39  
-7.58  46  
-7.57  27  
-7.56  43  
-7.55  34  
-7.54  31  
-7.53  31  
-7.52  32  
-7.51  41  
-7.5  34  
-7.49  29  
-7.48  26  
-7.47  29  
-7.46  26  
-7.45  20  
-7.44  19  
-7.43  27  
-7.42  24  
-7.41  25  
-7.4  24  
-7.39  15  
-7.38  10  
-7.37  21  
-7.36  18  
-7.35  15  
-7.34  23  
-7.33  14  
-7.32  12  
-7.31  26  
-7.3  19  
-7.29  20  
-7.28  14  
-7.27  14  
-7.26  8  
-7.25  14  
-7.24  17  
-7.23  24  
-7.22  12  
-7.21  16  
-7.2  11  
-7.19  9  
-7.18  11  
-7.17  7  
-7.16  9  
-7.15  11  
-7.14  11  
-7.13  10  
-7.12  10  
-7.11  13  
-7.1  5  
-7.09  8  
-7.08  7  
-7.07  6  
-7.06  5  
-7.05  7  
-7.04  5  
-7.03  3  
-7.02  10  
-7.01  3  
-7  3  
-6.99  4  
-6.98  8  
-6.97  6  
-6.96  2  
-6.95  5  
-6.94  4  
-6.93  6  
-6.92  2  
-6.91  5  
-6.9  5  
-6.89  1  
-6.88  2  
-6.87  7  
-6.86  4  
-6.85  1  
-6.84  3  
-6.83  1  
-6.82  2  
-6.81  3  
-6.8  2  
-6.79  5  
-6.78  1  
-6.77  2  
-6.76  2  
-6.75  1  
-6.74  2  
-6.73  3  
-6.72  0  
-6.71  3  
-6.7  0  
-6.69  3  
-6.68  0  
-6.67  2  
-6.66  3  
-6.65  5  
-6.64  3  
-6.63  3  
-6.62  1  
-6.61  1  
-6.6  2  
-6.59  1  
-6.58  4  
-6.57  5  
-6.56  1  
-6.55  1  
-6.54  2  
-6.53  1  
-6.52  0  
-6.51  1  
-6.5  0  
-6.49  4  
-6.48  0  
-6.47  2  
-6.46  1  
-6.45  3  
-6.44  1  
-6.43  0  
-6.42  1  
-6.41  3  
-6.4  1  
-6.39  0  
-6.38  2  
-6.37  0  
-6.36  0  
-6.35  0  
-6.34  1  
-6.33  1  
-6.32  1  
-6.31  0  
-6.3  0  
-6.29  0  
-6.28  2  
-6.27  0  
-6.26  0  
-6.25  0  
-6.24  0  
-6.23  1  
-6.22  0  
-6.21  0  
-6.2  1  
-6.19  0  
-6.18  0  
-6.17  1  
-6.16  0  
-6.15  1  
-6.14  1  
-6.13  2  
-6.12  2  
-6.11  1  
-6.1  0  
-6.09  0  
-6.08  0  
-6.07  1  
-6.06  0  
-6.05  0  
-6.04  0  
-6.03  1  
-6.02  1  
-6.01  0  
-6  0  
-5.99  0  
-5.98  0  
-5.97  0  
-5.96  1  
-5.95  1  
-5.94  0  
-5.93  0  
-5.92  0  
-5.91  0  
-5.9  0  
-5.89  0  
-5.88  0  
-5.87  0  
-5.86  0  
-5.85  0  
-5.84  0  
-5.83  0  
-5.82  0  
-5.81  0  
-5.8  0  
-5.79  0  
-5.78  0  
-5.77  0  
-5.76  0  
-5.75  0  
-5.74  1  
-5.73  0  
-5.72  0  
-5.71  0  
-5.7  0  
-5.69  0  
-5.68  0  
-5.67  0  
-5.66  1  
-5.65  0  
-5.64  0  
-5.63  0  
-5.62  0  
-5.61  0  
-5.6  0  
-5.59  0  
-5.58  0  
-5.57  0  
-5.56  0  
-5.55  0  
-5.54  0  
-5.53  0  
-5.52  0  
-5.51  0  
-5.5  0  
-5.49  0  
-5.48  0  
-5.47  0  
-5.46  0  
-5.45  0  
-5.44  0  
-5.43  0  
-5.42  0  
-5.41  0  
-5.4  0  
-5.39  0  
-5.38  0  
-5.37  0  
-5.36  0  
-5.35  0  
-5.34  0  
-5.33  0  
-5.32  0  
-5.31  0  
-5.3  0  
-5.29  0  
-5.28  0  
-5.27  0  
-5.26  0  
-5.25  0  
-5.24  0  
-5.23  0  
-5.22  0  
-5.21  0  
-5.2  0  
-5.19  0  
-5.18  0  
-5.17  0  
-5.16  0  
-5.15  0  
-5.14  0  
-5.13  0  
-5.12  0  
-5.11  0  
-5.1  0  
-5.09  0  
-5.08  0  
-5.07  0  
-5.06  0  
-5.05  0  
-5.04  0  
-5.03  0  
-5.02  0  
-5.01  0  
-5  0  
-4.99  0  
-4.98  0  
-4.97  0  
-4.96  0  
-4.95  0  
-4.94  0  
-4.93  0  
-4.92  0  
-4.91  0  
-4.9  0  
-4.89  0  
-4.88  0  
-4.87  0  
-4.86  0  
-4.85  0  
-4.84  0  
-4.83  0  
-4.82  0  
-4.81  0  
-4.8  0  
-4.79  0  
-4.78  0  
-4.77  0  
-4.76  0  
-4.75  0  
-4.74  0  
-4.73  0  
-4.72  0  
-4.71  0  
-4.7  0  
-4.69  0  
-4.68  0  
-4.67  0  
-4.66  0  
-4.65  0  
-4.64  0  
-4.63  0  
-4.62  0  
-4.61  0  
-4.6  0  
-4.59  0  
-4.58  0  
-4.57  0  
-4.56  0  
-4.55  0  
-4.54  0  
-4.53  0  
-4.52  0  
-4.51  0  
-4.5  0  
-4.49  0  
-4.48  0  
-4.47  0  
-4.46  0  
-4.45  0  
-4.44  0  
-4.43  0  
-4.42  0  
-4.41  0  
-4.4  0  
-4.39  0  
-4.38  0  
-4.37  0  
-4.36  0  
-4.35  0  
-4.34  0  
-4.33  0  
-4.32  0  
-4.31  0  
-4.3  0  
-4.29  0  
-4.28  0  
-4.27  0  
-4.26  0  
-4.25  0  
-4.24  0  
-4.23  0  
-4.22  0  
-4.21  0  
-4.2  0  
-4.19  0  
-4.18  0  
-4.17  0  
-4.16  0  
-4.15  0  
-4.14  0  
-4.13  0  
-4.12  0  
-4.11  0  
-4.1  0  
-4.09  0  
-4.08  0  
-4.07  0  
-4.06  0  
-4.05  0  
-4.04  0  
-4.03  0  
-4.02  0  
-4.01  0  
-4  0  
-3.99  0  
-3.98  0  
-3.97  0  
-3.96  0  
-3.95  0  
-3.94  0  
-3.93  0  
-3.92  0  
-3.91  0  
-3.9  0  
-3.89  0  
-3.88  0  
-3.87  0  
-3.86  0  
-3.85  0  
-3.84  0  
-3.83  0  
-3.82  0  
-3.81  0  
-3.8  0  
-3.79  0  
-3.78  0  
-3.77  0  
-3.76  0  
-3.75  0  
-3.74  0  
-3.73  0  
-3.72  0  
-3.71  0  
-3.7  0  
-3.69  0  
-3.68  0  
-3.67  0  
-3.66  0  
-3.65  0  
-3.64  0  
-3.63  0  
-3.62  0  
-3.61  0  
-3.6  0  
-3.59  0  
-3.58  0  
-3.57  0  
-3.56  0  
-3.55  0  
-3.54  0  
-3.53  0  
-3.52  0  
-3.51  0  
-3.5  0  
-3.49  0  
-3.48  0  
-3.47  0  
-3.46  0  
-3.45  0  
-3.44  0  
-3.43  0  
-3.42  0  
-3.41  0  
-3.4  0  
-3.39  0  
-3.38  0  
-3.37  0  
-3.36  0  
-3.35  0  
-3.34  0  
-3.33  0  
-3.32  0  
-3.31  0  
-3.3  0  
-3.29  0  
-3.28  0  
-3.27  0  
-3.26  0  
-3.25  0  
-3.24  0  
-3.23  0  
-3.22  0  
-3.21  0  
-3.2  0  
-3.19  0  
-3.18  0  
-3.17  0  
-3.16  0  
-3.15  0  
-3.14  0  
-3.13  0  
-3.12  0  
-3.11  0  
-3.1  0  
-3.09  0  
-3.08  0  
-3.07  0  
-3.06  0  
-3.05  0  
-3.04  0  
-3.03  0  
-3.02  0  
-3.01  0  
-3  0  
