10 1002 -12 -2 664  0  177872
-12  3  
-11.99  3  
-11.98  6  
-11.97  12  
-11.96  6  
-11.95  4  
-11.94  3  
-11.93  2  
-11.92  6  
-11.91  4  
-11.9  4  
-11.89  5  
-11.88  7  
-11.87  6  
-11.86  5  
-11.85  5  
-11.84  1  
-11.83  2  
-11.82  3  
-11.81  8  
-11.8  2  
-11.79  4  
-11.78  6  
-11.77  3  
-11.76  4  
-11.75  10  
-11.74  6  
-11.73  4  
-11.72  5  
-11.71  5  
-11.7  8  
-11.69  5  
-11.68  6  
-11.67  6  
-11.66  5  
-11.65  7  
-11.64  6  
-11.63  7  
-11.62  3  
-11.61  8  
-11.6  9  
-11.59  9  
-11.58  11  
-11.57  7  
-11.56  7  
-11.55  5  
-11.54  6  
-11.53  12  
-11.52  8  
-11.51  9  
-11.5  12  
-11.49  5  
-11.48  10  
-11.47  6  
-11.46  2  
-11.45  7  
-11.44  9  
-11.43  7  
-11.42  1  
-11.41  7  
-11.4  9  
-11.39  7  
-11.38  6  
-11.37  9  
-11.36  10  
-11.35  7  
-11.34  6  
-11.33  10  
-11.32  7  
-11.31  7  
-11.3  9  
-11.29  6  
-11.28  9  
-11.27  6  
-11.26  5  
-11.25  8  
-11.24  9  
-11.23  11  
-11.22  7  
-11.21  19  
-11.2  7  
-11.19  7  
-11.18  7  
-11.17  9  
-11.16  4  
-11.15  10  
-11.14  17  
-11.13  14  
-11.12  14  
-11.11  11  
-11.1  18  
-11.09  13  
-11.08  17  
-11.07  9  
-11.06  8  
-11.05  7  
-11.04  9  
-11.03  7  
-11.02  6  
-11.01  14  
-11  13  
-10.99  7  
-10.98  10  
-10.97  12  
-10.96  8  
-10.95  12  
-10.94  9  
-10.93  15  
-10.92  6  
-10.91  6  
-10.9  12  
-10.89  11  
-10.88  7  
-10.87  12  
-10.86  6  
-10.85  11  
-10.84  15  
-10.83  17  
-10.82  11  
-10.81  13  
-10.8  9  
-10.79  15  
-10.78  22  
-10.77  20  
-10.76  12  
-10.75  8  
-10.74  24  
-10.73  17  
-10.72  14  
-10.71  24  
-10.7  15  
-10.69  11  
-10.68  15  
-10.67  21  
-10.66  20  
-10.65  17  
-10.64  18  
-10.63  18  
-10.62  12  
-10.61  21  
-10.6  18  
-10.59  17  
-10.58  25  
-10.57  20  
-10.56  20  
-10.55  20  
-10.54  15  
-10.53  18  
-10.52  26  
-10.51  12  
-10.5  20  
-10.49  22  
-10.48  20  
-10.47  28  
-10.46  29  
-10.45  25  
-10.44  23  
-10.43  35  
-10.42  16  
-10.41  26  
-10.4  20  
-10.39  20  
-10.38  30  
-10.37  24  
-10.36  22  
-10.35  22  
-10.34  34  
-10.33  20  
-10.32  31  
-10.31  29  
-10.3  34  
-10.29  45  
-10.28  32  
-10.27  29  
-10.26  47  
-10.25  32  
-10.24  31  
-10.23  36  
-10.22  36  
-10.21  45  
-10.2  34  
-10.19  43  
-10.18  32  
-10.17  40  
-10.16  46  
-10.15  24  
-10.14  38  
-10.13  33  
-10.12  38  
-10.11  44  
-10.1  44  
-10.09  46  
-10.08  41  
-10.07  37  
-10.06  47  
-10.05  51  
-10.04  51  
-10.03  52  
-10.02  40  
-10.01  55  
-10  41  
-9.99  48  
-9.98  36  
-9.97  45  
-9.96  46  
-9.95  50  
-9.94  54  
-9.93  50  
-9.92  59  
-9.91  44  
-9.9  68  
-9.89  45  
-9.88  52  
-9.87  67  
-9.86  62  
-9.85  68  
-9.84  68  
-9.83  60  
-9.82  64  
-9.81  55  
-9.8  62  
-9.79  55  
-9.78  64  
-9.77  62  
-9.76  61  
-9.75  65  
-9.74  90  
-9.73  75  
-9.72  63  
-9.71  67  
-9.7  70  
-9.69  92  
-9.68  78  
-9.67  72  
-9.66  92  
-9.65  81  
-9.64  81  
-9.63  97  
-9.62  83  
-9.61  96  
-9.6  106  
-9.59  75  
-9.58  96  
-9.57  94  
-9.56  80  
-9.55  95  
-9.54  106  
-9.53  95  
-9.52  111  
-9.51  107  
-9.5  99  
-9.49  106  
-9.48  119  
-9.47  110  
-9.46  92  
-9.45  111  
-9.44  101  
-9.43  108  
-9.42  127  
-9.41  119  
-9.4  115  
-9.39  115  
-9.38  120  
-9.37  142  
-9.36  152  
-9.35  151  
-9.34  109  
-9.33  138  
-9.32  113  
-9.31  152  
-9.3  126  
-9.29  158  
-9.28  148  
-9.27  141  
-9.26  134  
-9.25  149  
-9.24  157  
-9.23  161  
-9.22  182  
-9.21  160  
-9.2  179  
-9.19  181  
-9.18  154  
-9.17  185  
-9.16  144  
-9.15  170  
-9.14  227  
-9.13  158  
-9.12  200  
-9.11  166  
-9.1  186  
-9.09  190  
-9.08  199  
-9.07  226  
-9.06  223  
-9.05  172  
-9.04  231  
-9.03  190  
-9.02  239  
-9.01  208  
-9  213  
-8.99  223  
-8.98  204  
-8.97  215  
-8.96  223  
-8.95  239  
-8.94  254  
-8.93  214  
-8.92  251  
-8.91  269  
-8.9  259  
-8.89  271  
-8.88  276  
-8.87  246  
-8.86  281  
-8.85  265  
-8.84  275  
-8.83  259  
-8.82  289  
-8.81  279  
-8.8  258  
-8.79  294  
-8.78  275  
-8.77  291  
-8.76  291  
-8.75  307  
-8.74  296  
-8.73  283  
-8.72  300  
-8.71  311  
-8.7  309  
-8.69  310  
-8.68  315  
-8.67  293  
-8.66  335  
-8.65  344  
-8.64  314  
-8.63  337  
-8.62  325  
-8.61  349  
-8.6  362  
-8.59  325  
-8.58  359  
-8.57  365  
-8.56  356  
-8.55  380  
-8.54  349  
-8.53  385  
-8.52  359  
-8.51  372  
-8.5  377  
-8.49  394  
-8.48  407  
-8.47  346  
-8.46  394  
-8.45  373  
-8.44  365  
-8.43  407  
-8.42  412  
-8.41  381  
-8.4  407  
-8.39  415  
-8.38  415  
-8.37  438  
-8.36  433  
-8.35  406  
-8.34  425  
-8.33  428  
-8.32  385  
-8.31  461  
-8.3  425  
-8.29  409  
-8.28  393  
-8.27  400  
-8.26  426  
-8.25  421  
-8.24  424  
-8.23  458  
-8.22  469  
-8.21  445  
-8.2  458  
-8.19  442  
-8.18  431  
-8.17  436  
-8.16  422  
-8.15  429  
-8.14  445  
-8.13  457  
-8.12  405  
-8.11  439  
-8.1  428  
-8.09  466  
-8.08  424  
-8.07  450  
-8.06  454  
-8.05  433  
-8.04  433  
-8.03  451  
-8.02  441  
-8.01  441  
-8  439  
-7.99  435  
-7.98  410  
-7.97  472  
-7.96  449  
-7.95  410  
-7.94  456  
-7.93  389  
-7.92  408  
-7.91  417  
-7.9  404  
-7.89  415  
-7.88  410  
-7.87  448  
-7.86  395  
-7.85  416  
-7.84  391  
-7.83  396  
-7.82  405  
-7.81  392  
-7.8  373  
-7.79  383  
-7.78  403  
-7.77  373  
-7.76  382  
-7.75  408  
-7.74  389  
-7.73  372  
-7.72  408  
-7.71  387  
-7.7  362  
-7.69  352  
-7.68  372  
-7.67  333  
-7.66  322  
-7.65  337  
-7.64  334  
-7.63  368  
-7.62  384  
-7.61  310  
-7.6  367  
-7.59  343  
-7.58  314  
-7.57  296  
-7.56  326  
-7.55  293  
-7.54  297  
-7.53  274  
-7.52  289  
-7.51  289  
-7.5  248  
-7.49  269  
-7.48  245  
-7.47  271  
-7.46  252  
-7.45  268  
-7.44  251  
-7.43  262  
-7.42  250  
-7.41  229  
-7.4  230  
-7.39  232  
-7.38  221  
-7.37  226  
-7.36  223  
-7.35  222  
-7.34  192  
-7.33  198  
-7.32  179  
-7.31  182  
-7.3  198  
-7.29  175  
-7.28  199  
-7.27  171  
-7.26  175  
-7.25  170  
-7.24  163  
-7.23  155  
-7.22  157  
-7.21  157  
-7.2  144  
-7.19  142  
-7.18  132  
-7.17  129  
-7.16  155  
-7.15  132  
-7.14  115  
-7.13  91  
-7.12  120  
-7.11  102  
-7.1  109  
-7.09  90  
-7.08  85  
-7.07  83  
-7.06  77  
-7.05  84  
-7.04  86  
-7.03  88  
-7.02  89  
-7.01  79  
-7  82  
-6.99  57  
-6.98  72  
-6.97  69  
-6.96  63  
-6.95  61  
-6.94  57  
-6.93  62  
-6.92  49  
-6.91  55  
-6.9  57  
-6.89  45  
-6.88  49  
-6.87  49  
-6.86  53  
-6.85  35  
-6.84  40  
-6.83  47  
-6.82  34  
-6.81  40  
-6.8  30  
-6.79  33  
-6.78  35  
-6.77  30  
-6.76  28  
-6.75  32  
-6.74  19  
-6.73  27  
-6.72  20  
-6.71  18  
-6.7  21  
-6.69  13  
-6.68  17  
-6.67  18  
-6.66  23  
-6.65  17  
-6.64  22  
-6.63  12  
-6.62  10  
-6.61  13  
-6.6  13  
-6.59  15  
-6.58  13  
-6.57  7  
-6.56  9  
-6.55  9  
-6.54  10  
-6.53  9  
-6.52  8  
-6.51  6  
-6.5  3  
-6.49  7  
-6.48  5  
-6.47  4  
-6.46  1  
-6.45  2  
-6.44  9  
-6.43  4  
-6.42  2  
-6.41  3  
-6.4  2  
-6.39  3  
-6.38  4  
-6.37  2  
-6.36  2  
-6.35  1  
-6.34  3  
-6.33  1  
-6.32  3  
-6.31  3  
-6.3  0  
-6.29  2  
-6.28  1  
-6.27  3  
-6.26  1  
-6.25  2  
-6.24  2  
-6.23  2  
-6.22  0  
-6.21  0  
-6.2  2  
-6.19  0  
-6.18  1  
-6.17  0  
-6.16  1  
-6.15  0  
-6.14  0  
-6.13  0  
-6.12  0  
-6.11  0  
-6.1  0  
-6.09  0  
-6.08  0  
-6.07  2  
-6.06  0  
-6.05  0  
-6.04  0  
-6.03  0  
-6.02  0  
-6.01  0  
-6  0  
-5.99  0  
-5.98  0  
-5.97  0  
-5.96  1  
-5.95  0  
-5.94  0  
-5.93  0  
-5.92  0  
-5.91  0  
-5.9  0  
-5.89  0  
-5.88  0  
-5.87  0  
-5.86  0  
-5.85  0  
-5.84  0  
-5.83  0  
-5.82  0  
-5.81  0  
-5.8  0  
-5.79  0  
-5.78  0  
-5.77  0  
-5.76  0  
-5.75  0  
-5.74  0  
-5.73  1  
-5.72  0  
-5.71  0  
-5.7  0  
-5.69  0  
-5.68  0  
-5.67  0  
-5.66  0  
-5.65  0  
-5.64  0  
-5.63  0  
-5.62  0  
-5.61  0  
-5.6  0  
-5.59  0  
-5.58  0  
-5.57  0  
-5.56  0  
-5.55  0  
-5.54  0  
-5.53  0  
-5.52  0  
-5.51  0  
-5.5  0  
-5.49  0  
-5.48  0  
-5.47  0  
-5.46  0  
-5.45  0  
-5.44  0  
-5.43  0  
-5.42  0  
-5.41  0  
-5.4  0  
-5.39  0  
-5.38  0  
-5.37  0  
-5.36  0  
-5.35  0  
-5.34  0  
-5.33  0  
-5.32  0  
-5.31  0  
-5.3  0  
-5.29  0  
-5.28  0  
-5.27  0  
-5.26  0  
-5.25  0  
-5.24  0  
-5.23  0  
-5.22  0  
-5.21  0  
-5.2  0  
-5.19  0  
-5.18  0  
-5.17  0  
-5.16  0  
-5.15  0  
-5.14  0  
-5.13  0  
-5.12  0  
-5.11  0  
-5.1  0  
-5.09  0  
-5.08  0  
-5.07  0  
-5.06  0  
-5.05  0  
-5.04  0  
-5.03  0  
-5.02  0  
-5.01  0  
-5  0  
-4.99  0  
-4.98  0  
-4.97  0  
-4.96  0  
-4.95  0  
-4.94  0  
-4.93  0  
-4.92  0  
-4.91  0  
-4.9  0  
-4.89  0  
-4.88  0  
-4.87  0  
-4.86  0  
-4.85  0  
-4.84  0  
-4.83  0  
-4.82  0  
-4.81  0  
-4.8  0  
-4.79  0  
-4.78  0  
-4.77  0  
-4.76  0  
-4.75  0  
-4.74  0  
-4.73  0  
-4.72  0  
-4.71  0  
-4.7  0  
-4.69  0  
-4.68  0  
-4.67  0  
-4.66  0  
-4.65  0  
-4.64  0  
-4.63  0  
-4.62  0  
-4.61  0  
-4.6  0  
-4.59  0  
-4.58  0  
-4.57  0  
-4.56  0  
-4.55  0  
-4.54  0  
-4.53  0  
-4.52  0  
-4.51  0  
-4.5  0  
-4.49  0  
-4.48  0  
-4.47  0  
-4.46  0  
-4.45  0  
-4.44  0  
-4.43  0  
-4.42  0  
-4.41  0  
-4.4  0  
-4.39  0  
-4.38  0  
-4.37  0  
-4.36  0  
-4.35  0  
-4.34  0  
-4.33  0  
-4.32  0  
-4.31  0  
-4.3  0  
-4.29  0  
-4.28  0  
-4.27  0  
-4.26  0  
-4.25  0  
-4.24  0  
-4.23  0  
-4.22  0  
-4.21  0  
-4.2  0  
-4.19  0  
-4.18  0  
-4.17  0  
-4.16  0  
-4.15  0  
-4.14  0  
-4.13  0  
-4.12  0  
-4.11  0  
-4.1  0  
-4.09  0  
-4.08  0  
-4.07  0  
-4.06  0  
-4.05  0  
-4.04  0  
-4.03  0  
-4.02  0  
-4.01  0  
-4  0  
-3.99  0  
-3.98  0  
-3.97  0  
-3.96  0  
-3.95  0  
-3.94  0  
-3.93  0  
-3.92  0  
-3.91  0  
-3.9  0  
-3.89  0  
-3.88  0  
-3.87  0  
-3.86  0  
-3.85  0  
-3.84  0  
-3.83  0  
-3.82  0  
-3.81  0  
-3.8  0  
-3.79  0  
-3.78  0  
-3.77  0  
-3.76  0  
-3.75  0  
-3.74  0  
-3.73  0  
-3.72  0  
-3.71  0  
-3.7  0  
-3.69  0  
-3.68  0  
-3.67  0  
-3.66  0  
-3.65  0  
-3.64  0  
-3.63  0  
-3.62  0  
-3.61  0  
-3.6  0  
-3.59  0  
-3.58  0  
-3.57  0  
-3.56  0  
-3.55  0  
-3.54  0  
-3.53  0  
-3.52  0  
-3.51  0  
-3.5  0  
-3.49  0  
-3.48  0  
-3.47  0  
-3.46  0  
-3.45  0  
-3.44  0  
-3.43  0  
-3.42  0  
-3.41  0  
-3.4  0  
-3.39  0  
-3.38  0  
-3.37  0  
-3.36  0  
-3.35  0  
-3.34  0  
-3.33  0  
-3.32  0  
-3.31  0  
-3.3  0  
-3.29  0  
-3.28  0  
-3.27  0  
-3.26  0  
-3.25  0  
-3.24  0  
-3.23  0  
-3.22  0  
-3.21  0  
-3.2  0  
-3.19  0  
-3.18  0  
-3.17  0  
-3.16  0  
-3.15  0  
-3.14  0  
-3.13  0  
-3.12  0  
-3.11  0  
-3.1  0  
-3.09  0  
-3.08  0  
-3.07  0  
-3.06  0  
-3.05  0  
-3.04  0  
-3.03  0  
-3.02  0  
-3.01  0  
-3  0  
-2.99  0  
-2.98  0  
-2.97  0  
-2.96  0  
-2.95  0  
-2.94  0  
-2.93  0  
-2.92  0  
-2.91  0  
-2.9  0  
-2.89  0  
-2.88  0  
-2.87  0  
-2.86  0  
-2.85  0  
-2.84  0  
-2.83  0  
-2.82  0  
-2.81  0  
-2.8  0  
-2.79  0  
-2.78  0  
-2.77  0  
-2.76  0  
-2.75  0  
-2.74  0  
-2.73  0  
-2.72  0  
-2.71  0  
-2.7  0  
-2.69  0  
-2.68  0  
-2.67  0  
-2.66  0  
-2.65  0  
-2.64  0  
-2.63  0  
-2.62  0  
-2.61  0  
-2.6  0  
-2.59  0  
-2.58  0  
-2.57  0  
-2.56  0  
-2.55  0  
-2.54  0  
-2.53  0  
-2.52  0  
-2.51  0  
-2.5  0  
-2.49  0  
-2.48  0  
-2.47  0  
-2.46  0  
-2.45  0  
-2.44  0  
-2.43  0  
-2.42  0  
-2.41  0  
-2.4  0  
-2.39  0  
-2.38  0  
-2.37  0  
-2.36  0  
-2.35  0  
-2.34  0  
-2.33  0  
-2.32  0  
-2.31  0  
-2.3  0  
-2.29  0  
-2.28  0  
-2.27  0  
-2.26  0  
-2.25  0  
-2.24  0  
-2.23  0  
-2.22  0  
-2.21  0  
-2.2  0  
-2.19  0  
-2.18  0  
-2.17  0  
-2.16  0  
-2.15  0  
-2.14  0  
-2.13  0  
-2.12  0  
-2.11  0  
-2.1  0  
-2.09  0  
-2.08  0  
-2.07  0  
-2.06  0  
-2.05  0  
-2.04  0  
-2.03  0  
-2.02  0  
-2.01  0  
-2  0  
