10 1002 -12 -2 379  0  177872
-12  3  
-11.99  1  
-11.98  0  
-11.97  1  
-11.96  6  
-11.95  1  
-11.94  3  
-11.93  4  
-11.92  3  
-11.91  1  
-11.9  4  
-11.89  3  
-11.88  3  
-11.87  5  
-11.86  2  
-11.85  2  
-11.84  4  
-11.83  3  
-11.82  1  
-11.81  0  
-11.8  4  
-11.79  1  
-11.78  2  
-11.77  1  
-11.76  4  
-11.75  1  
-11.74  5  
-11.73  2  
-11.72  0  
-11.71  3  
-11.7  3  
-11.69  6  
-11.68  4  
-11.67  2  
-11.66  6  
-11.65  2  
-11.64  5  
-11.63  1  
-11.62  5  
-11.61  5  
-11.6  3  
-11.59  2  
-11.58  7  
-11.57  1  
-11.56  3  
-11.55  1  
-11.54  3  
-11.53  2  
-11.52  7  
-11.51  2  
-11.5  8  
-11.49  1  
-11.48  5  
-11.47  3  
-11.46  1  
-11.45  6  
-11.44  1  
-11.43  1  
-11.42  5  
-11.41  5  
-11.4  3  
-11.39  4  
-11.38  5  
-11.37  3  
-11.36  0  
-11.35  6  
-11.34  2  
-11.33  6  
-11.32  2  
-11.31  6  
-11.3  5  
-11.29  4  
-11.28  5  
-11.27  3  
-11.26  0  
-11.25  6  
-11.24  0  
-11.23  5  
-11.22  8  
-11.21  1  
-11.2  5  
-11.19  6  
-11.18  6  
-11.17  3  
-11.16  8  
-11.15  2  
-11.14  3  
-11.13  5  
-11.12  12  
-11.11  6  
-11.1  4  
-11.09  5  
-11.08  8  
-11.07  6  
-11.06  5  
-11.05  5  
-11.04  1  
-11.03  8  
-11.02  7  
-11.01  4  
-11  3  
-10.99  4  
-10.98  4  
-10.97  3  
-10.96  3  
-10.95  4  
-10.94  10  
-10.93  3  
-10.92  5  
-10.91  7  
-10.9  3  
-10.89  3  
-10.88  12  
-10.87  5  
-10.86  4  
-10.85  5  
-10.84  5  
-10.83  6  
-10.82  5  
-10.81  7  
-10.8  6  
-10.79  3  
-10.78  6  
-10.77  5  
-10.76  6  
-10.75  5  
-10.74  7  
-10.73  6  
-10.72  10  
-10.71  7  
-10.7  10  
-10.69  5  
-10.68  4  
-10.67  8  
-10.66  7  
-10.65  4  
-10.64  4  
-10.63  7  
-10.62  8  
-10.61  12  
-10.6  6  
-10.59  8  
-10.58  7  
-10.57  10  
-10.56  6  
-10.55  4  
-10.54  13  
-10.53  7  
-10.52  7  
-10.51  7  
-10.5  13  
-10.49  8  
-10.48  8  
-10.47  6  
-10.46  10  
-10.45  1  
-10.44  11  
-10.43  12  
-10.42  8  
-10.41  9  
-10.4  7  
-10.39  8  
-10.38  7  
-10.37  10  
-10.36  8  
-10.35  12  
-10.34  7  
-10.33  6  
-10.32  10  
-10.31  6  
-10.3  15  
-10.29  10  
-10.28  10  
-10.27  16  
-10.26  14  
-10.25  6  
-10.24  13  
-10.23  9  
-10.22  13  
-10.21  4  
-10.2  16  
-10.19  9  
-10.18  18  
-10.17  11  
-10.16  14  
-10.15  8  
-10.14  12  
-10.13  12  
-10.12  4  
-10.11  20  
-10.1  7  
-10.09  12  
-10.08  10  
-10.07  11  
-10.06  16  
-10.05  16  
-10.04  12  
-10.03  13  
-10.02  18  
-10.01  22  
-10  10  
-9.99  16  
-9.98  19  
-9.97  17  
-9.96  10  
-9.95  19  
-9.94  16  
-9.93  19  
-9.92  11  
-9.91  13  
-9.9  11  
-9.89  14  
-9.88  17  
-9.87  20  
-9.86  13  
-9.85  20  
-9.84  15  
-9.83  17  
-9.82  18  
-9.81  15  
-9.8  15  
-9.79  19  
-9.78  17  
-9.77  15  
-9.76  26  
-9.75  16  
-9.74  13  
-9.73  13  
-9.72  37  
-9.71  25  
-9.7  17  
-9.69  15  
-9.68  23  
-9.67  27  
-9.66  22  
-9.65  31  
-9.64  23  
-9.63  19  
-9.62  18  
-9.61  25  
-9.6  35  
-9.59  29  
-9.58  24  
-9.57  29  
-9.56  20  
-9.55  22  
-9.54  28  
-9.53  30  
-9.52  30  
-9.51  29  
-9.5  18  
-9.49  24  
-9.48  30  
-9.47  37  
-9.46  30  
-9.45  33  
-9.44  29  
-9.43  31  
-9.42  41  
-9.41  42  
-9.4  30  
-9.39  29  
-9.38  32  
-9.37  44  
-9.36  41  
-9.35  32  
-9.34  33  
-9.33  18  
-9.32  44  
-9.31  30  
-9.3  46  
-9.29  43  
-9.28  52  
-9.27  52  
-9.26  40  
-9.25  41  
-9.24  51  
-9.23  37  
-9.22  44  
-9.21  38  
-9.2  44  
-9.19  53  
-9.18  54  
-9.17  61  
-9.16  58  
-9.15  60  
-9.14  67  
-9.13  55  
-9.12  49  
-9.11  72  
-9.1  66  
-9.09  55  
-9.08  64  
-9.07  69  
-9.06  70  
-9.05  67  
-9.04  74  
-9.03  60  
-9.02  67  
-9.01  78  
-9  71  
-8.99  81  
-8.98  93  
-8.97  82  
-8.96  78  
-8.95  85  
-8.94  98  
-8.93  85  
-8.92  99  
-8.91  103  
-8.9  95  
-8.89  100  
-8.88  90  
-8.87  104  
-8.86  103  
-8.85  109  
-8.84  116  
-8.83  97  
-8.82  110  
-8.81  126  
-8.8  116  
-8.79  133  
-8.78  102  
-8.77  124  
-8.76  123  
-8.75  146  
-8.74  128  
-8.73  143  
-8.72  129  
-8.71  112  
-8.7  148  
-8.69  115  
-8.68  150  
-8.67  155  
-8.66  160  
-8.65  157  
-8.64  153  
-8.63  168  
-8.62  167  
-8.61  167  
-8.6  178  
-8.59  161  
-8.58  164  
-8.57  179  
-8.56  224  
-8.55  179  
-8.54  181  
-8.53  194  
-8.52  192  
-8.51  249  
-8.5  199  
-8.49  211  
-8.48  212  
-8.47  211  
-8.46  231  
-8.45  245  
-8.44  204  
-8.43  220  
-8.42  253  
-8.41  236  
-8.4  244  
-8.39  247  
-8.38  245  
-8.37  258  
-8.36  262  
-8.35  302  
-8.34  267  
-8.33  271  
-8.32  287  
-8.31  298  
-8.3  286  
-8.29  287  
-8.28  313  
-8.27  294  
-8.26  331  
-8.25  337  
-8.24  331  
-8.23  304  
-8.22  357  
-8.21  347  
-8.2  347  
-8.19  399  
-8.18  337  
-8.17  384  
-8.16  379  
-8.15  343  
-8.14  379  
-8.13  393  
-8.12  383  
-8.11  367  
-8.1  380  
-8.09  434  
-8.08  398  
-8.07  431  
-8.06  402  
-8.05  445  
-8.04  454  
-8.03  465  
-8.02  453  
-8.01  429  
-8  433  
-7.99  438  
-7.98  469  
-7.97  464  
-7.96  483  
-7.95  493  
-7.94  489  
-7.93  478  
-7.92  490  
-7.91  508  
-7.9  504  
-7.89  453  
-7.88  496  
-7.87  501  
-7.86  518  
-7.85  528  
-7.84  519  
-7.83  512  
-7.82  534  
-7.81  520  
-7.8  512  
-7.79  485  
-7.78  506  
-7.77  532  
-7.76  511  
-7.75  543  
-7.74  519  
-7.73  569  
-7.72  564  
-7.71  540  
-7.7  526  
-7.69  540  
-7.68  548  
-7.67  552  
-7.66  526  
-7.65  547  
-7.64  509  
-7.63  558  
-7.62  575  
-7.61  612  
-7.6  565  
-7.59  564  
-7.58  558  
-7.57  537  
-7.56  554  
-7.55  586  
-7.54  571  
-7.53  516  
-7.52  556  
-7.51  541  
-7.5  558  
-7.49  526  
-7.48  528  
-7.47  520  
-7.46  537  
-7.45  500  
-7.44  476  
-7.43  486  
-7.42  522  
-7.41  466  
-7.4  501  
-7.39  456  
-7.38  491  
-7.37  481  
-7.36  480  
-7.35  516  
-7.34  476  
-7.33  496  
-7.32  463  
-7.31  462  
-7.3  482  
-7.29  414  
-7.28  480  
-7.27  447  
-7.26  427  
-7.25  442  
-7.24  410  
-7.23  433  
-7.22  446  
-7.21  409  
-7.2  394  
-7.19  386  
-7.18  355  
-7.17  377  
-7.16  355  
-7.15  352  
-7.14  390  
-7.13  340  
-7.12  354  
-7.11  284  
-7.1  296  
-7.09  291  
-7.08  318  
-7.07  330  
-7.06  300  
-7.05  277  
-7.04  242  
-7.03  264  
-7.02  266  
-7.01  233  
-7  267  
-6.99  224  
-6.98  259  
-6.97  225  
-6.96  199  
-6.95  224  
-6.94  189  
-6.93  180  
-6.92  190  
-6.91  188  
-6.9  179  
-6.89  160  
-6.88  148  
-6.87  163  
-6.86  136  
-6.85  127  
-6.84  137  
-6.83  120  
-6.82  130  
-6.81  125  
-6.8  107  
-6.79  101  
-6.78  104  
-6.77  82  
-6.76  91  
-6.75  83  
-6.74  79  
-6.73  78  
-6.72  72  
-6.71  63  
-6.7  63  
-6.69  71  
-6.68  57  
-6.67  47  
-6.66  44  
-6.65  50  
-6.64  55  
-6.63  40  
-6.62  41  
-6.61  35  
-6.6  33  
-6.59  46  
-6.58  31  
-6.57  31  
-6.56  30  
-6.55  30  
-6.54  23  
-6.53  23  
-6.52  31  
-6.51  17  
-6.5  16  
-6.49  12  
-6.48  18  
-6.47  17  
-6.46  7  
-6.45  5  
-6.44  17  
-6.43  12  
-6.42  13  
-6.41  6  
-6.4  6  
-6.39  7  
-6.38  3  
-6.37  10  
-6.36  5  
-6.35  5  
-6.34  11  
-6.33  3  
-6.32  3  
-6.31  7  
-6.3  4  
-6.29  1  
-6.28  2  
-6.27  3  
-6.26  3  
-6.25  7  
-6.24  5  
-6.23  2  
-6.22  2  
-6.21  2  
-6.2  3  
-6.19  2  
-6.18  1  
-6.17  2  
-6.16  3  
-6.15  2  
-6.14  0  
-6.13  1  
-6.12  1  
-6.11  3  
-6.1  0  
-6.09  0  
-6.08  1  
-6.07  2  
-6.06  0  
-6.05  1  
-6.04  1  
-6.03  1  
-6.02  0  
-6.01  1  
-6  1  
-5.99  0  
-5.98  0  
-5.97  0  
-5.96  1  
-5.95  0  
-5.94  0  
-5.93  0  
-5.92  0  
-5.91  0  
-5.9  0  
-5.89  1  
-5.88  0  
-5.87  1  
-5.86  0  
-5.85  0  
-5.84  0  
-5.83  2  
-5.82  0  
-5.81  0  
-5.8  0  
-5.79  0  
-5.78  0  
-5.77  0  
-5.76  0  
-5.75  0  
-5.74  0  
-5.73  0  
-5.72  1  
-5.71  0  
-5.7  0  
-5.69  0  
-5.68  0  
-5.67  1  
-5.66  0  
-5.65  0  
-5.64  0  
-5.63  0  
-5.62  0  
-5.61  0  
-5.6  0  
-5.59  0  
-5.58  0  
-5.57  0  
-5.56  1  
-5.55  0  
-5.54  0  
-5.53  0  
-5.52  0  
-5.51  0  
-5.5  0  
-5.49  0  
-5.48  0  
-5.47  0  
-5.46  0  
-5.45  0  
-5.44  0  
-5.43  0  
-5.42  0  
-5.41  0  
-5.4  0  
-5.39  0  
-5.38  0  
-5.37  0  
-5.36  0  
-5.35  0  
-5.34  0  
-5.33  0  
-5.32  0  
-5.31  0  
-5.3  0  
-5.29  0  
-5.28  0  
-5.27  0  
-5.26  0  
-5.25  0  
-5.24  0  
-5.23  0  
-5.22  0  
-5.21  0  
-5.2  0  
-5.19  0  
-5.18  0  
-5.17  0  
-5.16  0  
-5.15  0  
-5.14  0  
-5.13  0  
-5.12  1  
-5.11  0  
-5.1  0  
-5.09  0  
-5.08  0  
-5.07  0  
-5.06  0  
-5.05  0  
-5.04  0  
-5.03  0  
-5.02  0  
-5.01  0  
-5  0  
-4.99  0  
-4.98  0  
-4.97  0  
-4.96  0  
-4.95  0  
-4.94  0  
-4.93  0  
-4.92  0  
-4.91  0  
-4.9  0  
-4.89  0  
-4.88  0  
-4.87  0  
-4.86  0  
-4.85  0  
-4.84  0  
-4.83  0  
-4.82  0  
-4.81  0  
-4.8  0  
-4.79  0  
-4.78  0  
-4.77  0  
-4.76  0  
-4.75  0  
-4.74  0  
-4.73  0  
-4.72  0  
-4.71  0  
-4.7  0  
-4.69  0  
-4.68  0  
-4.67  0  
-4.66  0  
-4.65  0  
-4.64  0  
-4.63  0  
-4.62  0  
-4.61  0  
-4.6  0  
-4.59  0  
-4.58  0  
-4.57  0  
-4.56  0  
-4.55  0  
-4.54  0  
-4.53  0  
-4.52  0  
-4.51  0  
-4.5  0  
-4.49  0  
-4.48  0  
-4.47  0  
-4.46  0  
-4.45  0  
-4.44  0  
-4.43  0  
-4.42  0  
-4.41  0  
-4.4  0  
-4.39  0  
-4.38  0  
-4.37  0  
-4.36  0  
-4.35  0  
-4.34  0  
-4.33  0  
-4.32  0  
-4.31  0  
-4.3  0  
-4.29  0  
-4.28  0  
-4.27  0  
-4.26  0  
-4.25  0  
-4.24  0  
-4.23  0  
-4.22  0  
-4.21  0  
-4.2  0  
-4.19  0  
-4.18  0  
-4.17  0  
-4.16  0  
-4.15  0  
-4.14  0  
-4.13  0  
-4.12  0  
-4.11  0  
-4.1  0  
-4.09  0  
-4.08  0  
-4.07  0  
-4.06  0  
-4.05  0  
-4.04  0  
-4.03  0  
-4.02  0  
-4.01  0  
-4  0  
-3.99  0  
-3.98  0  
-3.97  0  
-3.96  0  
-3.95  0  
-3.94  0  
-3.93  0  
-3.92  0  
-3.91  0  
-3.9  0  
-3.89  0  
-3.88  0  
-3.87  0  
-3.86  0  
-3.85  0  
-3.84  0  
-3.83  0  
-3.82  0  
-3.81  0  
-3.8  0  
-3.79  0  
-3.78  0  
-3.77  0  
-3.76  0  
-3.75  0  
-3.74  0  
-3.73  0  
-3.72  0  
-3.71  0  
-3.7  0  
-3.69  0  
-3.68  0  
-3.67  0  
-3.66  0  
-3.65  0  
-3.64  0  
-3.63  0  
-3.62  0  
-3.61  0  
-3.6  0  
-3.59  0  
-3.58  0  
-3.57  0  
-3.56  0  
-3.55  0  
-3.54  0  
-3.53  0  
-3.52  0  
-3.51  0  
-3.5  0  
-3.49  0  
-3.48  0  
-3.47  0  
-3.46  0  
-3.45  0  
-3.44  0  
-3.43  0  
-3.42  0  
-3.41  0  
-3.4  0  
-3.39  0  
-3.38  0  
-3.37  0  
-3.36  0  
-3.35  0  
-3.34  0  
-3.33  0  
-3.32  0  
-3.31  0  
-3.3  0  
-3.29  0  
-3.28  0  
-3.27  0  
-3.26  0  
-3.25  0  
-3.24  0  
-3.23  0  
-3.22  0  
-3.21  0  
-3.2  0  
-3.19  0  
-3.18  0  
-3.17  0  
-3.16  0  
-3.15  0  
-3.14  0  
-3.13  0  
-3.12  0  
-3.11  0  
-3.1  0  
-3.09  0  
-3.08  0  
-3.07  0  
-3.06  0  
-3.05  0  
-3.04  0  
-3.03  0  
-3.02  0  
-3.01  0  
-3  0  
-2.99  0  
-2.98  0  
-2.97  0  
-2.96  0  
-2.95  0  
-2.94  0  
-2.93  0  
-2.92  0  
-2.91  0  
-2.9  0  
-2.89  0  
-2.88  0  
-2.87  0  
-2.86  0  
-2.85  0  
-2.84  0  
-2.83  0  
-2.82  0  
-2.81  0  
-2.8  0  
-2.79  0  
-2.78  0  
-2.77  0  
-2.76  0  
-2.75  0  
-2.74  0  
-2.73  0  
-2.72  0  
-2.71  0  
-2.7  0  
-2.69  0  
-2.68  0  
-2.67  0  
-2.66  0  
-2.65  0  
-2.64  0  
-2.63  0  
-2.62  0  
-2.61  0  
-2.6  0  
-2.59  0  
-2.58  0  
-2.57  0  
-2.56  0  
-2.55  0  
-2.54  0  
-2.53  0  
-2.52  0  
-2.51  0  
-2.5  0  
-2.49  0  
-2.48  0  
-2.47  0  
-2.46  0  
-2.45  0  
-2.44  0  
-2.43  0  
-2.42  0  
-2.41  0  
-2.4  0  
-2.39  0  
-2.38  0  
-2.37  0  
-2.36  0  
-2.35  0  
-2.34  0  
-2.33  0  
-2.32  0  
-2.31  0  
-2.3  0  
-2.29  0  
-2.28  0  
-2.27  0  
-2.26  0  
-2.25  0  
-2.24  0  
-2.23  0  
-2.22  0  
-2.21  0  
-2.2  0  
-2.19  0  
-2.18  0  
-2.17  0  
-2.16  0  
-2.15  0  
-2.14  0  
-2.13  0  
-2.12  0  
-2.11  0  
-2.1  0  
-2.09  0  
-2.08  0  
-2.07  0  
-2.06  0  
-2.05  0  
-2.04  0  
-2.03  0  
-2.02  0  
-2.01  0  
-2  0  
