10 1002 -13 -3 698  0  177872
-13  3  
-12.99  1  
-12.98  4  
-12.97  5  
-12.96  4  
-12.95  4  
-12.94  6  
-12.93  5  
-12.92  4  
-12.91  3  
-12.9  10  
-12.89  1  
-12.88  4  
-12.87  7  
-12.86  5  
-12.85  6  
-12.84  11  
-12.83  2  
-12.82  7  
-12.81  0  
-12.8  10  
-12.79  11  
-12.78  7  
-12.77  2  
-12.76  8  
-12.75  3  
-12.74  8  
-12.73  7  
-12.72  8  
-12.71  10  
-12.7  4  
-12.69  8  
-12.68  8  
-12.67  6  
-12.66  7  
-12.65  8  
-12.64  12  
-12.63  8  
-12.62  11  
-12.61  5  
-12.6  8  
-12.59  6  
-12.58  5  
-12.57  6  
-12.56  5  
-12.55  12  
-12.54  6  
-12.53  8  
-12.52  7  
-12.51  8  
-12.5  6  
-12.49  4  
-12.48  8  
-12.47  11  
-12.46  6  
-12.45  10  
-12.44  8  
-12.43  6  
-12.42  9  
-12.41  4  
-12.4  4  
-12.39  9  
-12.38  7  
-12.37  4  
-12.36  11  
-12.35  12  
-12.34  7  
-12.33  8  
-12.32  4  
-12.31  11  
-12.3  7  
-12.29  6  
-12.28  4  
-12.27  8  
-12.26  4  
-12.25  15  
-12.24  9  
-12.23  8  
-12.22  13  
-12.21  11  
-12.2  11  
-12.19  7  
-12.18  11  
-12.17  9  
-12.16  5  
-12.15  6  
-12.14  6  
-12.13  9  
-12.12  5  
-12.11  8  
-12.1  15  
-12.09  11  
-12.08  12  
-12.07  10  
-12.06  8  
-12.05  10  
-12.04  10  
-12.03  17  
-12.02  15  
-12.01  18  
-12  12  
-11.99  7  
-11.98  4  
-11.97  7  
-11.96  8  
-11.95  9  
-11.94  12  
-11.93  11  
-11.92  15  
-11.91  16  
-11.9  10  
-11.89  12  
-11.88  13  
-11.87  20  
-11.86  13  
-11.85  11  
-11.84  11  
-11.83  19  
-11.82  10  
-11.81  15  
-11.8  9  
-11.79  16  
-11.78  11  
-11.77  18  
-11.76  9  
-11.75  18  
-11.74  20  
-11.73  13  
-11.72  14  
-11.71  14  
-11.7  18  
-11.69  20  
-11.68  11  
-11.67  17  
-11.66  16  
-11.65  14  
-11.64  12  
-11.63  14  
-11.62  23  
-11.61  16  
-11.6  10  
-11.59  16  
-11.58  18  
-11.57  21  
-11.56  22  
-11.55  20  
-11.54  14  
-11.53  19  
-11.52  22  
-11.51  15  
-11.5  10  
-11.49  21  
-11.48  17  
-11.47  25  
-11.46  10  
-11.45  26  
-11.44  21  
-11.43  19  
-11.42  13  
-11.41  21  
-11.4  24  
-11.39  21  
-11.38  17  
-11.37  14  
-11.36  17  
-11.35  18  
-11.34  23  
-11.33  19  
-11.32  23  
-11.31  19  
-11.3  22  
-11.29  29  
-11.28  20  
-11.27  20  
-11.26  27  
-11.25  23  
-11.24  23  
-11.23  30  
-11.22  17  
-11.21  22  
-11.2  28  
-11.19  25  
-11.18  29  
-11.17  22  
-11.16  35  
-11.15  23  
-11.14  30  
-11.13  43  
-11.12  29  
-11.11  26  
-11.1  36  
-11.09  30  
-11.08  26  
-11.07  25  
-11.06  29  
-11.05  45  
-11.04  34  
-11.03  27  
-11.02  32  
-11.01  32  
-11  35  
-10.99  42  
-10.98  28  
-10.97  31  
-10.96  35  
-10.95  25  
-10.94  33  
-10.93  24  
-10.92  51  
-10.91  35  
-10.9  40  
-10.89  33  
-10.88  47  
-10.87  42  
-10.86  56  
-10.85  39  
-10.84  36  
-10.83  37  
-10.82  36  
-10.81  43  
-10.8  25  
-10.79  37  
-10.78  42  
-10.77  40  
-10.76  43  
-10.75  37  
-10.74  43  
-10.73  42  
-10.72  53  
-10.71  41  
-10.7  44  
-10.69  47  
-10.68  52  
-10.67  54  
-10.66  51  
-10.65  63  
-10.64  54  
-10.63  63  
-10.62  47  
-10.61  61  
-10.6  53  
-10.59  68  
-10.58  51  
-10.57  71  
-10.56  61  
-10.55  67  
-10.54  61  
-10.53  53  
-10.52  70  
-10.51  72  
-10.5  55  
-10.49  71  
-10.48  51  
-10.47  61  
-10.46  59  
-10.45  78  
-10.44  67  
-10.43  80  
-10.42  55  
-10.41  69  
-10.4  62  
-10.39  70  
-10.38  81  
-10.37  81  
-10.36  64  
-10.35  70  
-10.34  80  
-10.33  67  
-10.32  82  
-10.31  79  
-10.3  61  
-10.29  83  
-10.28  81  
-10.27  88  
-10.26  94  
-10.25  82  
-10.24  96  
-10.23  78  
-10.22  107  
-10.21  79  
-10.2  86  
-10.19  84  
-10.18  82  
-10.17  94  
-10.16  89  
-10.15  84  
-10.14  89  
-10.13  92  
-10.12  108  
-10.11  90  
-10.1  106  
-10.09  83  
-10.08  85  
-10.07  89  
-10.06  121  
-10.05  103  
-10.04  93  
-10.03  97  
-10.02  108  
-10.01  125  
-10  121  
-9.99  101  
-9.98  111  
-9.97  105  
-9.96  105  
-9.95  116  
-9.94  112  
-9.93  124  
-9.92  118  
-9.91  118  
-9.9  127  
-9.89  139  
-9.88  138  
-9.87  124  
-9.86  139  
-9.85  132  
-9.84  157  
-9.83  116  
-9.82  136  
-9.81  135  
-9.8  154  
-9.79  141  
-9.78  139  
-9.77  148  
-9.76  161  
-9.75  165  
-9.74  168  
-9.73  154  
-9.72  171  
-9.71  143  
-9.7  166  
-9.69  182  
-9.68  170  
-9.67  175  
-9.66  174  
-9.65  173  
-9.64  178  
-9.63  174  
-9.62  171  
-9.61  180  
-9.6  201  
-9.59  196  
-9.58  186  
-9.57  181  
-9.56  215  
-9.55  196  
-9.54  194  
-9.53  190  
-9.52  196  
-9.51  193  
-9.5  199  
-9.49  193  
-9.48  220  
-9.47  197  
-9.46  200  
-9.45  245  
-9.44  213  
-9.43  217  
-9.42  217  
-9.41  198  
-9.4  199  
-9.39  215  
-9.38  232  
-9.37  206  
-9.36  217  
-9.35  222  
-9.34  248  
-9.33  267  
-9.32  283  
-9.31  248  
-9.3  272  
-9.29  254  
-9.28  258  
-9.27  286  
-9.26  297  
-9.25  300  
-9.24  294  
-9.23  279  
-9.22  296  
-9.21  261  
-9.2  259  
-9.19  275  
-9.18  277  
-9.17  267  
-9.16  296  
-9.15  278  
-9.14  262  
-9.13  272  
-9.12  304  
-9.11  266  
-9.1  304  
-9.09  283  
-9.08  315  
-9.07  313  
-9.06  322  
-9.05  315  
-9.04  333  
-9.03  302  
-9.02  328  
-9.01  343  
-9  315  
-8.99  299  
-8.98  328  
-8.97  313  
-8.96  324  
-8.95  297  
-8.94  347  
-8.93  339  
-8.92  332  
-8.91  335  
-8.9  314  
-8.89  370  
-8.88  349  
-8.87  331  
-8.86  360  
-8.85  315  
-8.84  378  
-8.83  348  
-8.82  340  
-8.81  384  
-8.8  363  
-8.79  376  
-8.78  347  
-8.77  367  
-8.76  341  
-8.75  357  
-8.74  348  
-8.73  359  
-8.72  350  
-8.71  373  
-8.7  379  
-8.69  380  
-8.68  367  
-8.67  352  
-8.66  334  
-8.65  363  
-8.64  419  
-8.63  386  
-8.62  408  
-8.61  392  
-8.6  392  
-8.59  324  
-8.58  372  
-8.57  354  
-8.56  390  
-8.55  355  
-8.54  388  
-8.53  434  
-8.52  379  
-8.51  350  
-8.5  365  
-8.49  381  
-8.48  335  
-8.47  379  
-8.46  356  
-8.45  412  
-8.44  367  
-8.43  372  
-8.42  369  
-8.41  399  
-8.4  350  
-8.39  351  
-8.38  402  
-8.37  377  
-8.36  402  
-8.35  356  
-8.34  379  
-8.33  371  
-8.32  361  
-8.31  350  
-8.3  357  
-8.29  344  
-8.28  383  
-8.27  313  
-8.26  355  
-8.25  359  
-8.24  342  
-8.23  355  
-8.22  338  
-8.21  340  
-8.2  351  
-8.19  327  
-8.18  344  
-8.17  325  
-8.16  341  
-8.15  342  
-8.14  300  
-8.13  320  
-8.12  312  
-8.11  282  
-8.1  312  
-8.09  336  
-8.08  309  
-8.07  291  
-8.06  309  
-8.05  317  
-8.04  303  
-8.03  303  
-8.02  307  
-8.01  286  
-8  277  
-7.99  289  
-7.98  280  
-7.97  295  
-7.96  256  
-7.95  269  
-7.94  262  
-7.93  251  
-7.92  265  
-7.91  250  
-7.9  286  
-7.89  238  
-7.88  252  
-7.87  244  
-7.86  253  
-7.85  223  
-7.84  214  
-7.83  234  
-7.82  226  
-7.81  222  
-7.8  221  
-7.79  222  
-7.78  223  
-7.77  213  
-7.76  197  
-7.75  230  
-7.74  191  
-7.73  184  
-7.72  212  
-7.71  162  
-7.7  187  
-7.69  192  
-7.68  205  
-7.67  178  
-7.66  182  
-7.65  144  
-7.64  188  
-7.63  184  
-7.62  167  
-7.61  202  
-7.6  165  
-7.59  171  
-7.58  169  
-7.57  145  
-7.56  143  
-7.55  139  
-7.54  131  
-7.53  143  
-7.52  135  
-7.51  130  
-7.5  144  
-7.49  152  
-7.48  137  
-7.47  127  
-7.46  120  
-7.45  117  
-7.44  107  
-7.43  131  
-7.42  104  
-7.41  89  
-7.4  98  
-7.39  110  
-7.38  94  
-7.37  92  
-7.36  83  
-7.35  112  
-7.34  104  
-7.33  85  
-7.32  76  
-7.31  74  
-7.3  77  
-7.29  81  
-7.28  72  
-7.27  59  
-7.26  85  
-7.25  68  
-7.24  82  
-7.23  49  
-7.22  53  
-7.21  60  
-7.2  62  
-7.19  46  
-7.18  57  
-7.17  35  
-7.16  43  
-7.15  34  
-7.14  48  
-7.13  43  
-7.12  43  
-7.11  33  
-7.1  39  
-7.09  30  
-7.08  33  
-7.07  33  
-7.06  28  
-7.05  29  
-7.04  24  
-7.03  23  
-7.02  14  
-7.01  24  
-7  17  
-6.99  22  
-6.98  22  
-6.97  13  
-6.96  20  
-6.95  13  
-6.94  14  
-6.93  8  
-6.92  13  
-6.91  5  
-6.9  6  
-6.89  8  
-6.88  8  
-6.87  6  
-6.86  9  
-6.85  6  
-6.84  7  
-6.83  9  
-6.82  3  
-6.81  6  
-6.8  4  
-6.79  3  
-6.78  2  
-6.77  4  
-6.76  1  
-6.75  0  
-6.74  5  
-6.73  4  
-6.72  0  
-6.71  1  
-6.7  1  
-6.69  1  
-6.68  3  
-6.67  1  
-6.66  0  
-6.65  0  
-6.64  1  
-6.63  0  
-6.62  0  
-6.61  1  
-6.6  0  
-6.59  0  
-6.58  0  
-6.57  0  
-6.56  0  
-6.55  0  
-6.54  0  
-6.53  0  
-6.52  1  
-6.51  0  
-6.5  1  
-6.49  0  
-6.48  0  
-6.47  0  
-6.46  0  
-6.45  0  
-6.44  0  
-6.43  0  
-6.42  0  
-6.41  1  
-6.4  0  
-6.39  1  
-6.38  0  
-6.37  0  
-6.36  0  
-6.35  0  
-6.34  0  
-6.33  0  
-6.32  0  
-6.31  0  
-6.3  0  
-6.29  0  
-6.28  0  
-6.27  0  
-6.26  0  
-6.25  0  
-6.24  1  
-6.23  0  
-6.22  0  
-6.21  0  
-6.2  0  
-6.19  0  
-6.18  0  
-6.17  0  
-6.16  0  
-6.15  0  
-6.14  0  
-6.13  0  
-6.12  0  
-6.11  0  
-6.1  0  
-6.09  0  
-6.08  0  
-6.07  0  
-6.06  0  
-6.05  0  
-6.04  0  
-6.03  0  
-6.02  0  
-6.01  0  
-6  0  
-5.99  0  
-5.98  0  
-5.97  0  
-5.96  0  
-5.95  0  
-5.94  0  
-5.93  0  
-5.92  0  
-5.91  0  
-5.9  0  
-5.89  0  
-5.88  0  
-5.87  0  
-5.86  0  
-5.85  0  
-5.84  0  
-5.83  0  
-5.82  0  
-5.81  0  
-5.8  0  
-5.79  0  
-5.78  0  
-5.77  0  
-5.76  0  
-5.75  0  
-5.74  0  
-5.73  0  
-5.72  0  
-5.71  0  
-5.7  0  
-5.69  0  
-5.68  0  
-5.67  0  
-5.66  0  
-5.65  0  
-5.64  0  
-5.63  0  
-5.62  0  
-5.61  0  
-5.6  0  
-5.59  0  
-5.58  0  
-5.57  0  
-5.56  0  
-5.55  0  
-5.54  0  
-5.53  0  
-5.52  0  
-5.51  0  
-5.5  0  
-5.49  0  
-5.48  0  
-5.47  0  
-5.46  0  
-5.45  0  
-5.44  0  
-5.43  0  
-5.42  0  
-5.41  0  
-5.4  0  
-5.39  0  
-5.38  0  
-5.37  0  
-5.36  0  
-5.35  0  
-5.34  0  
-5.33  0  
-5.32  0  
-5.31  0  
-5.3  0  
-5.29  0  
-5.28  0  
-5.27  0  
-5.26  0  
-5.25  0  
-5.24  0  
-5.23  0  
-5.22  0  
-5.21  0  
-5.2  0  
-5.19  0  
-5.18  0  
-5.17  0  
-5.16  0  
-5.15  0  
-5.14  0  
-5.13  0  
-5.12  0  
-5.11  0  
-5.1  0  
-5.09  0  
-5.08  0  
-5.07  0  
-5.06  0  
-5.05  0  
-5.04  0  
-5.03  0  
-5.02  0  
-5.01  0  
-5  0  
-4.99  0  
-4.98  0  
-4.97  0  
-4.96  0  
-4.95  0  
-4.94  0  
-4.93  0  
-4.92  0  
-4.91  0  
-4.9  0  
-4.89  0  
-4.88  0  
-4.87  0  
-4.86  0  
-4.85  0  
-4.84  0  
-4.83  0  
-4.82  0  
-4.81  0  
-4.8  0  
-4.79  0  
-4.78  0  
-4.77  0  
-4.76  0  
-4.75  0  
-4.74  0  
-4.73  0  
-4.72  0  
-4.71  0  
-4.7  0  
-4.69  0  
-4.68  0  
-4.67  0  
-4.66  0  
-4.65  0  
-4.64  0  
-4.63  0  
-4.62  0  
-4.61  0  
-4.6  0  
-4.59  0  
-4.58  0  
-4.57  0  
-4.56  0  
-4.55  0  
-4.54  0  
-4.53  0  
-4.52  0  
-4.51  0  
-4.5  0  
-4.49  0  
-4.48  0  
-4.47  0  
-4.46  0  
-4.45  0  
-4.44  0  
-4.43  0  
-4.42  0  
-4.41  0  
-4.4  0  
-4.39  0  
-4.38  0  
-4.37  0  
-4.36  0  
-4.35  0  
-4.34  0  
-4.33  0  
-4.32  0  
-4.31  0  
-4.3  0  
-4.29  0  
-4.28  0  
-4.27  0  
-4.26  0  
-4.25  0  
-4.24  0  
-4.23  0  
-4.22  0  
-4.21  0  
-4.2  0  
-4.19  0  
-4.18  0  
-4.17  0  
-4.16  0  
-4.15  0  
-4.14  0  
-4.13  0  
-4.12  0  
-4.11  0  
-4.1  0  
-4.09  0  
-4.08  0  
-4.07  0  
-4.06  0  
-4.05  0  
-4.04  0  
-4.03  0  
-4.02  0  
-4.01  0  
-4  0  
-3.99  0  
-3.98  0  
-3.97  0  
-3.96  0  
-3.95  0  
-3.94  0  
-3.93  0  
-3.92  0  
-3.91  0  
-3.9  0  
-3.89  0  
-3.88  0  
-3.87  0  
-3.86  0  
-3.85  0  
-3.84  0  
-3.83  0  
-3.82  0  
-3.81  0  
-3.8  0  
-3.79  0  
-3.78  0  
-3.77  0  
-3.76  0  
-3.75  0  
-3.74  0  
-3.73  0  
-3.72  0  
-3.71  0  
-3.7  0  
-3.69  0  
-3.68  0  
-3.67  0  
-3.66  0  
-3.65  0  
-3.64  0  
-3.63  0  
-3.62  0  
-3.61  0  
-3.6  0  
-3.59  0  
-3.58  0  
-3.57  0  
-3.56  0  
-3.55  0  
-3.54  0  
-3.53  0  
-3.52  0  
-3.51  0  
-3.5  0  
-3.49  0  
-3.48  0  
-3.47  0  
-3.46  0  
-3.45  0  
-3.44  0  
-3.43  0  
-3.42  0  
-3.41  0  
-3.4  0  
-3.39  0  
-3.38  0  
-3.37  0  
-3.36  0  
-3.35  0  
-3.34  0  
-3.33  0  
-3.32  0  
-3.31  0  
-3.3  0  
-3.29  0  
-3.28  0  
-3.27  0  
-3.26  0  
-3.25  0  
-3.24  0  
-3.23  0  
-3.22  0  
-3.21  0  
-3.2  0  
-3.19  0  
-3.18  0  
-3.17  0  
-3.16  0  
-3.15  0  
-3.14  0  
-3.13  0  
-3.12  0  
-3.11  0  
-3.1  0  
-3.09  0  
-3.08  0  
-3.07  0  
-3.06  0  
-3.05  0  
-3.04  0  
-3.03  0  
-3.02  0  
-3.01  0  
-3  0  
