10 1002 -13 -3 434  0  182811
-13  4  
-12.99  1  
-12.98  4  
-12.97  1  
-12.96  1  
-12.95  4  
-12.94  4  
-12.93  3  
-12.92  3  
-12.91  6  
-12.9  3  
-12.89  1  
-12.88  7  
-12.87  5  
-12.86  3  
-12.85  0  
-12.84  6  
-12.83  4  
-12.82  2  
-12.81  7  
-12.8  0  
-12.79  3  
-12.78  2  
-12.77  6  
-12.76  5  
-12.75  4  
-12.74  5  
-12.73  5  
-12.72  2  
-12.71  6  
-12.7  1  
-12.69  3  
-12.68  6  
-12.67  9  
-12.66  2  
-12.65  9  
-12.64  5  
-12.63  2  
-12.62  5  
-12.61  3  
-12.6  10  
-12.59  9  
-12.58  4  
-12.57  5  
-12.56  9  
-12.55  5  
-12.54  4  
-12.53  9  
-12.52  2  
-12.51  2  
-12.5  6  
-12.49  3  
-12.48  3  
-12.47  9  
-12.46  10  
-12.45  5  
-12.44  1  
-12.43  9  
-12.42  7  
-12.41  3  
-12.4  5  
-12.39  5  
-12.38  6  
-12.37  5  
-12.36  6  
-12.35  4  
-12.34  5  
-12.33  7  
-12.32  6  
-12.31  6  
-12.3  12  
-12.29  7  
-12.28  9  
-12.27  9  
-12.26  3  
-12.25  6  
-12.24  9  
-12.23  7  
-12.22  7  
-12.21  7  
-12.2  5  
-12.19  7  
-12.18  6  
-12.17  4  
-12.16  11  
-12.15  11  
-12.14  6  
-12.13  12  
-12.12  11  
-12.11  8  
-12.1  5  
-12.09  4  
-12.08  11  
-12.07  9  
-12.06  12  
-12.05  4  
-12.04  10  
-12.03  7  
-12.02  11  
-12.01  12  
-12  2  
-11.99  10  
-11.98  9  
-11.97  10  
-11.96  21  
-11.95  16  
-11.94  13  
-11.93  10  
-11.92  10  
-11.91  9  
-11.9  13  
-11.89  14  
-11.88  13  
-11.87  15  
-11.86  21  
-11.85  15  
-11.84  13  
-11.83  10  
-11.82  15  
-11.81  18  
-11.8  10  
-11.79  13  
-11.78  19  
-11.77  21  
-11.76  13  
-11.75  23  
-11.74  22  
-11.73  13  
-11.72  23  
-11.71  14  
-11.7  18  
-11.69  23  
-11.68  13  
-11.67  15  
-11.66  13  
-11.65  23  
-11.64  15  
-11.63  27  
-11.62  17  
-11.61  18  
-11.6  19  
-11.59  25  
-11.58  23  
-11.57  27  
-11.56  31  
-11.55  23  
-11.54  22  
-11.53  21  
-11.52  19  
-11.51  24  
-11.5  25  
-11.49  38  
-11.48  35  
-11.47  32  
-11.46  24  
-11.45  24  
-11.44  30  
-11.43  13  
-11.42  32  
-11.41  30  
-11.4  27  
-11.39  37  
-11.38  36  
-11.37  25  
-11.36  36  
-11.35  30  
-11.34  25  
-11.33  37  
-11.32  29  
-11.31  37  
-11.3  31  
-11.29  41  
-11.28  28  
-11.27  40  
-11.26  36  
-11.25  37  
-11.24  38  
-11.23  40  
-11.22  43  
-11.21  50  
-11.2  31  
-11.19  37  
-11.18  57  
-11.17  32  
-11.16  40  
-11.15  36  
-11.14  40  
-11.13  46  
-11.12  42  
-11.11  46  
-11.1  55  
-11.09  37  
-11.08  46  
-11.07  49  
-11.06  64  
-11.05  51  
-11.04  55  
-11.03  47  
-11.02  61  
-11.01  59  
-11  47  
-10.99  49  
-10.98  59  
-10.97  58  
-10.96  64  
-10.95  64  
-10.94  62  
-10.93  65  
-10.92  53  
-10.91  65  
-10.9  64  
-10.89  63  
-10.88  76  
-10.87  62  
-10.86  60  
-10.85  62  
-10.84  57  
-10.83  70  
-10.82  59  
-10.81  72  
-10.8  68  
-10.79  66  
-10.78  90  
-10.77  73  
-10.76  81  
-10.75  77  
-10.74  84  
-10.73  80  
-10.72  78  
-10.71  83  
-10.7  77  
-10.69  80  
-10.68  78  
-10.67  90  
-10.66  85  
-10.65  84  
-10.64  92  
-10.63  81  
-10.62  78  
-10.61  90  
-10.6  89  
-10.59  97  
-10.58  71  
-10.57  93  
-10.56  76  
-10.55  87  
-10.54  100  
-10.53  111  
-10.52  107  
-10.51  114  
-10.5  85  
-10.49  93  
-10.48  105  
-10.47  118  
-10.46  89  
-10.45  107  
-10.44  90  
-10.43  102  
-10.42  99  
-10.41  102  
-10.4  103  
-10.39  112  
-10.38  106  
-10.37  100  
-10.36  126  
-10.35  115  
-10.34  106  
-10.33  122  
-10.32  105  
-10.31  113  
-10.3  128  
-10.29  115  
-10.28  117  
-10.27  114  
-10.26  112  
-10.25  116  
-10.24  120  
-10.23  115  
-10.22  126  
-10.21  115  
-10.2  143  
-10.19  111  
-10.18  132  
-10.17  129  
-10.16  139  
-10.15  143  
-10.14  135  
-10.13  148  
-10.12  131  
-10.11  116  
-10.1  137  
-10.09  146  
-10.08  137  
-10.07  120  
-10.06  155  
-10.05  139  
-10.04  142  
-10.03  149  
-10.02  141  
-10.01  144  
-10  125  
-9.99  150  
-9.98  141  
-9.97  152  
-9.96  157  
-9.95  134  
-9.94  144  
-9.93  142  
-9.92  145  
-9.91  159  
-9.9  182  
-9.89  169  
-9.88  160  
-9.87  163  
-9.86  174  
-9.85  161  
-9.84  182  
-9.83  173  
-9.82  171  
-9.81  163  
-9.8  163  
-9.79  192  
-9.78  156  
-9.77  185  
-9.76  185  
-9.75  197  
-9.74  180  
-9.73  180  
-9.72  182  
-9.71  197  
-9.7  171  
-9.69  169  
-9.68  184  
-9.67  201  
-9.66  209  
-9.65  210  
-9.64  185  
-9.63  186  
-9.62  175  
-9.61  214  
-9.6  231  
-9.59  230  
-9.58  191  
-9.57  221  
-9.56  199  
-9.55  212  
-9.54  200  
-9.53  243  
-9.52  203  
-9.51  215  
-9.5  199  
-9.49  250  
-9.48  239  
-9.47  266  
-9.46  217  
-9.45  229  
-9.44  224  
-9.43  254  
-9.42  261  
-9.41  252  
-9.4  255  
-9.39  252  
-9.38  253  
-9.37  242  
-9.36  270  
-9.35  222  
-9.34  256  
-9.33  226  
-9.32  249  
-9.31  274  
-9.3  259  
-9.29  254  
-9.28  240  
-9.27  262  
-9.26  253  
-9.25  256  
-9.24  249  
-9.23  258  
-9.22  244  
-9.21  253  
-9.2  248  
-9.19  266  
-9.18  270  
-9.17  273  
-9.16  245  
-9.15  258  
-9.14  283  
-9.13  244  
-9.12  266  
-9.11  246  
-9.1  274  
-9.09  294  
-9.08  248  
-9.07  231  
-9.06  247  
-9.05  226  
-9.04  248  
-9.03  269  
-9.02  263  
-9.01  254  
-9  232  
-8.99  261  
-8.98  251  
-8.97  207  
-8.96  252  
-8.95  255  
-8.94  247  
-8.93  257  
-8.92  265  
-8.91  239  
-8.9  241  
-8.89  251  
-8.88  230  
-8.87  253  
-8.86  234  
-8.85  263  
-8.84  243  
-8.83  232  
-8.82  247  
-8.81  217  
-8.8  266  
-8.79  245  
-8.78  227  
-8.77  235  
-8.76  236  
-8.75  243  
-8.74  253  
-8.73  227  
-8.72  271  
-8.71  243  
-8.7  222  
-8.69  247  
-8.68  251  
-8.67  263  
-8.66  246  
-8.65  244  
-8.64  249  
-8.63  246  
-8.62  249  
-8.61  243  
-8.6  236  
-8.59  228  
-8.58  228  
-8.57  245  
-8.56  229  
-8.55  234  
-8.54  214  
-8.53  232  
-8.52  245  
-8.51  248  
-8.5  261  
-8.49  232  
-8.48  222  
-8.47  238  
-8.46  237  
-8.45  254  
-8.44  234  
-8.43  244  
-8.42  263  
-8.41  241  
-8.4  256  
-8.39  265  
-8.38  235  
-8.37  255  
-8.36  253  
-8.35  234  
-8.34  251  
-8.33  249  
-8.32  265  
-8.31  242  
-8.3  253  
-8.29  254  
-8.28  246  
-8.27  260  
-8.26  241  
-8.25  256  
-8.24  280  
-8.23  236  
-8.22  278  
-8.21  256  
-8.2  249  
-8.19  263  
-8.18  262  
-8.17  285  
-8.16  254  
-8.15  251  
-8.14  283  
-8.13  265  
-8.12  275  
-8.11  252  
-8.1  229  
-8.09  291  
-8.08  257  
-8.07  256  
-8.06  248  
-8.05  254  
-8.04  263  
-8.03  274  
-8.02  263  
-8.01  251  
-8  286  
-7.99  284  
-7.98  307  
-7.97  267  
-7.96  285  
-7.95  302  
-7.94  326  
-7.93  296  
-7.92  296  
-7.91  317  
-7.9  317  
-7.89  323  
-7.88  313  
-7.87  342  
-7.86  341  
-7.85  325  
-7.84  330  
-7.83  385  
-7.82  366  
-7.81  380  
-7.8  379  
-7.79  413  
-7.78  420  
-7.77  402  
-7.76  410  
-7.75  413  
-7.74  378  
-7.73  419  
-7.72  398  
-7.71  405  
-7.7  444  
-7.69  408  
-7.68  411  
-7.67  396  
-7.66  440  
-7.65  428  
-7.64  423  
-7.63  418  
-7.62  400  
-7.61  401  
-7.6  351  
-7.59  375  
-7.58  341  
-7.57  367  
-7.56  329  
-7.55  339  
-7.54  310  
-7.53  299  
-7.52  250  
-7.51  298  
-7.5  229  
-7.49  209  
-7.48  193  
-7.47  182  
-7.46  158  
-7.45  155  
-7.44  122  
-7.43  114  
-7.42  105  
-7.41  92  
-7.4  75  
-7.39  66  
-7.38  54  
-7.37  52  
-7.36  40  
-7.35  42  
-7.34  42  
-7.33  33  
-7.32  14  
-7.31  23  
-7.3  16  
-7.29  15  
-7.28  15  
-7.27  18  
-7.26  8  
-7.25  11  
-7.24  7  
-7.23  6  
-7.22  5  
-7.21  8  
-7.2  7  
-7.19  8  
-7.18  3  
-7.17  7  
-7.16  1  
-7.15  2  
-7.14  3  
-7.13  1  
-7.12  1  
-7.11  2  
-7.1  1  
-7.09  2  
-7.08  2  
-7.07  1  
-7.06  0  
-7.05  0  
-7.04  0  
-7.03  1  
-7.02  0  
-7.01  2  
-7  2  
-6.99  1  
-6.98  3  
-6.97  0  
-6.96  0  
-6.95  1  
-6.94  0  
-6.93  0  
-6.92  0  
-6.91  0  
-6.9  0  
-6.89  0  
-6.88  1  
-6.87  1  
-6.86  0  
-6.85  0  
-6.84  0  
-6.83  0  
-6.82  0  
-6.81  0  
-6.8  0  
-6.79  0  
-6.78  0  
-6.77  0  
-6.76  0  
-6.75  0  
-6.74  0  
-6.73  0  
-6.72  0  
-6.71  0  
-6.7  0  
-6.69  0  
-6.68  0  
-6.67  0  
-6.66  0  
-6.65  0  
-6.64  0  
-6.63  0  
-6.62  0  
-6.61  0  
-6.6  0  
-6.59  0  
-6.58  0  
-6.57  0  
-6.56  0  
-6.55  0  
-6.54  0  
-6.53  0  
-6.52  0  
-6.51  0  
-6.5  0  
-6.49  0  
-6.48  0  
-6.47  0  
-6.46  0  
-6.45  0  
-6.44  0  
-6.43  0  
-6.42  0  
-6.41  0  
-6.4  0  
-6.39  0  
-6.38  0  
-6.37  0  
-6.36  0  
-6.35  0  
-6.34  0  
-6.33  0  
-6.32  0  
-6.31  0  
-6.3  0  
-6.29  0  
-6.28  0  
-6.27  0  
-6.26  0  
-6.25  0  
-6.24  0  
-6.23  0  
-6.22  0  
-6.21  0  
-6.2  0  
-6.19  0  
-6.18  0  
-6.17  0  
-6.16  0  
-6.15  0  
-6.14  0  
-6.13  0  
-6.12  0  
-6.11  0  
-6.1  0  
-6.09  0  
-6.08  0  
-6.07  0  
-6.06  0  
-6.05  0  
-6.04  0  
-6.03  0  
-6.02  0  
-6.01  0  
-6  0  
-5.99  0  
-5.98  0  
-5.97  0  
-5.96  0  
-5.95  0  
-5.94  0  
-5.93  0  
-5.92  0  
-5.91  0  
-5.9  0  
-5.89  0  
-5.88  0  
-5.87  0  
-5.86  0  
-5.85  0  
-5.84  0  
-5.83  0  
-5.82  0  
-5.81  0  
-5.8  0  
-5.79  0  
-5.78  0  
-5.77  0  
-5.76  0  
-5.75  0  
-5.74  0  
-5.73  0  
-5.72  0  
-5.71  0  
-5.7  0  
-5.69  0  
-5.68  0  
-5.67  0  
-5.66  0  
-5.65  0  
-5.64  0  
-5.63  0  
-5.62  0  
-5.61  0  
-5.6  0  
-5.59  0  
-5.58  0  
-5.57  0  
-5.56  0  
-5.55  0  
-5.54  0  
-5.53  0  
-5.52  0  
-5.51  0  
-5.5  0  
-5.49  0  
-5.48  0  
-5.47  0  
-5.46  0  
-5.45  0  
-5.44  0  
-5.43  0  
-5.42  0  
-5.41  0  
-5.4  0  
-5.39  0  
-5.38  0  
-5.37  0  
-5.36  0  
-5.35  0  
-5.34  0  
-5.33  0  
-5.32  0  
-5.31  0  
-5.3  0  
-5.29  0  
-5.28  0  
-5.27  0  
-5.26  0  
-5.25  0  
-5.24  0  
-5.23  0  
-5.22  0  
-5.21  0  
-5.2  0  
-5.19  0  
-5.18  0  
-5.17  0  
-5.16  0  
-5.15  0  
-5.14  0  
-5.13  0  
-5.12  0  
-5.11  0  
-5.1  0  
-5.09  0  
-5.08  0  
-5.07  0  
-5.06  0  
-5.05  0  
-5.04  0  
-5.03  0  
-5.02  0  
-5.01  0  
-5  0  
-4.99  0  
-4.98  0  
-4.97  0  
-4.96  0  
-4.95  0  
-4.94  0  
-4.93  0  
-4.92  0  
-4.91  0  
-4.9  0  
-4.89  0  
-4.88  0  
-4.87  0  
-4.86  0  
-4.85  0  
-4.84  0  
-4.83  0  
-4.82  0  
-4.81  0  
-4.8  0  
-4.79  0  
-4.78  0  
-4.77  0  
-4.76  0  
-4.75  0  
-4.74  0  
-4.73  0  
-4.72  0  
-4.71  0  
-4.7  0  
-4.69  0  
-4.68  0  
-4.67  0  
-4.66  0  
-4.65  0  
-4.64  0  
-4.63  0  
-4.62  0  
-4.61  0  
-4.6  0  
-4.59  0  
-4.58  0  
-4.57  0  
-4.56  0  
-4.55  0  
-4.54  0  
-4.53  0  
-4.52  0  
-4.51  0  
-4.5  0  
-4.49  0  
-4.48  0  
-4.47  0  
-4.46  0  
-4.45  0  
-4.44  0  
-4.43  0  
-4.42  0  
-4.41  0  
-4.4  0  
-4.39  0  
-4.38  0  
-4.37  0  
-4.36  0  
-4.35  0  
-4.34  0  
-4.33  0  
-4.32  0  
-4.31  0  
-4.3  0  
-4.29  0  
-4.28  0  
-4.27  0  
-4.26  0  
-4.25  0  
-4.24  0  
-4.23  0  
-4.22  0  
-4.21  0  
-4.2  0  
-4.19  0  
-4.18  0  
-4.17  0  
-4.16  0  
-4.15  0  
-4.14  0  
-4.13  0  
-4.12  0  
-4.11  0  
-4.1  0  
-4.09  0  
-4.08  0  
-4.07  0  
-4.06  0  
-4.05  0  
-4.04  0  
-4.03  0  
-4.02  0  
-4.01  0  
-4  0  
-3.99  0  
-3.98  0  
-3.97  0  
-3.96  0  
-3.95  0  
-3.94  0  
-3.93  0  
-3.92  0  
-3.91  0  
-3.9  0  
-3.89  0  
-3.88  0  
-3.87  0  
-3.86  0  
-3.85  0  
-3.84  0  
-3.83  0  
-3.82  0  
-3.81  0  
-3.8  0  
-3.79  0  
-3.78  0  
-3.77  0  
-3.76  0  
-3.75  0  
-3.74  0  
-3.73  0  
-3.72  0  
-3.71  0  
-3.7  0  
-3.69  0  
-3.68  0  
-3.67  0  
-3.66  0  
-3.65  0  
-3.64  0  
-3.63  0  
-3.62  0  
-3.61  0  
-3.6  0  
-3.59  0  
-3.58  0  
-3.57  0  
-3.56  0  
-3.55  0  
-3.54  0  
-3.53  0  
-3.52  0  
-3.51  0  
-3.5  0  
-3.49  0  
-3.48  0  
-3.47  0  
-3.46  0  
-3.45  0  
-3.44  0  
-3.43  0  
-3.42  0  
-3.41  0  
-3.4  0  
-3.39  0  
-3.38  0  
-3.37  0  
-3.36  0  
-3.35  0  
-3.34  0  
-3.33  0  
-3.32  0  
-3.31  0  
-3.3  0  
-3.29  0  
-3.28  0  
-3.27  0  
-3.26  0  
-3.25  0  
-3.24  0  
-3.23  0  
-3.22  0  
-3.21  0  
-3.2  0  
-3.19  0  
-3.18  0  
-3.17  0  
-3.16  0  
-3.15  0  
-3.14  0  
-3.13  0  
-3.12  0  
-3.11  0  
-3.1  0  
-3.09  0  
-3.08  0  
-3.07  0  
-3.06  0  
-3.05  0  
-3.04  0  
-3.03  0  
-3.02  0  
-3.01  0  
-3  0  
