19 fsr_2_4__j__j__P__nu_e__e+__j 310000 310000 1.07753746092e-09 46
fsrchannels4/C4_0 0 0 0 0 0 0 0
fsrchannels4/C4_1 0 0 0 0 0 0 0
fsrchannels4/C4_2 0 0 0 0 0 0 0
fsrchannels4/C4_3 8778 0.13264367482 0.132631617817 4.07606569448 2.89197253716e-10 9.98157000541e-22 8.26368945564e-20
fsrchannels4/C4_4 0 0 0 0 0 0 0
fsrchannels4/C4_5 121 0.00220457616179 0.00220437577092 2.15214096875 4.84866151406e-10 2.22371875084e-20 2.12857997271e-19
fsrchannels4/C4_6 1405 0.0192158185962 0.0192140719228 1.2517789182 3.20482273039e-10 4.84309723167e-22 1.02224577609e-19
fsrchannels4/C4_7 1047 0.0282415907507 0.0282390236555 5.87393948482 3.72611452623e-10 3.65974904506e-21 1.3517954558e-19
fsrchannels4/C4_8 0 0 0 0 0 0 0
fsrchannels4/C4_9 0 0 0 0 0 0 0
fsrchannels4/C4_10 0 0 0 0 0 0 0
fsrchannels4/C4_11 0 0 9.08976840664e-05 0 0 0 0
fsrchannels4/C4_12 0 0 0 0 0 0 0
fsrchannels4/C4_13 0 0 0 0 0 0 0
fsrchannels4/C4_14 0 0 0 0 0 0 0
fsrchannels4/C4_15 22523 0.287561340864 0.287535202204 0.00272796187942 2.84042241759e-10 2.88679223246e-23 8.06511271814e-20
fsrchannels4/C4_16 32292 0.337696416156 0.337665720334 2877.88538595 2.90826401281e-10 2.34706337413e-22 8.43452893449e-20
fsrchannels4/C4_17 8993 0.131678116846 0.131666147611 1.2891431039 3.36184904871e-10 1.00919360348e-21 1.12011096659e-19
fsrchannels4/C4_18 4841 0.0607584658049 0.060752943001 2.44363505081 3.2128022176e-10 6.10512477273e-22 1.02610468417e-19
