10 1002 -13 -3 586  0  234169
-13  5  
-12.99  6  
-12.98  3  
-12.97  4  
-12.96  2  
-12.95  2  
-12.94  2  
-12.93  1  
-12.92  7  
-12.91  3  
-12.9  7  
-12.89  3  
-12.88  4  
-12.87  2  
-12.86  6  
-12.85  5  
-12.84  7  
-12.83  6  
-12.82  7  
-12.81  10  
-12.8  1  
-12.79  8  
-12.78  8  
-12.77  9  
-12.76  4  
-12.75  3  
-12.74  4  
-12.73  6  
-12.72  4  
-12.71  6  
-12.7  5  
-12.69  6  
-12.68  6  
-12.67  4  
-12.66  7  
-12.65  7  
-12.64  7  
-12.63  8  
-12.62  1  
-12.61  8  
-12.6  7  
-12.59  6  
-12.58  5  
-12.57  7  
-12.56  4  
-12.55  3  
-12.54  4  
-12.53  7  
-12.52  9  
-12.51  7  
-12.5  6  
-12.49  6  
-12.48  6  
-12.47  7  
-12.46  8  
-12.45  13  
-12.44  3  
-12.43  2  
-12.42  10  
-12.41  3  
-12.4  5  
-12.39  3  
-12.38  14  
-12.37  6  
-12.36  12  
-12.35  6  
-12.34  5  
-12.33  8  
-12.32  8  
-12.31  5  
-12.3  6  
-12.29  11  
-12.28  9  
-12.27  9  
-12.26  6  
-12.25  8  
-12.24  11  
-12.23  9  
-12.22  8  
-12.21  13  
-12.2  7  
-12.19  7  
-12.18  9  
-12.17  7  
-12.16  12  
-12.15  7  
-12.14  9  
-12.13  8  
-12.12  5  
-12.11  9  
-12.1  7  
-12.09  7  
-12.08  8  
-12.07  9  
-12.06  13  
-12.05  3  
-12.04  10  
-12.03  7  
-12.02  7  
-12.01  13  
-12  17  
-11.99  9  
-11.98  12  
-11.97  8  
-11.96  14  
-11.95  9  
-11.94  16  
-11.93  13  
-11.92  9  
-11.91  12  
-11.9  9  
-11.89  14  
-11.88  10  
-11.87  8  
-11.86  16  
-11.85  8  
-11.84  13  
-11.83  13  
-11.82  14  
-11.81  18  
-11.8  16  
-11.79  14  
-11.78  17  
-11.77  15  
-11.76  9  
-11.75  10  
-11.74  18  
-11.73  8  
-11.72  12  
-11.71  20  
-11.7  23  
-11.69  8  
-11.68  14  
-11.67  21  
-11.66  19  
-11.65  14  
-11.64  24  
-11.63  22  
-11.62  17  
-11.61  22  
-11.6  24  
-11.59  22  
-11.58  22  
-11.57  22  
-11.56  13  
-11.55  9  
-11.54  20  
-11.53  12  
-11.52  17  
-11.51  19  
-11.5  18  
-11.49  17  
-11.48  27  
-11.47  22  
-11.46  16  
-11.45  20  
-11.44  28  
-11.43  27  
-11.42  12  
-11.41  18  
-11.4  24  
-11.39  19  
-11.38  21  
-11.37  25  
-11.36  18  
-11.35  34  
-11.34  23  
-11.33  26  
-11.32  26  
-11.31  19  
-11.3  42  
-11.29  24  
-11.28  27  
-11.27  28  
-11.26  20  
-11.25  27  
-11.24  29  
-11.23  31  
-11.22  26  
-11.21  35  
-11.2  37  
-11.19  27  
-11.18  38  
-11.17  26  
-11.16  31  
-11.15  32  
-11.14  32  
-11.13  28  
-11.12  39  
-11.11  29  
-11.1  37  
-11.09  37  
-11.08  40  
-11.07  23  
-11.06  30  
-11.05  38  
-11.04  42  
-11.03  44  
-11.02  39  
-11.01  43  
-11  40  
-10.99  34  
-10.98  37  
-10.97  43  
-10.96  47  
-10.95  29  
-10.94  49  
-10.93  42  
-10.92  42  
-10.91  39  
-10.9  51  
-10.89  56  
-10.88  49  
-10.87  52  
-10.86  42  
-10.85  59  
-10.84  55  
-10.83  57  
-10.82  54  
-10.81  54  
-10.8  41  
-10.79  55  
-10.78  65  
-10.77  57  
-10.76  64  
-10.75  49  
-10.74  51  
-10.73  81  
-10.72  56  
-10.71  66  
-10.7  55  
-10.69  59  
-10.68  73  
-10.67  65  
-10.66  69  
-10.65  67  
-10.64  67  
-10.63  82  
-10.62  61  
-10.61  57  
-10.6  61  
-10.59  67  
-10.58  73  
-10.57  74  
-10.56  85  
-10.55  71  
-10.54  69  
-10.53  68  
-10.52  85  
-10.51  65  
-10.5  78  
-10.49  76  
-10.48  74  
-10.47  84  
-10.46  91  
-10.45  88  
-10.44  102  
-10.43  91  
-10.42  105  
-10.41  89  
-10.4  98  
-10.39  112  
-10.38  79  
-10.37  95  
-10.36  92  
-10.35  102  
-10.34  103  
-10.33  84  
-10.32  101  
-10.31  104  
-10.3  102  
-10.29  121  
-10.28  103  
-10.27  104  
-10.26  119  
-10.25  121  
-10.24  109  
-10.23  113  
-10.22  111  
-10.21  121  
-10.2  107  
-10.19  135  
-10.18  121  
-10.17  96  
-10.16  121  
-10.15  126  
-10.14  133  
-10.13  116  
-10.12  111  
-10.11  124  
-10.1  147  
-10.09  114  
-10.08  117  
-10.07  127  
-10.06  137  
-10.05  146  
-10.04  115  
-10.03  128  
-10.02  154  
-10.01  154  
-10  155  
-9.99  167  
-9.98  144  
-9.97  168  
-9.96  172  
-9.95  142  
-9.94  151  
-9.93  149  
-9.92  152  
-9.91  165  
-9.9  168  
-9.89  199  
-9.88  169  
-9.87  153  
-9.86  180  
-9.85  169  
-9.84  187  
-9.83  196  
-9.82  166  
-9.81  166  
-9.8  183  
-9.79  182  
-9.78  175  
-9.77  194  
-9.76  187  
-9.75  189  
-9.74  182  
-9.73  202  
-9.72  185  
-9.71  191  
-9.7  203  
-9.69  235  
-9.68  216  
-9.67  209  
-9.66  222  
-9.65  232  
-9.64  235  
-9.63  192  
-9.62  225  
-9.61  218  
-9.6  247  
-9.59  207  
-9.58  250  
-9.57  236  
-9.56  204  
-9.55  208  
-9.54  198  
-9.53  237  
-9.52  236  
-9.51  199  
-9.5  257  
-9.49  255  
-9.48  237  
-9.47  242  
-9.46  257  
-9.45  237  
-9.44  261  
-9.43  265  
-9.42  263  
-9.41  254  
-9.4  273  
-9.39  240  
-9.38  267  
-9.37  291  
-9.36  273  
-9.35  253  
-9.34  274  
-9.33  281  
-9.32  289  
-9.31  314  
-9.3  286  
-9.29  289  
-9.28  285  
-9.27  284  
-9.26  263  
-9.25  280  
-9.24  315  
-9.23  316  
-9.22  318  
-9.21  276  
-9.2  280  
-9.19  306  
-9.18  301  
-9.17  315  
-9.16  337  
-9.15  323  
-9.14  314  
-9.13  310  
-9.12  310  
-9.11  286  
-9.1  285  
-9.09  301  
-9.08  291  
-9.07  288  
-9.06  306  
-9.05  317  
-9.04  322  
-9.03  317  
-9.02  307  
-9.01  343  
-9  335  
-8.99  315  
-8.98  312  
-8.97  333  
-8.96  340  
-8.95  338  
-8.94  349  
-8.93  321  
-8.92  335  
-8.91  347  
-8.9  309  
-8.89  316  
-8.88  369  
-8.87  341  
-8.86  331  
-8.85  365  
-8.84  356  
-8.83  331  
-8.82  355  
-8.81  339  
-8.8  334  
-8.79  316  
-8.78  310  
-8.77  330  
-8.76  389  
-8.75  342  
-8.74  338  
-8.73  301  
-8.72  350  
-8.71  340  
-8.7  307  
-8.69  382  
-8.68  318  
-8.67  351  
-8.66  336  
-8.65  326  
-8.64  320  
-8.63  296  
-8.62  317  
-8.61  308  
-8.6  333  
-8.59  334  
-8.58  321  
-8.57  343  
-8.56  313  
-8.55  321  
-8.54  289  
-8.53  308  
-8.52  287  
-8.51  342  
-8.5  320  
-8.49  283  
-8.48  296  
-8.47  296  
-8.46  297  
-8.45  286  
-8.44  339  
-8.43  305  
-8.42  305  
-8.41  314  
-8.4  316  
-8.39  318  
-8.38  313  
-8.37  299  
-8.36  320  
-8.35  326  
-8.34  312  
-8.33  280  
-8.32  286  
-8.31  291  
-8.3  311  
-8.29  291  
-8.28  283  
-8.27  304  
-8.26  267  
-8.25  303  
-8.24  283  
-8.23  267  
-8.22  262  
-8.21  276  
-8.2  249  
-8.19  269  
-8.18  274  
-8.17  283  
-8.16  268  
-8.15  283  
-8.14  255  
-8.13  244  
-8.12  240  
-8.11  251  
-8.1  261  
-8.09  264  
-8.08  226  
-8.07  260  
-8.06  242  
-8.05  238  
-8.04  244  
-8.03  269  
-8.02  227  
-8.01  212  
-8  231  
-7.99  235  
-7.98  227  
-7.97  207  
-7.96  208  
-7.95  215  
-7.94  206  
-7.93  187  
-7.92  229  
-7.91  177  
-7.9  226  
-7.89  221  
-7.88  192  
-7.87  182  
-7.86  201  
-7.85  213  
-7.84  217  
-7.83  192  
-7.82  209  
-7.81  182  
-7.8  174  
-7.79  167  
-7.78  164  
-7.77  194  
-7.76  182  
-7.75  170  
-7.74  175  
-7.73  165  
-7.72  151  
-7.71  159  
-7.7  154  
-7.69  167  
-7.68  175  
-7.67  139  
-7.66  155  
-7.65  148  
-7.64  165  
-7.63  142  
-7.62  168  
-7.61  133  
-7.6  129  
-7.59  166  
-7.58  143  
-7.57  135  
-7.56  142  
-7.55  122  
-7.54  143  
-7.53  117  
-7.52  109  
-7.51  147  
-7.5  110  
-7.49  118  
-7.48  107  
-7.47  104  
-7.46  115  
-7.45  116  
-7.44  130  
-7.43  105  
-7.42  114  
-7.41  112  
-7.4  96  
-7.39  101  
-7.38  99  
-7.37  102  
-7.36  86  
-7.35  111  
-7.34  92  
-7.33  88  
-7.32  81  
-7.31  81  
-7.3  85  
-7.29  90  
-7.28  78  
-7.27  79  
-7.26  64  
-7.25  66  
-7.24  79  
-7.23  73  
-7.22  72  
-7.21  69  
-7.2  52  
-7.19  69  
-7.18  67  
-7.17  41  
-7.16  58  
-7.15  59  
-7.14  49  
-7.13  48  
-7.12  59  
-7.11  48  
-7.1  61  
-7.09  53  
-7.08  52  
-7.07  44  
-7.06  41  
-7.05  32  
-7.04  58  
-7.03  38  
-7.02  38  
-7.01  35  
-7  41  
-6.99  51  
-6.98  41  
-6.97  33  
-6.96  33  
-6.95  33  
-6.94  30  
-6.93  25  
-6.92  33  
-6.91  31  
-6.9  31  
-6.89  20  
-6.88  30  
-6.87  30  
-6.86  30  
-6.85  37  
-6.84  28  
-6.83  29  
-6.82  29  
-6.81  22  
-6.8  20  
-6.79  26  
-6.78  22  
-6.77  21  
-6.76  25  
-6.75  18  
-6.74  18  
-6.73  18  
-6.72  20  
-6.71  21  
-6.7  10  
-6.69  18  
-6.68  18  
-6.67  20  
-6.66  12  
-6.65  11  
-6.64  14  
-6.63  21  
-6.62  11  
-6.61  9  
-6.6  7  
-6.59  8  
-6.58  7  
-6.57  8  
-6.56  6  
-6.55  8  
-6.54  7  
-6.53  3  
-6.52  7  
-6.51  8  
-6.5  2  
-6.49  6  
-6.48  2  
-6.47  5  
-6.46  2  
-6.45  5  
-6.44  5  
-6.43  3  
-6.42  4  
-6.41  0  
-6.4  4  
-6.39  0  
-6.38  1  
-6.37  6  
-6.36  1  
-6.35  3  
-6.34  1  
-6.33  3  
-6.32  0  
-6.31  0  
-6.3  1  
-6.29  2  
-6.28  2  
-6.27  0  
-6.26  1  
-6.25  1  
-6.24  1  
-6.23  0  
-6.22  0  
-6.21  0  
-6.2  0  
-6.19  1  
-6.18  0  
-6.17  0  
-6.16  1  
-6.15  0  
-6.14  0  
-6.13  0  
-6.12  0  
-6.11  0  
-6.1  0  
-6.09  0  
-6.08  0  
-6.07  0  
-6.06  0  
-6.05  0  
-6.04  0  
-6.03  0  
-6.02  1  
-6.01  0  
-6  0  
-5.99  0  
-5.98  0  
-5.97  0  
-5.96  0  
-5.95  1  
-5.94  1  
-5.93  0  
-5.92  0  
-5.91  0  
-5.9  0  
-5.89  0  
-5.88  0  
-5.87  0  
-5.86  0  
-5.85  0  
-5.84  0  
-5.83  0  
-5.82  0  
-5.81  0  
-5.8  0  
-5.79  0  
-5.78  0  
-5.77  0  
-5.76  0  
-5.75  0  
-5.74  0  
-5.73  0  
-5.72  0  
-5.71  0  
-5.7  0  
-5.69  0  
-5.68  0  
-5.67  0  
-5.66  0  
-5.65  0  
-5.64  0  
-5.63  0  
-5.62  0  
-5.61  0  
-5.6  0  
-5.59  0  
-5.58  0  
-5.57  0  
-5.56  0  
-5.55  0  
-5.54  0  
-5.53  0  
-5.52  0  
-5.51  0  
-5.5  0  
-5.49  0  
-5.48  0  
-5.47  0  
-5.46  0  
-5.45  0  
-5.44  0  
-5.43  0  
-5.42  0  
-5.41  0  
-5.4  0  
-5.39  0  
-5.38  0  
-5.37  0  
-5.36  0  
-5.35  0  
-5.34  0  
-5.33  0  
-5.32  0  
-5.31  0  
-5.3  0  
-5.29  0  
-5.28  0  
-5.27  0  
-5.26  0  
-5.25  0  
-5.24  0  
-5.23  0  
-5.22  0  
-5.21  0  
-5.2  0  
-5.19  0  
-5.18  0  
-5.17  0  
-5.16  0  
-5.15  0  
-5.14  0  
-5.13  0  
-5.12  0  
-5.11  0  
-5.1  0  
-5.09  0  
-5.08  0  
-5.07  0  
-5.06  0  
-5.05  0  
-5.04  0  
-5.03  0  
-5.02  0  
-5.01  0  
-5  0  
-4.99  0  
-4.98  0  
-4.97  0  
-4.96  0  
-4.95  0  
-4.94  0  
-4.93  0  
-4.92  0  
-4.91  0  
-4.9  0  
-4.89  0  
-4.88  0  
-4.87  0  
-4.86  0  
-4.85  0  
-4.84  0  
-4.83  0  
-4.82  0  
-4.81  0  
-4.8  0  
-4.79  0  
-4.78  0  
-4.77  0  
-4.76  0  
-4.75  0  
-4.74  0  
-4.73  0  
-4.72  0  
-4.71  0  
-4.7  0  
-4.69  0  
-4.68  0  
-4.67  0  
-4.66  0  
-4.65  0  
-4.64  0  
-4.63  0  
-4.62  0  
-4.61  0  
-4.6  0  
-4.59  0  
-4.58  0  
-4.57  0  
-4.56  0  
-4.55  0  
-4.54  0  
-4.53  0  
-4.52  0  
-4.51  0  
-4.5  0  
-4.49  0  
-4.48  0  
-4.47  0  
-4.46  0  
-4.45  0  
-4.44  0  
-4.43  0  
-4.42  0  
-4.41  0  
-4.4  0  
-4.39  0  
-4.38  0  
-4.37  0  
-4.36  0  
-4.35  0  
-4.34  0  
-4.33  0  
-4.32  0  
-4.31  0  
-4.3  0  
-4.29  0  
-4.28  0  
-4.27  0  
-4.26  0  
-4.25  0  
-4.24  0  
-4.23  0  
-4.22  0  
-4.21  0  
-4.2  0  
-4.19  0  
-4.18  0  
-4.17  0  
-4.16  0  
-4.15  0  
-4.14  0  
-4.13  0  
-4.12  0  
-4.11  0  
-4.1  0  
-4.09  0  
-4.08  0  
-4.07  0  
-4.06  0  
-4.05  0  
-4.04  0  
-4.03  0  
-4.02  0  
-4.01  0  
-4  0  
-3.99  0  
-3.98  0  
-3.97  0  
-3.96  0  
-3.95  0  
-3.94  0  
-3.93  0  
-3.92  0  
-3.91  0  
-3.9  0  
-3.89  0  
-3.88  0  
-3.87  0  
-3.86  0  
-3.85  0  
-3.84  0  
-3.83  0  
-3.82  0  
-3.81  0  
-3.8  0  
-3.79  0  
-3.78  0  
-3.77  0  
-3.76  0  
-3.75  0  
-3.74  0  
-3.73  0  
-3.72  0  
-3.71  0  
-3.7  0  
-3.69  0  
-3.68  0  
-3.67  0  
-3.66  0  
-3.65  0  
-3.64  0  
-3.63  0  
-3.62  0  
-3.61  0  
-3.6  0  
-3.59  0  
-3.58  0  
-3.57  0  
-3.56  0  
-3.55  0  
-3.54  0  
-3.53  0  
-3.52  0  
-3.51  0  
-3.5  0  
-3.49  0  
-3.48  0  
-3.47  0  
-3.46  0  
-3.45  0  
-3.44  0  
-3.43  0  
-3.42  0  
-3.41  0  
-3.4  0  
-3.39  0  
-3.38  0  
-3.37  0  
-3.36  0  
-3.35  0  
-3.34  0  
-3.33  0  
-3.32  0  
-3.31  0  
-3.3  0  
-3.29  0  
-3.28  0  
-3.27  0  
-3.26  0  
-3.25  0  
-3.24  0  
-3.23  0  
-3.22  0  
-3.21  0  
-3.2  0  
-3.19  0  
-3.18  0  
-3.17  0  
-3.16  0  
-3.15  0  
-3.14  0  
-3.13  0  
-3.12  0  
-3.11  0  
-3.1  0  
-3.09  0  
-3.08  0  
-3.07  0  
-3.06  0  
-3.05  0  
-3.04  0  
-3.03  0  
-3.02  0  
-3.01  0  
-3  0  
