10 1002 -12 -2 317  0  234169
-12  1  
-11.99  2  
-11.98  1  
-11.97  3  
-11.96  1  
-11.95  1  
-11.94  3  
-11.93  3  
-11.92  0  
-11.91  2  
-11.9  4  
-11.89  2  
-11.88  0  
-11.87  2  
-11.86  2  
-11.85  4  
-11.84  0  
-11.83  3  
-11.82  1  
-11.81  3  
-11.8  4  
-11.79  2  
-11.78  1  
-11.77  4  
-11.76  2  
-11.75  2  
-11.74  1  
-11.73  3  
-11.72  3  
-11.71  0  
-11.7  1  
-11.69  3  
-11.68  4  
-11.67  5  
-11.66  2  
-11.65  0  
-11.64  2  
-11.63  5  
-11.62  1  
-11.61  3  
-11.6  2  
-11.59  3  
-11.58  4  
-11.57  3  
-11.56  2  
-11.55  1  
-11.54  2  
-11.53  4  
-11.52  4  
-11.51  2  
-11.5  2  
-11.49  6  
-11.48  2  
-11.47  2  
-11.46  2  
-11.45  4  
-11.44  1  
-11.43  3  
-11.42  3  
-11.41  3  
-11.4  2  
-11.39  3  
-11.38  3  
-11.37  3  
-11.36  3  
-11.35  1  
-11.34  7  
-11.33  3  
-11.32  0  
-11.31  2  
-11.3  4  
-11.29  3  
-11.28  4  
-11.27  2  
-11.26  3  
-11.25  1  
-11.24  5  
-11.23  6  
-11.22  3  
-11.21  2  
-11.2  2  
-11.19  6  
-11.18  5  
-11.17  4  
-11.16  7  
-11.15  3  
-11.14  1  
-11.13  2  
-11.12  1  
-11.11  5  
-11.1  2  
-11.09  1  
-11.08  5  
-11.07  3  
-11.06  3  
-11.05  6  
-11.04  1  
-11.03  6  
-11.02  3  
-11.01  2  
-11  4  
-10.99  2  
-10.98  5  
-10.97  3  
-10.96  3  
-10.95  2  
-10.94  11  
-10.93  1  
-10.92  3  
-10.91  7  
-10.9  4  
-10.89  10  
-10.88  8  
-10.87  12  
-10.86  6  
-10.85  3  
-10.84  7  
-10.83  10  
-10.82  5  
-10.81  6  
-10.8  6  
-10.79  8  
-10.78  7  
-10.77  5  
-10.76  8  
-10.75  5  
-10.74  7  
-10.73  10  
-10.72  5  
-10.71  9  
-10.7  6  
-10.69  5  
-10.68  4  
-10.67  5  
-10.66  8  
-10.65  9  
-10.64  9  
-10.63  5  
-10.62  9  
-10.61  4  
-10.6  4  
-10.59  7  
-10.58  2  
-10.57  6  
-10.56  6  
-10.55  9  
-10.54  6  
-10.53  8  
-10.52  10  
-10.51  7  
-10.5  10  
-10.49  9  
-10.48  10  
-10.47  8  
-10.46  13  
-10.45  13  
-10.44  9  
-10.43  6  
-10.42  12  
-10.41  5  
-10.4  10  
-10.39  10  
-10.38  4  
-10.37  11  
-10.36  10  
-10.35  16  
-10.34  10  
-10.33  10  
-10.32  11  
-10.31  9  
-10.3  9  
-10.29  10  
-10.28  14  
-10.27  10  
-10.26  12  
-10.25  15  
-10.24  11  
-10.23  7  
-10.22  15  
-10.21  21  
-10.2  11  
-10.19  14  
-10.18  13  
-10.17  10  
-10.16  4  
-10.15  16  
-10.14  11  
-10.13  18  
-10.12  14  
-10.11  14  
-10.1  18  
-10.09  14  
-10.08  13  
-10.07  13  
-10.06  18  
-10.05  12  
-10.04  23  
-10.03  15  
-10.02  18  
-10.01  19  
-10  16  
-9.99  12  
-9.98  26  
-9.97  21  
-9.96  20  
-9.95  25  
-9.94  25  
-9.93  26  
-9.92  21  
-9.91  20  
-9.9  21  
-9.89  23  
-9.88  30  
-9.87  16  
-9.86  21  
-9.85  24  
-9.84  28  
-9.83  26  
-9.82  28  
-9.81  18  
-9.8  28  
-9.79  22  
-9.78  20  
-9.77  28  
-9.76  26  
-9.75  27  
-9.74  27  
-9.73  30  
-9.72  28  
-9.71  32  
-9.7  33  
-9.69  25  
-9.68  48  
-9.67  34  
-9.66  27  
-9.65  36  
-9.64  34  
-9.63  24  
-9.62  45  
-9.61  32  
-9.6  35  
-9.59  35  
-9.58  45  
-9.57  36  
-9.56  28  
-9.55  42  
-9.54  36  
-9.53  42  
-9.52  43  
-9.51  46  
-9.5  50  
-9.49  44  
-9.48  48  
-9.47  49  
-9.46  46  
-9.45  49  
-9.44  44  
-9.43  43  
-9.42  60  
-9.41  65  
-9.4  63  
-9.39  56  
-9.38  59  
-9.37  42  
-9.36  82  
-9.35  60  
-9.34  65  
-9.33  60  
-9.32  58  
-9.31  61  
-9.3  80  
-9.29  67  
-9.28  74  
-9.27  60  
-9.26  85  
-9.25  60  
-9.24  66  
-9.23  72  
-9.22  65  
-9.21  72  
-9.2  91  
-9.19  81  
-9.18  94  
-9.17  78  
-9.16  98  
-9.15  79  
-9.14  91  
-9.13  93  
-9.12  103  
-9.11  95  
-9.1  95  
-9.09  112  
-9.08  94  
-9.07  84  
-9.06  109  
-9.05  86  
-9.04  90  
-9.03  92  
-9.02  104  
-9.01  120  
-9  108  
-8.99  99  
-8.98  108  
-8.97  123  
-8.96  104  
-8.95  115  
-8.94  124  
-8.93  147  
-8.92  149  
-8.91  118  
-8.9  163  
-8.89  141  
-8.88  120  
-8.87  133  
-8.86  155  
-8.85  140  
-8.84  163  
-8.83  142  
-8.82  172  
-8.81  184  
-8.8  156  
-8.79  166  
-8.78  171  
-8.77  159  
-8.76  171  
-8.75  163  
-8.74  156  
-8.73  187  
-8.72  154  
-8.71  206  
-8.7  176  
-8.69  190  
-8.68  206  
-8.67  205  
-8.66  207  
-8.65  219  
-8.64  194  
-8.63  213  
-8.62  215  
-8.61  198  
-8.6  223  
-8.59  244  
-8.58  213  
-8.57  195  
-8.56  240  
-8.55  256  
-8.54  256  
-8.53  262  
-8.52  273  
-8.51  305  
-8.5  287  
-8.49  274  
-8.48  271  
-8.47  256  
-8.46  283  
-8.45  289  
-8.44  314  
-8.43  298  
-8.42  257  
-8.41  288  
-8.4  283  
-8.39  291  
-8.38  322  
-8.37  333  
-8.36  325  
-8.35  330  
-8.34  324  
-8.33  308  
-8.32  367  
-8.31  334  
-8.3  340  
-8.29  350  
-8.28  352  
-8.27  349  
-8.26  360  
-8.25  355  
-8.24  341  
-8.23  388  
-8.22  355  
-8.21  376  
-8.2  372  
-8.19  355  
-8.18  412  
-8.17  354  
-8.16  350  
-8.15  402  
-8.14  374  
-8.13  386  
-8.12  379  
-8.11  414  
-8.1  392  
-8.09  388  
-8.08  388  
-8.07  426  
-8.06  400  
-8.05  410  
-8.04  409  
-8.03  431  
-8.02  421  
-8.01  415  
-8  440  
-7.99  431  
-7.98  430  
-7.97  425  
-7.96  462  
-7.95  447  
-7.94  430  
-7.93  416  
-7.92  454  
-7.91  440  
-7.9  433  
-7.89  455  
-7.88  458  
-7.87  462  
-7.86  459  
-7.85  415  
-7.84  466  
-7.83  456  
-7.82  414  
-7.81  406  
-7.8  455  
-7.79  452  
-7.78  445  
-7.77  441  
-7.76  454  
-7.75  410  
-7.74  478  
-7.73  450  
-7.72  432  
-7.71  472  
-7.7  437  
-7.69  431  
-7.68  448  
-7.67  419  
-7.66  425  
-7.65  445  
-7.64  417  
-7.63  466  
-7.62  438  
-7.61  403  
-7.6  458  
-7.59  421  
-7.58  446  
-7.57  465  
-7.56  461  
-7.55  439  
-7.54  446  
-7.53  452  
-7.52  410  
-7.51  407  
-7.5  462  
-7.49  393  
-7.48  407  
-7.47  392  
-7.46  414  
-7.45  352  
-7.44  404  
-7.43  406  
-7.42  405  
-7.41  359  
-7.4  394  
-7.39  370  
-7.38  341  
-7.37  358  
-7.36  376  
-7.35  380  
-7.34  337  
-7.33  363  
-7.32  356  
-7.31  375  
-7.3  377  
-7.29  336  
-7.28  317  
-7.27  351  
-7.26  327  
-7.25  369  
-7.24  341  
-7.23  322  
-7.22  311  
-7.21  335  
-7.2  271  
-7.19  316  
-7.18  321  
-7.17  282  
-7.16  260  
-7.15  266  
-7.14  319  
-7.13  296  
-7.12  282  
-7.11  287  
-7.1  259  
-7.09  301  
-7.08  265  
-7.07  258  
-7.06  251  
-7.05  269  
-7.04  235  
-7.03  271  
-7.02  212  
-7.01  243  
-7  213  
-6.99  232  
-6.98  221  
-6.97  217  
-6.96  219  
-6.95  223  
-6.94  201  
-6.93  172  
-6.92  194  
-6.91  226  
-6.9  183  
-6.89  183  
-6.88  175  
-6.87  179  
-6.86  179  
-6.85  156  
-6.84  196  
-6.83  156  
-6.82  153  
-6.81  153  
-6.8  167  
-6.79  174  
-6.78  145  
-6.77  147  
-6.76  130  
-6.75  137  
-6.74  149  
-6.73  128  
-6.72  116  
-6.71  109  
-6.7  112  
-6.69  96  
-6.68  115  
-6.67  101  
-6.66  108  
-6.65  101  
-6.64  105  
-6.63  96  
-6.62  95  
-6.61  90  
-6.6  104  
-6.59  73  
-6.58  84  
-6.57  72  
-6.56  90  
-6.55  64  
-6.54  77  
-6.53  71  
-6.52  77  
-6.51  48  
-6.5  62  
-6.49  61  
-6.48  53  
-6.47  56  
-6.46  52  
-6.45  57  
-6.44  46  
-6.43  53  
-6.42  52  
-6.41  42  
-6.4  52  
-6.39  51  
-6.38  41  
-6.37  33  
-6.36  40  
-6.35  40  
-6.34  46  
-6.33  34  
-6.32  26  
-6.31  33  
-6.3  22  
-6.29  25  
-6.28  27  
-6.27  25  
-6.26  20  
-6.25  25  
-6.24  23  
-6.23  20  
-6.22  16  
-6.21  18  
-6.2  21  
-6.19  15  
-6.18  15  
-6.17  13  
-6.16  13  
-6.15  12  
-6.14  15  
-6.13  7  
-6.12  11  
-6.11  12  
-6.1  6  
-6.09  10  
-6.08  9  
-6.07  7  
-6.06  9  
-6.05  7  
-6.04  6  
-6.03  12  
-6.02  12  
-6.01  7  
-6  7  
-5.99  7  
-5.98  3  
-5.97  6  
-5.96  7  
-5.95  4  
-5.94  4  
-5.93  6  
-5.92  1  
-5.91  2  
-5.9  1  
-5.89  2  
-5.88  2  
-5.87  3  
-5.86  3  
-5.85  5  
-5.84  0  
-5.83  0  
-5.82  3  
-5.81  3  
-5.8  1  
-5.79  3  
-5.78  0  
-5.77  2  
-5.76  5  
-5.75  1  
-5.74  1  
-5.73  2  
-5.72  0  
-5.71  2  
-5.7  0  
-5.69  0  
-5.68  0  
-5.67  1  
-5.66  1  
-5.65  1  
-5.64  0  
-5.63  1  
-5.62  0  
-5.61  0  
-5.6  0  
-5.59  0  
-5.58  0  
-5.57  2  
-5.56  0  
-5.55  0  
-5.54  0  
-5.53  0  
-5.52  0  
-5.51  0  
-5.5  0  
-5.49  1  
-5.48  0  
-5.47  0  
-5.46  0  
-5.45  0  
-5.44  1  
-5.43  0  
-5.42  0  
-5.41  1  
-5.4  1  
-5.39  0  
-5.38  0  
-5.37  1  
-5.36  0  
-5.35  0  
-5.34  0  
-5.33  0  
-5.32  0  
-5.31  0  
-5.3  0  
-5.29  0  
-5.28  0  
-5.27  0  
-5.26  0  
-5.25  0  
-5.24  0  
-5.23  0  
-5.22  0  
-5.21  0  
-5.2  0  
-5.19  0  
-5.18  0  
-5.17  0  
-5.16  0  
-5.15  0  
-5.14  0  
-5.13  0  
-5.12  0  
-5.11  0  
-5.1  0  
-5.09  0  
-5.08  0  
-5.07  0  
-5.06  0  
-5.05  0  
-5.04  0  
-5.03  0  
-5.02  0  
-5.01  0  
-5  0  
-4.99  0  
-4.98  0  
-4.97  0  
-4.96  0  
-4.95  0  
-4.94  0  
-4.93  0  
-4.92  0  
-4.91  0  
-4.9  0  
-4.89  0  
-4.88  0  
-4.87  0  
-4.86  0  
-4.85  0  
-4.84  0  
-4.83  0  
-4.82  0  
-4.81  0  
-4.8  0  
-4.79  0  
-4.78  0  
-4.77  0  
-4.76  0  
-4.75  0  
-4.74  0  
-4.73  0  
-4.72  0  
-4.71  0  
-4.7  0  
-4.69  0  
-4.68  0  
-4.67  0  
-4.66  0  
-4.65  0  
-4.64  0  
-4.63  0  
-4.62  0  
-4.61  0  
-4.6  0  
-4.59  0  
-4.58  0  
-4.57  0  
-4.56  0  
-4.55  0  
-4.54  0  
-4.53  0  
-4.52  0  
-4.51  0  
-4.5  0  
-4.49  0  
-4.48  0  
-4.47  0  
-4.46  0  
-4.45  0  
-4.44  0  
-4.43  0  
-4.42  0  
-4.41  0  
-4.4  0  
-4.39  0  
-4.38  0  
-4.37  0  
-4.36  0  
-4.35  0  
-4.34  0  
-4.33  0  
-4.32  0  
-4.31  0  
-4.3  0  
-4.29  0  
-4.28  0  
-4.27  0  
-4.26  0  
-4.25  0  
-4.24  0  
-4.23  0  
-4.22  0  
-4.21  0  
-4.2  0  
-4.19  0  
-4.18  0  
-4.17  0  
-4.16  0  
-4.15  0  
-4.14  0  
-4.13  0  
-4.12  0  
-4.11  0  
-4.1  0  
-4.09  0  
-4.08  0  
-4.07  0  
-4.06  0  
-4.05  0  
-4.04  0  
-4.03  0  
-4.02  0  
-4.01  0  
-4  0  
-3.99  0  
-3.98  0  
-3.97  0  
-3.96  0  
-3.95  0  
-3.94  0  
-3.93  0  
-3.92  0  
-3.91  0  
-3.9  0  
-3.89  0  
-3.88  0  
-3.87  0  
-3.86  0  
-3.85  0  
-3.84  0  
-3.83  0  
-3.82  0  
-3.81  0  
-3.8  0  
-3.79  0  
-3.78  0  
-3.77  0  
-3.76  0  
-3.75  0  
-3.74  0  
-3.73  0  
-3.72  0  
-3.71  0  
-3.7  0  
-3.69  0  
-3.68  0  
-3.67  0  
-3.66  0  
-3.65  0  
-3.64  0  
-3.63  0  
-3.62  0  
-3.61  0  
-3.6  0  
-3.59  0  
-3.58  0  
-3.57  0  
-3.56  0  
-3.55  0  
-3.54  0  
-3.53  0  
-3.52  0  
-3.51  0  
-3.5  0  
-3.49  0  
-3.48  0  
-3.47  0  
-3.46  0  
-3.45  0  
-3.44  0  
-3.43  0  
-3.42  0  
-3.41  0  
-3.4  0  
-3.39  0  
-3.38  0  
-3.37  0  
-3.36  0  
-3.35  0  
-3.34  0  
-3.33  0  
-3.32  0  
-3.31  0  
-3.3  0  
-3.29  0  
-3.28  0  
-3.27  0  
-3.26  0  
-3.25  0  
-3.24  0  
-3.23  0  
-3.22  0  
-3.21  0  
-3.2  0  
-3.19  0  
-3.18  0  
-3.17  0  
-3.16  0  
-3.15  0  
-3.14  0  
-3.13  0  
-3.12  0  
-3.11  0  
-3.1  0  
-3.09  0  
-3.08  0  
-3.07  0  
-3.06  0  
-3.05  0  
-3.04  0  
-3.03  0  
-3.02  0  
-3.01  0  
-3  0  
-2.99  0  
-2.98  0  
-2.97  0  
-2.96  0  
-2.95  0  
-2.94  0  
-2.93  0  
-2.92  0  
-2.91  0  
-2.9  0  
-2.89  0  
-2.88  0  
-2.87  0  
-2.86  0  
-2.85  0  
-2.84  0  
-2.83  0  
-2.82  0  
-2.81  0  
-2.8  0  
-2.79  0  
-2.78  0  
-2.77  0  
-2.76  0  
-2.75  0  
-2.74  0  
-2.73  0  
-2.72  0  
-2.71  0  
-2.7  0  
-2.69  0  
-2.68  0  
-2.67  0  
-2.66  0  
-2.65  0  
-2.64  0  
-2.63  0  
-2.62  0  
-2.61  0  
-2.6  0  
-2.59  0  
-2.58  0  
-2.57  0  
-2.56  0  
-2.55  0  
-2.54  0  
-2.53  0  
-2.52  0  
-2.51  0  
-2.5  0  
-2.49  0  
-2.48  0  
-2.47  0  
-2.46  0  
-2.45  0  
-2.44  0  
-2.43  0  
-2.42  0  
-2.41  0  
-2.4  0  
-2.39  0  
-2.38  0  
-2.37  0  
-2.36  0  
-2.35  0  
-2.34  0  
-2.33  0  
-2.32  0  
-2.31  0  
-2.3  0  
-2.29  0  
-2.28  0  
-2.27  0  
-2.26  0  
-2.25  0  
-2.24  0  
-2.23  0  
-2.22  0  
-2.21  0  
-2.2  0  
-2.19  0  
-2.18  0  
-2.17  0  
-2.16  0  
-2.15  0  
-2.14  0  
-2.13  0  
-2.12  0  
-2.11  0  
-2.1  0  
-2.09  0  
-2.08  0  
-2.07  0  
-2.06  0  
-2.05  0  
-2.04  0  
-2.03  0  
-2.02  0  
-2.01  0  
-2  0  
