10 1002 -13 -3 963  0  230182
-13  11  
-12.99  9  
-12.98  6  
-12.97  9  
-12.96  11  
-12.95  10  
-12.94  12  
-12.93  7  
-12.92  8  
-12.91  10  
-12.9  11  
-12.89  12  
-12.88  8  
-12.87  13  
-12.86  14  
-12.85  12  
-12.84  9  
-12.83  11  
-12.82  14  
-12.81  6  
-12.8  12  
-12.79  6  
-12.78  12  
-12.77  12  
-12.76  11  
-12.75  12  
-12.74  12  
-12.73  6  
-12.72  13  
-12.71  19  
-12.7  13  
-12.69  13  
-12.68  11  
-12.67  11  
-12.66  10  
-12.65  15  
-12.64  15  
-12.63  13  
-12.62  11  
-12.61  9  
-12.6  13  
-12.59  20  
-12.58  15  
-12.57  9  
-12.56  16  
-12.55  16  
-12.54  15  
-12.53  11  
-12.52  21  
-12.51  11  
-12.5  12  
-12.49  10  
-12.48  23  
-12.47  24  
-12.46  16  
-12.45  15  
-12.44  17  
-12.43  14  
-12.42  19  
-12.41  18  
-12.4  14  
-12.39  21  
-12.38  16  
-12.37  19  
-12.36  14  
-12.35  16  
-12.34  15  
-12.33  20  
-12.32  21  
-12.31  17  
-12.3  18  
-12.29  18  
-12.28  12  
-12.27  20  
-12.26  19  
-12.25  29  
-12.24  22  
-12.23  22  
-12.22  18  
-12.21  18  
-12.2  18  
-12.19  18  
-12.18  15  
-12.17  19  
-12.16  26  
-12.15  19  
-12.14  26  
-12.13  27  
-12.12  17  
-12.11  19  
-12.1  13  
-12.09  20  
-12.08  22  
-12.07  27  
-12.06  29  
-12.05  22  
-12.04  29  
-12.03  16  
-12.02  23  
-12.01  20  
-12  22  
-11.99  25  
-11.98  33  
-11.97  29  
-11.96  30  
-11.95  26  
-11.94  19  
-11.93  18  
-11.92  35  
-11.91  28  
-11.9  20  
-11.89  34  
-11.88  21  
-11.87  23  
-11.86  23  
-11.85  13  
-11.84  33  
-11.83  32  
-11.82  31  
-11.81  27  
-11.8  25  
-11.79  27  
-11.78  28  
-11.77  33  
-11.76  29  
-11.75  41  
-11.74  34  
-11.73  38  
-11.72  28  
-11.71  36  
-11.7  37  
-11.69  35  
-11.68  31  
-11.67  37  
-11.66  28  
-11.65  42  
-11.64  31  
-11.63  31  
-11.62  32  
-11.61  39  
-11.6  28  
-11.59  39  
-11.58  37  
-11.57  50  
-11.56  35  
-11.55  35  
-11.54  40  
-11.53  43  
-11.52  43  
-11.51  42  
-11.5  40  
-11.49  37  
-11.48  43  
-11.47  43  
-11.46  33  
-11.45  29  
-11.44  38  
-11.43  45  
-11.42  45  
-11.41  40  
-11.4  37  
-11.39  40  
-11.38  46  
-11.37  47  
-11.36  29  
-11.35  42  
-11.34  39  
-11.33  56  
-11.32  51  
-11.31  50  
-11.3  44  
-11.29  48  
-11.28  41  
-11.27  28  
-11.26  53  
-11.25  58  
-11.24  50  
-11.23  44  
-11.22  35  
-11.21  66  
-11.2  45  
-11.19  57  
-11.18  44  
-11.17  48  
-11.16  49  
-11.15  59  
-11.14  53  
-11.13  44  
-11.12  58  
-11.11  61  
-11.1  59  
-11.09  66  
-11.08  58  
-11.07  58  
-11.06  66  
-11.05  67  
-11.04  66  
-11.03  54  
-11.02  84  
-11.01  66  
-11  67  
-10.99  70  
-10.98  50  
-10.97  63  
-10.96  69  
-10.95  72  
-10.94  63  
-10.93  77  
-10.92  74  
-10.91  70  
-10.9  69  
-10.89  65  
-10.88  83  
-10.87  72  
-10.86  75  
-10.85  77  
-10.84  80  
-10.83  87  
-10.82  75  
-10.81  66  
-10.8  81  
-10.79  62  
-10.78  72  
-10.77  81  
-10.76  75  
-10.75  90  
-10.74  80  
-10.73  84  
-10.72  87  
-10.71  84  
-10.7  101  
-10.69  87  
-10.68  78  
-10.67  91  
-10.66  111  
-10.65  89  
-10.64  94  
-10.63  93  
-10.62  90  
-10.61  95  
-10.6  81  
-10.59  86  
-10.58  88  
-10.57  81  
-10.56  91  
-10.55  113  
-10.54  104  
-10.53  110  
-10.52  120  
-10.51  93  
-10.5  108  
-10.49  101  
-10.48  99  
-10.47  123  
-10.46  98  
-10.45  93  
-10.44  120  
-10.43  115  
-10.42  123  
-10.41  120  
-10.4  117  
-10.39  112  
-10.38  117  
-10.37  124  
-10.36  118  
-10.35  126  
-10.34  135  
-10.33  139  
-10.32  129  
-10.31  112  
-10.3  125  
-10.29  132  
-10.28  140  
-10.27  143  
-10.26  142  
-10.25  128  
-10.24  154  
-10.23  130  
-10.22  136  
-10.21  140  
-10.2  166  
-10.19  148  
-10.18  140  
-10.17  143  
-10.16  149  
-10.15  134  
-10.14  150  
-10.13  150  
-10.12  150  
-10.11  172  
-10.1  157  
-10.09  172  
-10.08  175  
-10.07  159  
-10.06  151  
-10.05  163  
-10.04  175  
-10.03  163  
-10.02  175  
-10.01  172  
-10  153  
-9.99  173  
-9.98  167  
-9.97  182  
-9.96  193  
-9.95  167  
-9.94  181  
-9.93  185  
-9.92  173  
-9.91  209  
-9.9  192  
-9.89  187  
-9.88  184  
-9.87  178  
-9.86  191  
-9.85  183  
-9.84  233  
-9.83  194  
-9.82  185  
-9.81  218  
-9.8  191  
-9.79  193  
-9.78  195  
-9.77  189  
-9.76  221  
-9.75  203  
-9.74  191  
-9.73  204  
-9.72  200  
-9.71  225  
-9.7  231  
-9.69  195  
-9.68  238  
-9.67  228  
-9.66  203  
-9.65  248  
-9.64  220  
-9.63  234  
-9.62  249  
-9.61  243  
-9.6  243  
-9.59  245  
-9.58  221  
-9.57  259  
-9.56  264  
-9.55  227  
-9.54  250  
-9.53  253  
-9.52  258  
-9.51  228  
-9.5  255  
-9.49  269  
-9.48  224  
-9.47  235  
-9.46  250  
-9.45  221  
-9.44  261  
-9.43  237  
-9.42  259  
-9.41  275  
-9.4  274  
-9.39  239  
-9.38  254  
-9.37  251  
-9.36  260  
-9.35  284  
-9.34  270  
-9.33  270  
-9.32  270  
-9.31  271  
-9.3  269  
-9.29  285  
-9.28  291  
-9.27  275  
-9.26  256  
-9.25  306  
-9.24  281  
-9.23  287  
-9.22  280  
-9.21  268  
-9.2  303  
-9.19  266  
-9.18  268  
-9.17  266  
-9.16  272  
-9.15  295  
-9.14  292  
-9.13  280  
-9.12  291  
-9.11  268  
-9.1  283  
-9.09  275  
-9.08  297  
-9.07  288  
-9.06  299  
-9.05  289  
-9.04  270  
-9.03  312  
-9.02  260  
-9.01  258  
-9  298  
-8.99  296  
-8.98  311  
-8.97  296  
-8.96  294  
-8.95  279  
-8.94  303  
-8.93  305  
-8.92  315  
-8.91  283  
-8.9  266  
-8.89  306  
-8.88  266  
-8.87  265  
-8.86  307  
-8.85  311  
-8.84  304  
-8.83  280  
-8.82  283  
-8.81  262  
-8.8  292  
-8.79  299  
-8.78  297  
-8.77  293  
-8.76  270  
-8.75  302  
-8.74  274  
-8.73  286  
-8.72  293  
-8.71  273  
-8.7  312  
-8.69  286  
-8.68  311  
-8.67  309  
-8.66  273  
-8.65  312  
-8.64  287  
-8.63  288  
-8.62  282  
-8.61  265  
-8.6  314  
-8.59  256  
-8.58  313  
-8.57  289  
-8.56  277  
-8.55  273  
-8.54  256  
-8.53  288  
-8.52  293  
-8.51  301  
-8.5  303  
-8.49  287  
-8.48  270  
-8.47  264  
-8.46  280  
-8.45  267  
-8.44  273  
-8.43  293  
-8.42  270  
-8.41  253  
-8.4  290  
-8.39  257  
-8.38  272  
-8.37  232  
-8.36  278  
-8.35  255  
-8.34  250  
-8.33  267  
-8.32  267  
-8.31  265  
-8.3  239  
-8.29  266  
-8.28  236  
-8.27  244  
-8.26  248  
-8.25  220  
-8.24  240  
-8.23  238  
-8.22  257  
-8.21  252  
-8.2  232  
-8.19  231  
-8.18  218  
-8.17  248  
-8.16  248  
-8.15  222  
-8.14  230  
-8.13  239  
-8.12  238  
-8.11  209  
-8.1  223  
-8.09  226  
-8.08  216  
-8.07  195  
-8.06  206  
-8.05  216  
-8.04  238  
-8.03  213  
-8.02  194  
-8.01  196  
-8  175  
-7.99  196  
-7.98  212  
-7.97  196  
-7.96  193  
-7.95  198  
-7.94  190  
-7.93  194  
-7.92  193  
-7.91  183  
-7.9  189  
-7.89  153  
-7.88  175  
-7.87  191  
-7.86  162  
-7.85  155  
-7.84  164  
-7.83  174  
-7.82  164  
-7.81  168  
-7.8  176  
-7.79  161  
-7.78  139  
-7.77  155  
-7.76  151  
-7.75  158  
-7.74  126  
-7.73  145  
-7.72  156  
-7.71  151  
-7.7  147  
-7.69  140  
-7.68  147  
-7.67  134  
-7.66  136  
-7.65  129  
-7.64  133  
-7.63  124  
-7.62  128  
-7.61  125  
-7.6  124  
-7.59  103  
-7.58  116  
-7.57  114  
-7.56  117  
-7.55  110  
-7.54  103  
-7.53  95  
-7.52  115  
-7.51  102  
-7.5  100  
-7.49  93  
-7.48  92  
-7.47  94  
-7.46  94  
-7.45  72  
-7.44  98  
-7.43  91  
-7.42  75  
-7.41  75  
-7.4  91  
-7.39  71  
-7.38  68  
-7.37  86  
-7.36  91  
-7.35  86  
-7.34  73  
-7.33  78  
-7.32  70  
-7.31  85  
-7.3  46  
-7.29  82  
-7.28  61  
-7.27  70  
-7.26  72  
-7.25  49  
-7.24  54  
-7.23  66  
-7.22  56  
-7.21  47  
-7.2  49  
-7.19  63  
-7.18  52  
-7.17  43  
-7.16  46  
-7.15  59  
-7.14  49  
-7.13  53  
-7.12  38  
-7.11  51  
-7.1  44  
-7.09  39  
-7.08  43  
-7.07  41  
-7.06  34  
-7.05  43  
-7.04  52  
-7.03  41  
-7.02  25  
-7.01  47  
-7  33  
-6.99  38  
-6.98  45  
-6.97  33  
-6.96  38  
-6.95  24  
-6.94  31  
-6.93  23  
-6.92  34  
-6.91  25  
-6.9  24  
-6.89  18  
-6.88  35  
-6.87  14  
-6.86  23  
-6.85  22  
-6.84  24  
-6.83  22  
-6.82  13  
-6.81  20  
-6.8  17  
-6.79  24  
-6.78  16  
-6.77  11  
-6.76  12  
-6.75  20  
-6.74  10  
-6.73  15  
-6.72  10  
-6.71  8  
-6.7  15  
-6.69  12  
-6.68  14  
-6.67  12  
-6.66  8  
-6.65  6  
-6.64  7  
-6.63  2  
-6.62  4  
-6.61  7  
-6.6  8  
-6.59  6  
-6.58  7  
-6.57  5  
-6.56  5  
-6.55  2  
-6.54  6  
-6.53  6  
-6.52  5  
-6.51  5  
-6.5  3  
-6.49  2  
-6.48  6  
-6.47  4  
-6.46  1  
-6.45  0  
-6.44  2  
-6.43  4  
-6.42  6  
-6.41  1  
-6.4  3  
-6.39  3  
-6.38  2  
-6.37  1  
-6.36  3  
-6.35  1  
-6.34  1  
-6.33  5  
-6.32  1  
-6.31  2  
-6.3  2  
-6.29  0  
-6.28  0  
-6.27  0  
-6.26  0  
-6.25  1  
-6.24  0  
-6.23  0  
-6.22  1  
-6.21  1  
-6.2  1  
-6.19  1  
-6.18  2  
-6.17  1  
-6.16  3  
-6.15  0  
-6.14  1  
-6.13  1  
-6.12  0  
-6.11  0  
-6.1  0  
-6.09  0  
-6.08  0  
-6.07  0  
-6.06  0  
-6.05  0  
-6.04  0  
-6.03  0  
-6.02  0  
-6.01  0  
-6  0  
-5.99  0  
-5.98  0  
-5.97  0  
-5.96  0  
-5.95  0  
-5.94  0  
-5.93  0  
-5.92  0  
-5.91  0  
-5.9  1  
-5.89  0  
-5.88  0  
-5.87  0  
-5.86  0  
-5.85  0  
-5.84  0  
-5.83  0  
-5.82  0  
-5.81  0  
-5.8  0  
-5.79  0  
-5.78  0  
-5.77  0  
-5.76  0  
-5.75  0  
-5.74  0  
-5.73  0  
-5.72  0  
-5.71  0  
-5.7  0  
-5.69  0  
-5.68  0  
-5.67  0  
-5.66  0  
-5.65  0  
-5.64  0  
-5.63  0  
-5.62  0  
-5.61  0  
-5.6  0  
-5.59  0  
-5.58  0  
-5.57  0  
-5.56  0  
-5.55  0  
-5.54  0  
-5.53  0  
-5.52  0  
-5.51  0  
-5.5  0  
-5.49  0  
-5.48  0  
-5.47  0  
-5.46  0  
-5.45  0  
-5.44  0  
-5.43  0  
-5.42  0  
-5.41  0  
-5.4  0  
-5.39  0  
-5.38  0  
-5.37  0  
-5.36  0  
-5.35  0  
-5.34  0  
-5.33  0  
-5.32  0  
-5.31  0  
-5.3  0  
-5.29  0  
-5.28  0  
-5.27  0  
-5.26  0  
-5.25  0  
-5.24  0  
-5.23  0  
-5.22  0  
-5.21  0  
-5.2  0  
-5.19  0  
-5.18  0  
-5.17  0  
-5.16  0  
-5.15  0  
-5.14  0  
-5.13  0  
-5.12  0  
-5.11  0  
-5.1  0  
-5.09  0  
-5.08  0  
-5.07  0  
-5.06  0  
-5.05  0  
-5.04  0  
-5.03  0  
-5.02  0  
-5.01  0  
-5  0  
-4.99  0  
-4.98  0  
-4.97  0  
-4.96  0  
-4.95  0  
-4.94  0  
-4.93  0  
-4.92  0  
-4.91  0  
-4.9  0  
-4.89  0  
-4.88  0  
-4.87  0  
-4.86  0  
-4.85  0  
-4.84  0  
-4.83  0  
-4.82  0  
-4.81  0  
-4.8  0  
-4.79  0  
-4.78  0  
-4.77  0  
-4.76  0  
-4.75  0  
-4.74  0  
-4.73  0  
-4.72  0  
-4.71  0  
-4.7  0  
-4.69  0  
-4.68  0  
-4.67  0  
-4.66  0  
-4.65  0  
-4.64  0  
-4.63  0  
-4.62  0  
-4.61  0  
-4.6  0  
-4.59  0  
-4.58  0  
-4.57  0  
-4.56  0  
-4.55  0  
-4.54  0  
-4.53  0  
-4.52  0  
-4.51  0  
-4.5  0  
-4.49  0  
-4.48  0  
-4.47  0  
-4.46  0  
-4.45  0  
-4.44  0  
-4.43  0  
-4.42  0  
-4.41  0  
-4.4  0  
-4.39  0  
-4.38  0  
-4.37  0  
-4.36  0  
-4.35  0  
-4.34  0  
-4.33  0  
-4.32  0  
-4.31  0  
-4.3  0  
-4.29  0  
-4.28  0  
-4.27  0  
-4.26  0  
-4.25  0  
-4.24  0  
-4.23  0  
-4.22  0  
-4.21  0  
-4.2  0  
-4.19  0  
-4.18  0  
-4.17  0  
-4.16  0  
-4.15  0  
-4.14  0  
-4.13  0  
-4.12  0  
-4.11  0  
-4.1  0  
-4.09  0  
-4.08  0  
-4.07  0  
-4.06  0  
-4.05  0  
-4.04  0  
-4.03  0  
-4.02  0  
-4.01  0  
-4  0  
-3.99  0  
-3.98  0  
-3.97  0  
-3.96  0  
-3.95  0  
-3.94  0  
-3.93  0  
-3.92  0  
-3.91  0  
-3.9  0  
-3.89  0  
-3.88  0  
-3.87  0  
-3.86  0  
-3.85  0  
-3.84  0  
-3.83  0  
-3.82  0  
-3.81  0  
-3.8  0  
-3.79  0  
-3.78  0  
-3.77  0  
-3.76  0  
-3.75  0  
-3.74  0  
-3.73  0  
-3.72  0  
-3.71  0  
-3.7  0  
-3.69  0  
-3.68  0  
-3.67  0  
-3.66  0  
-3.65  0  
-3.64  0  
-3.63  0  
-3.62  0  
-3.61  0  
-3.6  0  
-3.59  0  
-3.58  0  
-3.57  0  
-3.56  0  
-3.55  0  
-3.54  0  
-3.53  0  
-3.52  0  
-3.51  0  
-3.5  0  
-3.49  0  
-3.48  0  
-3.47  0  
-3.46  0  
-3.45  0  
-3.44  0  
-3.43  0  
-3.42  0  
-3.41  0  
-3.4  0  
-3.39  0  
-3.38  0  
-3.37  0  
-3.36  0  
-3.35  0  
-3.34  0  
-3.33  0  
-3.32  0  
-3.31  0  
-3.3  0  
-3.29  0  
-3.28  0  
-3.27  0  
-3.26  0  
-3.25  0  
-3.24  0  
-3.23  0  
-3.22  0  
-3.21  0  
-3.2  0  
-3.19  0  
-3.18  0  
-3.17  0  
-3.16  0  
-3.15  0  
-3.14  0  
-3.13  0  
-3.12  0  
-3.11  0  
-3.1  0  
-3.09  0  
-3.08  0  
-3.07  0  
-3.06  0  
-3.05  0  
-3.04  0  
-3.03  0  
-3.02  0  
-3.01  0  
-3  0  
