10 1002 -13 -3 1116  0  230182
-13  19  
-12.99  11  
-12.98  12  
-12.97  3  
-12.96  13  
-12.95  5  
-12.94  18  
-12.93  10  
-12.92  10  
-12.91  4  
-12.9  15  
-12.89  8  
-12.88  12  
-12.87  8  
-12.86  10  
-12.85  9  
-12.84  14  
-12.83  2  
-12.82  12  
-12.81  11  
-12.8  14  
-12.79  13  
-12.78  11  
-12.77  19  
-12.76  11  
-12.75  17  
-12.74  9  
-12.73  15  
-12.72  15  
-12.71  15  
-12.7  14  
-12.69  12  
-12.68  15  
-12.67  16  
-12.66  9  
-12.65  14  
-12.64  10  
-12.63  13  
-12.62  15  
-12.61  18  
-12.6  12  
-12.59  16  
-12.58  19  
-12.57  12  
-12.56  13  
-12.55  9  
-12.54  17  
-12.53  24  
-12.52  20  
-12.51  13  
-12.5  19  
-12.49  14  
-12.48  13  
-12.47  15  
-12.46  15  
-12.45  15  
-12.44  15  
-12.43  23  
-12.42  19  
-12.41  17  
-12.4  18  
-12.39  18  
-12.38  16  
-12.37  16  
-12.36  20  
-12.35  23  
-12.34  15  
-12.33  15  
-12.32  21  
-12.31  21  
-12.3  16  
-12.29  17  
-12.28  24  
-12.27  24  
-12.26  25  
-12.25  11  
-12.24  21  
-12.23  20  
-12.22  24  
-12.21  25  
-12.2  25  
-12.19  22  
-12.18  22  
-12.17  23  
-12.16  29  
-12.15  18  
-12.14  21  
-12.13  21  
-12.12  25  
-12.11  27  
-12.1  18  
-12.09  27  
-12.08  26  
-12.07  27  
-12.06  30  
-12.05  29  
-12.04  22  
-12.03  37  
-12.02  23  
-12.01  35  
-12  40  
-11.99  22  
-11.98  29  
-11.97  32  
-11.96  38  
-11.95  26  
-11.94  31  
-11.93  46  
-11.92  20  
-11.91  33  
-11.9  29  
-11.89  24  
-11.88  25  
-11.87  35  
-11.86  27  
-11.85  31  
-11.84  32  
-11.83  35  
-11.82  34  
-11.81  25  
-11.8  25  
-11.79  45  
-11.78  28  
-11.77  40  
-11.76  36  
-11.75  28  
-11.74  41  
-11.73  42  
-11.72  43  
-11.71  40  
-11.7  37  
-11.69  46  
-11.68  41  
-11.67  36  
-11.66  32  
-11.65  47  
-11.64  42  
-11.63  33  
-11.62  62  
-11.61  43  
-11.6  46  
-11.59  26  
-11.58  40  
-11.57  53  
-11.56  51  
-11.55  42  
-11.54  48  
-11.53  53  
-11.52  48  
-11.51  53  
-11.5  34  
-11.49  35  
-11.48  55  
-11.47  44  
-11.46  52  
-11.45  53  
-11.44  48  
-11.43  49  
-11.42  51  
-11.41  46  
-11.4  43  
-11.39  45  
-11.38  62  
-11.37  66  
-11.36  62  
-11.35  67  
-11.34  56  
-11.33  57  
-11.32  68  
-11.31  51  
-11.3  65  
-11.29  64  
-11.28  57  
-11.27  56  
-11.26  59  
-11.25  69  
-11.24  60  
-11.23  55  
-11.22  47  
-11.21  61  
-11.2  54  
-11.19  62  
-11.18  73  
-11.17  71  
-11.16  62  
-11.15  64  
-11.14  74  
-11.13  79  
-11.12  73  
-11.11  72  
-11.1  68  
-11.09  72  
-11.08  80  
-11.07  81  
-11.06  71  
-11.05  86  
-11.04  80  
-11.03  85  
-11.02  83  
-11.01  67  
-11  76  
-10.99  88  
-10.98  72  
-10.97  73  
-10.96  76  
-10.95  80  
-10.94  78  
-10.93  89  
-10.92  86  
-10.91  75  
-10.9  92  
-10.89  91  
-10.88  93  
-10.87  109  
-10.86  94  
-10.85  96  
-10.84  98  
-10.83  91  
-10.82  86  
-10.81  93  
-10.8  98  
-10.79  81  
-10.78  99  
-10.77  83  
-10.76  99  
-10.75  100  
-10.74  96  
-10.73  107  
-10.72  107  
-10.71  113  
-10.7  112  
-10.69  115  
-10.68  104  
-10.67  113  
-10.66  118  
-10.65  110  
-10.64  126  
-10.63  113  
-10.62  141  
-10.61  111  
-10.6  127  
-10.59  110  
-10.58  137  
-10.57  120  
-10.56  115  
-10.55  123  
-10.54  137  
-10.53  109  
-10.52  124  
-10.51  133  
-10.5  122  
-10.49  116  
-10.48  123  
-10.47  142  
-10.46  145  
-10.45  148  
-10.44  139  
-10.43  123  
-10.42  133  
-10.41  127  
-10.4  142  
-10.39  132  
-10.38  154  
-10.37  116  
-10.36  148  
-10.35  149  
-10.34  163  
-10.33  145  
-10.32  164  
-10.31  153  
-10.3  165  
-10.29  151  
-10.28  151  
-10.27  187  
-10.26  163  
-10.25  178  
-10.24  181  
-10.23  166  
-10.22  181  
-10.21  135  
-10.2  189  
-10.19  184  
-10.18  183  
-10.17  159  
-10.16  194  
-10.15  181  
-10.14  181  
-10.13  192  
-10.12  179  
-10.11  174  
-10.1  180  
-10.09  175  
-10.08  202  
-10.07  186  
-10.06  206  
-10.05  211  
-10.04  227  
-10.03  196  
-10.02  189  
-10.01  218  
-10  193  
-9.99  215  
-9.98  221  
-9.97  200  
-9.96  196  
-9.95  223  
-9.94  209  
-9.93  220  
-9.92  213  
-9.91  222  
-9.9  211  
-9.89  225  
-9.88  233  
-9.87  213  
-9.86  211  
-9.85  193  
-9.84  228  
-9.83  235  
-9.82  241  
-9.81  215  
-9.8  228  
-9.79  242  
-9.78  238  
-9.77  223  
-9.76  240  
-9.75  237  
-9.74  218  
-9.73  213  
-9.72  273  
-9.71  257  
-9.7  217  
-9.69  235  
-9.68  258  
-9.67  228  
-9.66  240  
-9.65  238  
-9.64  237  
-9.63  272  
-9.62  259  
-9.61  253  
-9.6  253  
-9.59  251  
-9.58  275  
-9.57  258  
-9.56  251  
-9.55  295  
-9.54  261  
-9.53  259  
-9.52  269  
-9.51  301  
-9.5  273  
-9.49  323  
-9.48  322  
-9.47  254  
-9.46  294  
-9.45  264  
-9.44  275  
-9.43  270  
-9.42  272  
-9.41  283  
-9.4  258  
-9.39  298  
-9.38  292  
-9.37  289  
-9.36  293  
-9.35  297  
-9.34  289  
-9.33  292  
-9.32  318  
-9.31  302  
-9.3  288  
-9.29  293  
-9.28  292  
-9.27  291  
-9.26  298  
-9.25  277  
-9.24  256  
-9.23  302  
-9.22  304  
-9.21  313  
-9.2  282  
-9.19  306  
-9.18  297  
-9.17  311  
-9.16  310  
-9.15  267  
-9.14  304  
-9.13  282  
-9.12  295  
-9.11  302  
-9.1  289  
-9.09  321  
-9.08  331  
-9.07  305  
-9.06  309  
-9.05  309  
-9.04  304  
-9.03  318  
-9.02  273  
-9.01  291  
-9  333  
-8.99  335  
-8.98  293  
-8.97  290  
-8.96  297  
-8.95  323  
-8.94  339  
-8.93  324  
-8.92  315  
-8.91  309  
-8.9  295  
-8.89  289  
-8.88  300  
-8.87  273  
-8.86  291  
-8.85  300  
-8.84  292  
-8.83  295  
-8.82  298  
-8.81  317  
-8.8  312  
-8.79  288  
-8.78  308  
-8.77  292  
-8.76  297  
-8.75  276  
-8.74  321  
-8.73  320  
-8.72  301  
-8.71  311  
-8.7  289  
-8.69  276  
-8.68  291  
-8.67  266  
-8.66  313  
-8.65  285  
-8.64  270  
-8.63  278  
-8.62  260  
-8.61  296  
-8.6  272  
-8.59  330  
-8.58  286  
-8.57  284  
-8.56  282  
-8.55  316  
-8.54  246  
-8.53  257  
-8.52  232  
-8.51  280  
-8.5  266  
-8.49  267  
-8.48  284  
-8.47  276  
-8.46  245  
-8.45  244  
-8.44  254  
-8.43  248  
-8.42  235  
-8.41  251  
-8.4  252  
-8.39  228  
-8.38  242  
-8.37  242  
-8.36  275  
-8.35  202  
-8.34  206  
-8.33  228  
-8.32  204  
-8.31  215  
-8.3  220  
-8.29  212  
-8.28  221  
-8.27  213  
-8.26  209  
-8.25  197  
-8.24  205  
-8.23  197  
-8.22  181  
-8.21  192  
-8.2  186  
-8.19  194  
-8.18  172  
-8.17  183  
-8.16  204  
-8.15  180  
-8.14  175  
-8.13  163  
-8.12  177  
-8.11  186  
-8.1  175  
-8.09  149  
-8.08  167  
-8.07  159  
-8.06  158  
-8.05  155  
-8.04  157  
-8.03  154  
-8.02  159  
-8.01  153  
-8  145  
-7.99  157  
-7.98  107  
-7.97  135  
-7.96  139  
-7.95  137  
-7.94  131  
-7.93  158  
-7.92  121  
-7.91  133  
-7.9  129  
-7.89  153  
-7.88  137  
-7.87  123  
-7.86  111  
-7.85  117  
-7.84  133  
-7.83  104  
-7.82  109  
-7.81  126  
-7.8  109  
-7.79  90  
-7.78  115  
-7.77  118  
-7.76  117  
-7.75  117  
-7.74  86  
-7.73  106  
-7.72  95  
-7.71  94  
-7.7  93  
-7.69  106  
-7.68  89  
-7.67  86  
-7.66  93  
-7.65  77  
-7.64  67  
-7.63  88  
-7.62  79  
-7.61  84  
-7.6  93  
-7.59  63  
-7.58  75  
-7.57  72  
-7.56  80  
-7.55  63  
-7.54  77  
-7.53  81  
-7.52  64  
-7.51  47  
-7.5  71  
-7.49  57  
-7.48  60  
-7.47  52  
-7.46  55  
-7.45  60  
-7.44  60  
-7.43  46  
-7.42  41  
-7.41  49  
-7.4  46  
-7.39  47  
-7.38  40  
-7.37  51  
-7.36  50  
-7.35  40  
-7.34  44  
-7.33  54  
-7.32  43  
-7.31  40  
-7.3  47  
-7.29  27  
-7.28  32  
-7.27  32  
-7.26  23  
-7.25  27  
-7.24  18  
-7.23  31  
-7.22  37  
-7.21  24  
-7.2  25  
-7.19  27  
-7.18  21  
-7.17  32  
-7.16  22  
-7.15  24  
-7.14  22  
-7.13  21  
-7.12  18  
-7.11  20  
-7.1  19  
-7.09  16  
-7.08  24  
-7.07  13  
-7.06  20  
-7.05  11  
-7.04  12  
-7.03  16  
-7.02  12  
-7.01  17  
-7  15  
-6.99  15  
-6.98  14  
-6.97  10  
-6.96  14  
-6.95  10  
-6.94  10  
-6.93  11  
-6.92  12  
-6.91  10  
-6.9  10  
-6.89  13  
-6.88  9  
-6.87  7  
-6.86  8  
-6.85  9  
-6.84  8  
-6.83  9  
-6.82  7  
-6.81  4  
-6.8  7  
-6.79  4  
-6.78  8  
-6.77  2  
-6.76  6  
-6.75  4  
-6.74  8  
-6.73  3  
-6.72  5  
-6.71  6  
-6.7  3  
-6.69  7  
-6.68  4  
-6.67  6  
-6.66  3  
-6.65  1  
-6.64  2  
-6.63  3  
-6.62  0  
-6.61  6  
-6.6  4  
-6.59  3  
-6.58  5  
-6.57  0  
-6.56  3  
-6.55  3  
-6.54  1  
-6.53  3  
-6.52  1  
-6.51  3  
-6.5  4  
-6.49  2  
-6.48  1  
-6.47  2  
-6.46  3  
-6.45  2  
-6.44  1  
-6.43  4  
-6.42  4  
-6.41  2  
-6.4  0  
-6.39  2  
-6.38  0  
-6.37  3  
-6.36  4  
-6.35  0  
-6.34  1  
-6.33  2  
-6.32  5  
-6.31  3  
-6.3  2  
-6.29  0  
-6.28  3  
-6.27  1  
-6.26  2  
-6.25  5  
-6.24  0  
-6.23  1  
-6.22  1  
-6.21  1  
-6.2  2  
-6.19  0  
-6.18  0  
-6.17  1  
-6.16  2  
-6.15  0  
-6.14  1  
-6.13  1  
-6.12  1  
-6.11  0  
-6.1  2  
-6.09  0  
-6.08  0  
-6.07  0  
-6.06  0  
-6.05  0  
-6.04  2  
-6.03  1  
-6.02  0  
-6.01  0  
-6  0  
-5.99  0  
-5.98  3  
-5.97  0  
-5.96  0  
-5.95  0  
-5.94  0  
-5.93  1  
-5.92  0  
-5.91  1  
-5.9  0  
-5.89  1  
-5.88  0  
-5.87  0  
-5.86  0  
-5.85  2  
-5.84  1  
-5.83  0  
-5.82  1  
-5.81  1  
-5.8  0  
-5.79  0  
-5.78  0  
-5.77  0  
-5.76  0  
-5.75  0  
-5.74  0  
-5.73  0  
-5.72  0  
-5.71  0  
-5.7  0  
-5.69  0  
-5.68  1  
-5.67  0  
-5.66  0  
-5.65  0  
-5.64  0  
-5.63  0  
-5.62  0  
-5.61  0  
-5.6  0  
-5.59  0  
-5.58  0  
-5.57  1  
-5.56  0  
-5.55  0  
-5.54  0  
-5.53  0  
-5.52  0  
-5.51  0  
-5.5  0  
-5.49  0  
-5.48  0  
-5.47  0  
-5.46  0  
-5.45  1  
-5.44  0  
-5.43  0  
-5.42  0  
-5.41  0  
-5.4  0  
-5.39  0  
-5.38  0  
-5.37  0  
-5.36  0  
-5.35  0  
-5.34  0  
-5.33  0  
-5.32  0  
-5.31  0  
-5.3  0  
-5.29  0  
-5.28  0  
-5.27  0  
-5.26  0  
-5.25  0  
-5.24  0  
-5.23  0  
-5.22  0  
-5.21  0  
-5.2  0  
-5.19  0  
-5.18  0  
-5.17  0  
-5.16  0  
-5.15  0  
-5.14  0  
-5.13  0  
-5.12  0  
-5.11  0  
-5.1  0  
-5.09  0  
-5.08  0  
-5.07  0  
-5.06  0  
-5.05  0  
-5.04  0  
-5.03  0  
-5.02  0  
-5.01  0  
-5  0  
-4.99  0  
-4.98  0  
-4.97  0  
-4.96  0  
-4.95  0  
-4.94  0  
-4.93  0  
-4.92  0  
-4.91  0  
-4.9  0  
-4.89  0  
-4.88  0  
-4.87  0  
-4.86  0  
-4.85  0  
-4.84  0  
-4.83  0  
-4.82  0  
-4.81  0  
-4.8  0  
-4.79  0  
-4.78  0  
-4.77  0  
-4.76  0  
-4.75  0  
-4.74  0  
-4.73  0  
-4.72  0  
-4.71  0  
-4.7  0  
-4.69  0  
-4.68  0  
-4.67  0  
-4.66  0  
-4.65  0  
-4.64  0  
-4.63  0  
-4.62  0  
-4.61  0  
-4.6  0  
-4.59  0  
-4.58  0  
-4.57  0  
-4.56  0  
-4.55  0  
-4.54  0  
-4.53  0  
-4.52  0  
-4.51  0  
-4.5  0  
-4.49  0  
-4.48  0  
-4.47  0  
-4.46  0  
-4.45  0  
-4.44  0  
-4.43  0  
-4.42  0  
-4.41  0  
-4.4  0  
-4.39  0  
-4.38  0  
-4.37  0  
-4.36  0  
-4.35  0  
-4.34  0  
-4.33  0  
-4.32  0  
-4.31  0  
-4.3  0  
-4.29  0  
-4.28  0  
-4.27  0  
-4.26  0  
-4.25  0  
-4.24  0  
-4.23  0  
-4.22  0  
-4.21  0  
-4.2  0  
-4.19  0  
-4.18  0  
-4.17  0  
-4.16  0  
-4.15  0  
-4.14  0  
-4.13  0  
-4.12  0  
-4.11  0  
-4.1  0  
-4.09  0  
-4.08  0  
-4.07  0  
-4.06  0  
-4.05  0  
-4.04  0  
-4.03  0  
-4.02  0  
-4.01  0  
-4  0  
-3.99  0  
-3.98  0  
-3.97  0  
-3.96  0  
-3.95  0  
-3.94  0  
-3.93  0  
-3.92  0  
-3.91  0  
-3.9  0  
-3.89  0  
-3.88  0  
-3.87  0  
-3.86  0  
-3.85  0  
-3.84  0  
-3.83  0  
-3.82  0  
-3.81  0  
-3.8  0  
-3.79  0  
-3.78  0  
-3.77  0  
-3.76  0  
-3.75  0  
-3.74  0  
-3.73  0  
-3.72  0  
-3.71  0  
-3.7  0  
-3.69  0  
-3.68  0  
-3.67  0  
-3.66  0  
-3.65  0  
-3.64  0  
-3.63  0  
-3.62  0  
-3.61  0  
-3.6  0  
-3.59  0  
-3.58  0  
-3.57  0  
-3.56  0  
-3.55  0  
-3.54  0  
-3.53  0  
-3.52  0  
-3.51  0  
-3.5  0  
-3.49  0  
-3.48  0  
-3.47  0  
-3.46  0  
-3.45  0  
-3.44  0  
-3.43  0  
-3.42  0  
-3.41  0  
-3.4  0  
-3.39  0  
-3.38  0  
-3.37  0  
-3.36  0  
-3.35  0  
-3.34  0  
-3.33  0  
-3.32  0  
-3.31  0  
-3.3  0  
-3.29  0  
-3.28  0  
-3.27  0  
-3.26  0  
-3.25  0  
-3.24  0  
-3.23  0  
-3.22  0  
-3.21  0  
-3.2  0  
-3.19  0  
-3.18  0  
-3.17  0  
-3.16  0  
-3.15  0  
-3.14  0  
-3.13  0  
-3.12  0  
-3.11  0  
-3.1  0  
-3.09  0  
-3.08  0  
-3.07  0  
-3.06  0  
-3.05  0  
-3.04  0  
-3.03  0  
-3.02  0  
-3.01  0  
-3  0  
