10 1002 -12 -2 606  0  230182
-12  6  
-11.99  7  
-11.98  4  
-11.97  2  
-11.96  4  
-11.95  5  
-11.94  9  
-11.93  5  
-11.92  6  
-11.91  6  
-11.9  9  
-11.89  13  
-11.88  8  
-11.87  10  
-11.86  10  
-11.85  11  
-11.84  8  
-11.83  8  
-11.82  6  
-11.81  7  
-11.8  13  
-11.79  5  
-11.78  8  
-11.77  6  
-11.76  5  
-11.75  17  
-11.74  14  
-11.73  7  
-11.72  9  
-11.71  10  
-11.7  10  
-11.69  7  
-11.68  4  
-11.67  12  
-11.66  8  
-11.65  9  
-11.64  13  
-11.63  13  
-11.62  8  
-11.61  13  
-11.6  7  
-11.59  15  
-11.58  3  
-11.57  7  
-11.56  12  
-11.55  9  
-11.54  12  
-11.53  7  
-11.52  13  
-11.51  6  
-11.5  8  
-11.49  16  
-11.48  9  
-11.47  15  
-11.46  13  
-11.45  13  
-11.44  13  
-11.43  16  
-11.42  16  
-11.41  10  
-11.4  13  
-11.39  18  
-11.38  10  
-11.37  13  
-11.36  21  
-11.35  11  
-11.34  14  
-11.33  12  
-11.32  10  
-11.31  17  
-11.3  14  
-11.29  20  
-11.28  17  
-11.27  23  
-11.26  21  
-11.25  13  
-11.24  15  
-11.23  20  
-11.22  16  
-11.21  21  
-11.2  12  
-11.19  15  
-11.18  13  
-11.17  23  
-11.16  18  
-11.15  14  
-11.14  15  
-11.13  12  
-11.12  23  
-11.11  14  
-11.1  18  
-11.09  24  
-11.08  17  
-11.07  22  
-11.06  10  
-11.05  18  
-11.04  19  
-11.03  18  
-11.02  17  
-11.01  24  
-11  14  
-10.99  17  
-10.98  25  
-10.97  16  
-10.96  26  
-10.95  20  
-10.94  21  
-10.93  19  
-10.92  24  
-10.91  17  
-10.9  13  
-10.89  21  
-10.88  14  
-10.87  27  
-10.86  23  
-10.85  24  
-10.84  25  
-10.83  23  
-10.82  25  
-10.81  27  
-10.8  27  
-10.79  24  
-10.78  24  
-10.77  24  
-10.76  25  
-10.75  25  
-10.74  21  
-10.73  30  
-10.72  33  
-10.71  27  
-10.7  22  
-10.69  22  
-10.68  19  
-10.67  33  
-10.66  25  
-10.65  32  
-10.64  31  
-10.63  36  
-10.62  29  
-10.61  27  
-10.6  24  
-10.59  29  
-10.58  24  
-10.57  34  
-10.56  29  
-10.55  33  
-10.54  32  
-10.53  32  
-10.52  33  
-10.51  23  
-10.5  22  
-10.49  33  
-10.48  52  
-10.47  20  
-10.46  38  
-10.45  27  
-10.44  35  
-10.43  31  
-10.42  33  
-10.41  30  
-10.4  33  
-10.39  36  
-10.38  33  
-10.37  32  
-10.36  35  
-10.35  38  
-10.34  36  
-10.33  37  
-10.32  34  
-10.31  38  
-10.3  31  
-10.29  45  
-10.28  34  
-10.27  31  
-10.26  42  
-10.25  45  
-10.24  44  
-10.23  31  
-10.22  36  
-10.21  54  
-10.2  36  
-10.19  49  
-10.18  37  
-10.17  46  
-10.16  44  
-10.15  38  
-10.14  45  
-10.13  39  
-10.12  36  
-10.11  46  
-10.1  58  
-10.09  38  
-10.08  37  
-10.07  38  
-10.06  39  
-10.05  48  
-10.04  43  
-10.03  48  
-10.02  55  
-10.01  52  
-10  65  
-9.99  58  
-9.98  44  
-9.97  66  
-9.96  52  
-9.95  48  
-9.94  59  
-9.93  61  
-9.92  60  
-9.91  56  
-9.9  51  
-9.89  66  
-9.88  60  
-9.87  59  
-9.86  71  
-9.85  63  
-9.84  62  
-9.83  77  
-9.82  55  
-9.81  89  
-9.8  71  
-9.79  77  
-9.78  75  
-9.77  64  
-9.76  73  
-9.75  71  
-9.74  61  
-9.73  79  
-9.72  64  
-9.71  71  
-9.7  70  
-9.69  89  
-9.68  65  
-9.67  82  
-9.66  78  
-9.65  62  
-9.64  83  
-9.63  95  
-9.62  79  
-9.61  89  
-9.6  82  
-9.59  84  
-9.58  93  
-9.57  89  
-9.56  84  
-9.55  85  
-9.54  92  
-9.53  86  
-9.52  103  
-9.51  97  
-9.5  90  
-9.49  93  
-9.48  100  
-9.47  98  
-9.46  93  
-9.45  88  
-9.44  99  
-9.43  90  
-9.42  99  
-9.41  98  
-9.4  114  
-9.39  112  
-9.38  113  
-9.37  111  
-9.36  114  
-9.35  106  
-9.34  128  
-9.33  103  
-9.32  114  
-9.31  109  
-9.3  106  
-9.29  118  
-9.28  122  
-9.27  131  
-9.26  113  
-9.25  118  
-9.24  135  
-9.23  138  
-9.22  136  
-9.21  128  
-9.2  133  
-9.19  142  
-9.18  133  
-9.17  132  
-9.16  119  
-9.15  163  
-9.14  130  
-9.13  143  
-9.12  147  
-9.11  166  
-9.1  146  
-9.09  147  
-9.08  141  
-9.07  163  
-9.06  145  
-9.05  177  
-9.04  160  
-9.03  148  
-9.02  163  
-9.01  161  
-9  156  
-8.99  148  
-8.98  146  
-8.97  146  
-8.96  154  
-8.95  167  
-8.94  147  
-8.93  167  
-8.92  185  
-8.91  177  
-8.9  184  
-8.89  195  
-8.88  175  
-8.87  199  
-8.86  203  
-8.85  189  
-8.84  141  
-8.83  195  
-8.82  229  
-8.81  191  
-8.8  196  
-8.79  204  
-8.78  182  
-8.77  211  
-8.76  192  
-8.75  225  
-8.74  219  
-8.73  225  
-8.72  209  
-8.71  241  
-8.7  237  
-8.69  228  
-8.68  236  
-8.67  198  
-8.66  215  
-8.65  207  
-8.64  250  
-8.63  232  
-8.62  231  
-8.61  235  
-8.6  206  
-8.59  236  
-8.58  261  
-8.57  247  
-8.56  262  
-8.55  234  
-8.54  245  
-8.53  250  
-8.52  243  
-8.51  261  
-8.5  275  
-8.49  258  
-8.48  249  
-8.47  259  
-8.46  276  
-8.45  275  
-8.44  229  
-8.43  301  
-8.42  266  
-8.41  286  
-8.4  257  
-8.39  286  
-8.38  283  
-8.37  281  
-8.36  280  
-8.35  311  
-8.34  276  
-8.33  268  
-8.32  317  
-8.31  284  
-8.3  292  
-8.29  343  
-8.28  309  
-8.27  305  
-8.26  315  
-8.25  331  
-8.24  332  
-8.23  306  
-8.22  319  
-8.21  326  
-8.2  334  
-8.19  307  
-8.18  300  
-8.17  285  
-8.16  323  
-8.15  319  
-8.14  316  
-8.13  360  
-8.12  342  
-8.11  319  
-8.1  357  
-8.09  313  
-8.08  342  
-8.07  362  
-8.06  327  
-8.05  325  
-8.04  349  
-8.03  322  
-8.02  336  
-8.01  331  
-8  330  
-7.99  358  
-7.98  340  
-7.97  317  
-7.96  320  
-7.95  371  
-7.94  374  
-7.93  385  
-7.92  390  
-7.91  361  
-7.9  342  
-7.89  388  
-7.88  375  
-7.87  362  
-7.86  368  
-7.85  350  
-7.84  348  
-7.83  344  
-7.82  384  
-7.81  331  
-7.8  379  
-7.79  393  
-7.78  399  
-7.77  353  
-7.76  361  
-7.75  352  
-7.74  331  
-7.73  386  
-7.72  380  
-7.71  362  
-7.7  343  
-7.69  371  
-7.68  350  
-7.67  355  
-7.66  344  
-7.65  338  
-7.64  351  
-7.63  350  
-7.62  348  
-7.61  333  
-7.6  352  
-7.59  353  
-7.58  330  
-7.57  352  
-7.56  353  
-7.55  386  
-7.54  337  
-7.53  349  
-7.52  339  
-7.51  350  
-7.5  346  
-7.49  386  
-7.48  369  
-7.47  323  
-7.46  352  
-7.45  302  
-7.44  318  
-7.43  330  
-7.42  342  
-7.41  310  
-7.4  310  
-7.39  275  
-7.38  291  
-7.37  306  
-7.36  295  
-7.35  303  
-7.34  300  
-7.33  276  
-7.32  312  
-7.31  299  
-7.3  300  
-7.29  284  
-7.28  305  
-7.27  271  
-7.26  269  
-7.25  294  
-7.24  255  
-7.23  274  
-7.22  281  
-7.21  238  
-7.2  247  
-7.19  238  
-7.18  254  
-7.17  182  
-7.16  246  
-7.15  244  
-7.14  243  
-7.13  236  
-7.12  234  
-7.11  209  
-7.1  237  
-7.09  191  
-7.08  244  
-7.07  230  
-7.06  168  
-7.05  192  
-7.04  209  
-7.03  215  
-7.02  201  
-7.01  208  
-7  197  
-6.99  185  
-6.98  190  
-6.97  158  
-6.96  187  
-6.95  172  
-6.94  175  
-6.93  150  
-6.92  184  
-6.91  167  
-6.9  146  
-6.89  153  
-6.88  150  
-6.87  161  
-6.86  149  
-6.85  131  
-6.84  138  
-6.83  140  
-6.82  128  
-6.81  128  
-6.8  145  
-6.79  129  
-6.78  129  
-6.77  120  
-6.76  119  
-6.75  108  
-6.74  120  
-6.73  114  
-6.72  114  
-6.71  118  
-6.7  131  
-6.69  108  
-6.68  113  
-6.67  88  
-6.66  105  
-6.65  95  
-6.64  83  
-6.63  95  
-6.62  97  
-6.61  80  
-6.6  72  
-6.59  78  
-6.58  90  
-6.57  61  
-6.56  71  
-6.55  84  
-6.54  71  
-6.53  87  
-6.52  78  
-6.51  70  
-6.5  72  
-6.49  64  
-6.48  74  
-6.47  70  
-6.46  58  
-6.45  61  
-6.44  52  
-6.43  55  
-6.42  49  
-6.41  53  
-6.4  54  
-6.39  63  
-6.38  50  
-6.37  45  
-6.36  51  
-6.35  42  
-6.34  32  
-6.33  49  
-6.32  50  
-6.31  49  
-6.3  43  
-6.29  47  
-6.28  34  
-6.27  26  
-6.26  35  
-6.25  35  
-6.24  22  
-6.23  26  
-6.22  24  
-6.21  29  
-6.2  29  
-6.19  23  
-6.18  29  
-6.17  32  
-6.16  18  
-6.15  17  
-6.14  19  
-6.13  17  
-6.12  22  
-6.11  22  
-6.1  13  
-6.09  16  
-6.08  11  
-6.07  11  
-6.06  7  
-6.05  11  
-6.04  19  
-6.03  7  
-6.02  16  
-6.01  9  
-6  12  
-5.99  13  
-5.98  8  
-5.97  14  
-5.96  3  
-5.95  7  
-5.94  10  
-5.93  10  
-5.92  4  
-5.91  7  
-5.9  11  
-5.89  5  
-5.88  6  
-5.87  3  
-5.86  4  
-5.85  4  
-5.84  6  
-5.83  11  
-5.82  6  
-5.81  7  
-5.8  5  
-5.79  6  
-5.78  3  
-5.77  5  
-5.76  5  
-5.75  2  
-5.74  3  
-5.73  4  
-5.72  3  
-5.71  2  
-5.7  3  
-5.69  3  
-5.68  1  
-5.67  3  
-5.66  5  
-5.65  2  
-5.64  3  
-5.63  1  
-5.62  1  
-5.61  0  
-5.6  2  
-5.59  0  
-5.58  2  
-5.57  2  
-5.56  1  
-5.55  0  
-5.54  1  
-5.53  1  
-5.52  2  
-5.51  0  
-5.5  0  
-5.49  0  
-5.48  0  
-5.47  0  
-5.46  0  
-5.45  0  
-5.44  1  
-5.43  1  
-5.42  0  
-5.41  0  
-5.4  1  
-5.39  1  
-5.38  0  
-5.37  0  
-5.36  0  
-5.35  1  
-5.34  0  
-5.33  0  
-5.32  0  
-5.31  0  
-5.3  0  
-5.29  0  
-5.28  0  
-5.27  0  
-5.26  1  
-5.25  0  
-5.24  0  
-5.23  2  
-5.22  0  
-5.21  0  
-5.2  0  
-5.19  1  
-5.18  0  
-5.17  0  
-5.16  0  
-5.15  0  
-5.14  0  
-5.13  0  
-5.12  0  
-5.11  1  
-5.1  0  
-5.09  0  
-5.08  0  
-5.07  0  
-5.06  0  
-5.05  0  
-5.04  0  
-5.03  0  
-5.02  0  
-5.01  0  
-5  0  
-4.99  0  
-4.98  0  
-4.97  0  
-4.96  1  
-4.95  0  
-4.94  0  
-4.93  0  
-4.92  0  
-4.91  0  
-4.9  0  
-4.89  0  
-4.88  0  
-4.87  0  
-4.86  0  
-4.85  0  
-4.84  0  
-4.83  0  
-4.82  0  
-4.81  0  
-4.8  0  
-4.79  0  
-4.78  0  
-4.77  0  
-4.76  0  
-4.75  0  
-4.74  0  
-4.73  0  
-4.72  0  
-4.71  0  
-4.7  0  
-4.69  0  
-4.68  0  
-4.67  0  
-4.66  0  
-4.65  0  
-4.64  0  
-4.63  0  
-4.62  0  
-4.61  0  
-4.6  0  
-4.59  0  
-4.58  0  
-4.57  0  
-4.56  0  
-4.55  0  
-4.54  0  
-4.53  0  
-4.52  0  
-4.51  0  
-4.5  0  
-4.49  0  
-4.48  0  
-4.47  0  
-4.46  0  
-4.45  0  
-4.44  0  
-4.43  0  
-4.42  0  
-4.41  0  
-4.4  0  
-4.39  0  
-4.38  0  
-4.37  0  
-4.36  0  
-4.35  0  
-4.34  0  
-4.33  0  
-4.32  0  
-4.31  0  
-4.3  0  
-4.29  0  
-4.28  0  
-4.27  0  
-4.26  0  
-4.25  0  
-4.24  0  
-4.23  0  
-4.22  0  
-4.21  0  
-4.2  0  
-4.19  0  
-4.18  0  
-4.17  0  
-4.16  0  
-4.15  0  
-4.14  0  
-4.13  0  
-4.12  0  
-4.11  0  
-4.1  0  
-4.09  0  
-4.08  0  
-4.07  0  
-4.06  0  
-4.05  0  
-4.04  0  
-4.03  0  
-4.02  0  
-4.01  0  
-4  0  
-3.99  0  
-3.98  0  
-3.97  0  
-3.96  0  
-3.95  0  
-3.94  0  
-3.93  0  
-3.92  0  
-3.91  0  
-3.9  0  
-3.89  0  
-3.88  0  
-3.87  0  
-3.86  0  
-3.85  0  
-3.84  0  
-3.83  0  
-3.82  0  
-3.81  0  
-3.8  0  
-3.79  0  
-3.78  0  
-3.77  0  
-3.76  0  
-3.75  0  
-3.74  0  
-3.73  0  
-3.72  0  
-3.71  0  
-3.7  0  
-3.69  0  
-3.68  0  
-3.67  0  
-3.66  0  
-3.65  0  
-3.64  0  
-3.63  0  
-3.62  0  
-3.61  0  
-3.6  0  
-3.59  0  
-3.58  0  
-3.57  0  
-3.56  0  
-3.55  0  
-3.54  0  
-3.53  0  
-3.52  0  
-3.51  0  
-3.5  0  
-3.49  0  
-3.48  0  
-3.47  0  
-3.46  0  
-3.45  0  
-3.44  0  
-3.43  0  
-3.42  0  
-3.41  0  
-3.4  0  
-3.39  0  
-3.38  0  
-3.37  0  
-3.36  0  
-3.35  0  
-3.34  0  
-3.33  0  
-3.32  0  
-3.31  0  
-3.3  0  
-3.29  0  
-3.28  0  
-3.27  0  
-3.26  0  
-3.25  0  
-3.24  0  
-3.23  0  
-3.22  0  
-3.21  0  
-3.2  0  
-3.19  0  
-3.18  0  
-3.17  0  
-3.16  0  
-3.15  0  
-3.14  0  
-3.13  0  
-3.12  0  
-3.11  0  
-3.1  0  
-3.09  0  
-3.08  0  
-3.07  0  
-3.06  0  
-3.05  0  
-3.04  0  
-3.03  0  
-3.02  0  
-3.01  0  
-3  0  
-2.99  0  
-2.98  0  
-2.97  0  
-2.96  0  
-2.95  0  
-2.94  0  
-2.93  0  
-2.92  0  
-2.91  0  
-2.9  0  
-2.89  0  
-2.88  0  
-2.87  0  
-2.86  0  
-2.85  0  
-2.84  0  
-2.83  0  
-2.82  0  
-2.81  0  
-2.8  0  
-2.79  0  
-2.78  0  
-2.77  0  
-2.76  0  
-2.75  0  
-2.74  0  
-2.73  0  
-2.72  0  
-2.71  0  
-2.7  0  
-2.69  0  
-2.68  0  
-2.67  0  
-2.66  0  
-2.65  0  
-2.64  0  
-2.63  0  
-2.62  0  
-2.61  0  
-2.6  0  
-2.59  0  
-2.58  0  
-2.57  0  
-2.56  0  
-2.55  0  
-2.54  0  
-2.53  0  
-2.52  0  
-2.51  0  
-2.5  0  
-2.49  0  
-2.48  0  
-2.47  0  
-2.46  0  
-2.45  0  
-2.44  0  
-2.43  0  
-2.42  0  
-2.41  0  
-2.4  0  
-2.39  0  
-2.38  0  
-2.37  0  
-2.36  0  
-2.35  0  
-2.34  0  
-2.33  0  
-2.32  0  
-2.31  0  
-2.3  0  
-2.29  0  
-2.28  0  
-2.27  0  
-2.26  0  
-2.25  0  
-2.24  0  
-2.23  0  
-2.22  0  
-2.21  0  
-2.2  0  
-2.19  0  
-2.18  0  
-2.17  0  
-2.16  0  
-2.15  0  
-2.14  0  
-2.13  0  
-2.12  0  
-2.11  0  
-2.1  0  
-2.09  0  
-2.08  0  
-2.07  0  
-2.06  0  
-2.05  0  
-2.04  0  
-2.03  0  
-2.02  0  
-2.01  0  
-2  0  
