10 1002 -12 -2 382  0  127339
-12  3  
-11.99  2  
-11.98  0  
-11.97  2  
-11.96  1  
-11.95  0  
-11.94  3  
-11.93  3  
-11.92  4  
-11.91  0  
-11.9  4  
-11.89  1  
-11.88  3  
-11.87  2  
-11.86  4  
-11.85  5  
-11.84  5  
-11.83  3  
-11.82  5  
-11.81  2  
-11.8  7  
-11.79  2  
-11.78  4  
-11.77  2  
-11.76  0  
-11.75  2  
-11.74  5  
-11.73  2  
-11.72  3  
-11.71  1  
-11.7  4  
-11.69  2  
-11.68  5  
-11.67  2  
-11.66  2  
-11.65  7  
-11.64  2  
-11.63  4  
-11.62  7  
-11.61  4  
-11.6  3  
-11.59  3  
-11.58  9  
-11.57  6  
-11.56  8  
-11.55  7  
-11.54  5  
-11.53  4  
-11.52  7  
-11.51  9  
-11.5  8  
-11.49  3  
-11.48  3  
-11.47  5  
-11.46  4  
-11.45  1  
-11.44  7  
-11.43  11  
-11.42  4  
-11.41  6  
-11.4  2  
-11.39  5  
-11.38  5  
-11.37  5  
-11.36  12  
-11.35  6  
-11.34  3  
-11.33  5  
-11.32  2  
-11.31  2  
-11.3  5  
-11.29  7  
-11.28  9  
-11.27  3  
-11.26  2  
-11.25  4  
-11.24  11  
-11.23  8  
-11.22  8  
-11.21  5  
-11.2  11  
-11.19  7  
-11.18  9  
-11.17  7  
-11.16  11  
-11.15  3  
-11.14  7  
-11.13  7  
-11.12  5  
-11.11  9  
-11.1  9  
-11.09  6  
-11.08  10  
-11.07  12  
-11.06  13  
-11.05  11  
-11.04  8  
-11.03  5  
-11.02  11  
-11.01  4  
-11  11  
-10.99  10  
-10.98  13  
-10.97  17  
-10.96  5  
-10.95  11  
-10.94  16  
-10.93  10  
-10.92  13  
-10.91  8  
-10.9  14  
-10.89  12  
-10.88  14  
-10.87  10  
-10.86  10  
-10.85  15  
-10.84  13  
-10.83  17  
-10.82  12  
-10.81  12  
-10.8  7  
-10.79  24  
-10.78  14  
-10.77  12  
-10.76  13  
-10.75  21  
-10.74  16  
-10.73  16  
-10.72  19  
-10.71  22  
-10.7  22  
-10.69  16  
-10.68  25  
-10.67  16  
-10.66  20  
-10.65  15  
-10.64  28  
-10.63  18  
-10.62  24  
-10.61  26  
-10.6  29  
-10.59  21  
-10.58  18  
-10.57  28  
-10.56  20  
-10.55  26  
-10.54  24  
-10.53  17  
-10.52  24  
-10.51  20  
-10.5  28  
-10.49  31  
-10.48  15  
-10.47  38  
-10.46  31  
-10.45  29  
-10.44  33  
-10.43  35  
-10.42  30  
-10.41  30  
-10.4  33  
-10.39  33  
-10.38  27  
-10.37  44  
-10.36  25  
-10.35  38  
-10.34  35  
-10.33  34  
-10.32  35  
-10.31  34  
-10.3  35  
-10.29  51  
-10.28  35  
-10.27  43  
-10.26  40  
-10.25  41  
-10.24  42  
-10.23  45  
-10.22  34  
-10.21  31  
-10.2  47  
-10.19  55  
-10.18  35  
-10.17  56  
-10.16  43  
-10.15  52  
-10.14  51  
-10.13  50  
-10.12  39  
-10.11  49  
-10.1  51  
-10.09  54  
-10.08  55  
-10.07  56  
-10.06  62  
-10.05  55  
-10.04  47  
-10.03  74  
-10.02  56  
-10.01  54  
-10  63  
-9.99  56  
-9.98  52  
-9.97  57  
-9.96  54  
-9.95  55  
-9.94  62  
-9.93  65  
-9.92  69  
-9.91  63  
-9.9  68  
-9.89  68  
-9.88  67  
-9.87  71  
-9.86  68  
-9.85  82  
-9.84  74  
-9.83  90  
-9.82  83  
-9.81  83  
-9.8  62  
-9.79  76  
-9.78  84  
-9.77  91  
-9.76  90  
-9.75  68  
-9.74  78  
-9.73  86  
-9.72  99  
-9.71  84  
-9.7  86  
-9.69  83  
-9.68  81  
-9.67  94  
-9.66  90  
-9.65  90  
-9.64  117  
-9.63  106  
-9.62  102  
-9.61  90  
-9.6  110  
-9.59  111  
-9.58  110  
-9.57  133  
-9.56  114  
-9.55  105  
-9.54  93  
-9.53  147  
-9.52  105  
-9.51  87  
-9.5  106  
-9.49  94  
-9.48  119  
-9.47  104  
-9.46  116  
-9.45  126  
-9.44  114  
-9.43  111  
-9.42  120  
-9.41  119  
-9.4  109  
-9.39  137  
-9.38  136  
-9.37  129  
-9.36  141  
-9.35  143  
-9.34  143  
-9.33  121  
-9.32  136  
-9.31  133  
-9.3  145  
-9.29  121  
-9.28  136  
-9.27  157  
-9.26  141  
-9.25  148  
-9.24  146  
-9.23  127  
-9.22  125  
-9.21  146  
-9.2  137  
-9.19  159  
-9.18  154  
-9.17  151  
-9.16  159  
-9.15  169  
-9.14  166  
-9.13  160  
-9.12  154  
-9.11  159  
-9.1  194  
-9.09  152  
-9.08  191  
-9.07  175  
-9.06  184  
-9.05  182  
-9.04  184  
-9.03  183  
-9.02  203  
-9.01  192  
-9  177  
-8.99  213  
-8.98  184  
-8.97  187  
-8.96  187  
-8.95  217  
-8.94  220  
-8.93  197  
-8.92  223  
-8.91  234  
-8.9  224  
-8.89  215  
-8.88  239  
-8.87  236  
-8.86  252  
-8.85  251  
-8.84  221  
-8.83  257  
-8.82  253  
-8.81  242  
-8.8  266  
-8.79  241  
-8.78  227  
-8.77  253  
-8.76  222  
-8.75  268  
-8.74  296  
-8.73  246  
-8.72  241  
-8.71  255  
-8.7  269  
-8.69  250  
-8.68  254  
-8.67  287  
-8.66  255  
-8.65  276  
-8.64  252  
-8.63  294  
-8.62  257  
-8.61  288  
-8.6  284  
-8.59  295  
-8.58  270  
-8.57  261  
-8.56  305  
-8.55  278  
-8.54  259  
-8.53  272  
-8.52  310  
-8.51  295  
-8.5  270  
-8.49  252  
-8.48  286  
-8.47  298  
-8.46  288  
-8.45  285  
-8.44  299  
-8.43  309  
-8.42  314  
-8.41  320  
-8.4  316  
-8.39  260  
-8.38  286  
-8.37  298  
-8.36  318  
-8.35  278  
-8.34  276  
-8.33  281  
-8.32  307  
-8.31  317  
-8.3  296  
-8.29  313  
-8.28  283  
-8.27  331  
-8.26  337  
-8.25  324  
-8.24  317  
-8.23  295  
-8.22  309  
-8.21  344  
-8.2  303  
-8.19  333  
-8.18  303  
-8.17  304  
-8.16  327  
-8.15  348  
-8.14  308  
-8.13  310  
-8.12  327  
-8.11  336  
-8.1  308  
-8.09  323  
-8.08  326  
-8.07  322  
-8.06  315  
-8.05  321  
-8.04  323  
-8.03  315  
-8.02  345  
-8.01  336  
-8  337  
-7.99  330  
-7.98  317  
-7.97  343  
-7.96  359  
-7.95  366  
-7.94  364  
-7.93  329  
-7.92  341  
-7.91  340  
-7.9  326  
-7.89  318  
-7.88  338  
-7.87  358  
-7.86  347  
-7.85  352  
-7.84  332  
-7.83  323  
-7.82  320  
-7.81  328  
-7.8  332  
-7.79  319  
-7.78  357  
-7.77  308  
-7.76  360  
-7.75  323  
-7.74  354  
-7.73  321  
-7.72  316  
-7.71  370  
-7.7  338  
-7.69  379  
-7.68  366  
-7.67  347  
-7.66  368  
-7.65  391  
-7.64  365  
-7.63  409  
-7.62  424  
-7.61  428  
-7.6  409  
-7.59  416  
-7.58  438  
-7.57  449  
-7.56  428  
-7.55  499  
-7.54  472  
-7.53  474  
-7.52  483  
-7.51  509  
-7.5  565  
-7.49  545  
-7.48  556  
-7.47  592  
-7.46  617  
-7.45  603  
-7.44  593  
-7.43  652  
-7.42  605  
-7.41  643  
-7.4  616  
-7.39  634  
-7.38  600  
-7.37  587  
-7.36  610  
-7.35  586  
-7.34  570  
-7.33  526  
-7.32  531  
-7.31  553  
-7.3  479  
-7.29  446  
-7.28  493  
-7.27  413  
-7.26  388  
-7.25  376  
-7.24  398  
-7.23  340  
-7.22  293  
-7.21  307  
-7.2  284  
-7.19  259  
-7.18  206  
-7.17  211  
-7.16  177  
-7.15  165  
-7.14  157  
-7.13  141  
-7.12  113  
-7.11  99  
-7.1  94  
-7.09  94  
-7.08  68  
-7.07  65  
-7.06  43  
-7.05  41  
-7.04  34  
-7.03  35  
-7.02  34  
-7.01  24  
-7  20  
-6.99  18  
-6.98  26  
-6.97  18  
-6.96  16  
-6.95  9  
-6.94  10  
-6.93  12  
-6.92  12  
-6.91  9  
-6.9  8  
-6.89  3  
-6.88  6  
-6.87  4  
-6.86  2  
-6.85  5  
-6.84  0  
-6.83  3  
-6.82  3  
-6.81  4  
-6.8  8  
-6.79  1  
-6.78  3  
-6.77  1  
-6.76  3  
-6.75  2  
-6.74  2  
-6.73  0  
-6.72  3  
-6.71  1  
-6.7  1  
-6.69  2  
-6.68  2  
-6.67  2  
-6.66  0  
-6.65  0  
-6.64  1  
-6.63  2  
-6.62  0  
-6.61  3  
-6.6  0  
-6.59  0  
-6.58  0  
-6.57  0  
-6.56  0  
-6.55  2  
-6.54  2  
-6.53  0  
-6.52  0  
-6.51  0  
-6.5  1  
-6.49  2  
-6.48  1  
-6.47  1  
-6.46  0  
-6.45  0  
-6.44  0  
-6.43  0  
-6.42  0  
-6.41  0  
-6.4  0  
-6.39  0  
-6.38  1  
-6.37  1  
-6.36  0  
-6.35  0  
-6.34  0  
-6.33  0  
-6.32  0  
-6.31  0  
-6.3  0  
-6.29  0  
-6.28  0  
-6.27  0  
-6.26  0  
-6.25  0  
-6.24  0  
-6.23  0  
-6.22  0  
-6.21  0  
-6.2  1  
-6.19  0  
-6.18  0  
-6.17  0  
-6.16  0  
-6.15  0  
-6.14  0  
-6.13  0  
-6.12  0  
-6.11  0  
-6.1  0  
-6.09  0  
-6.08  0  
-6.07  0  
-6.06  0  
-6.05  0  
-6.04  0  
-6.03  0  
-6.02  0  
-6.01  0  
-6  0  
-5.99  0  
-5.98  0  
-5.97  0  
-5.96  0  
-5.95  0  
-5.94  0  
-5.93  0  
-5.92  0  
-5.91  0  
-5.9  0  
-5.89  0  
-5.88  0  
-5.87  0  
-5.86  0  
-5.85  0  
-5.84  0  
-5.83  0  
-5.82  0  
-5.81  0  
-5.8  0  
-5.79  0  
-5.78  0  
-5.77  0  
-5.76  0  
-5.75  0  
-5.74  0  
-5.73  0  
-5.72  0  
-5.71  0  
-5.7  0  
-5.69  0  
-5.68  0  
-5.67  0  
-5.66  0  
-5.65  0  
-5.64  0  
-5.63  0  
-5.62  0  
-5.61  0  
-5.6  0  
-5.59  0  
-5.58  0  
-5.57  0  
-5.56  0  
-5.55  0  
-5.54  0  
-5.53  0  
-5.52  0  
-5.51  0  
-5.5  0  
-5.49  0  
-5.48  0  
-5.47  0  
-5.46  0  
-5.45  0  
-5.44  0  
-5.43  0  
-5.42  0  
-5.41  0  
-5.4  0  
-5.39  0  
-5.38  0  
-5.37  0  
-5.36  0  
-5.35  0  
-5.34  0  
-5.33  0  
-5.32  0  
-5.31  0  
-5.3  0  
-5.29  0  
-5.28  0  
-5.27  0  
-5.26  0  
-5.25  0  
-5.24  0  
-5.23  0  
-5.22  0  
-5.21  0  
-5.2  0  
-5.19  0  
-5.18  0  
-5.17  0  
-5.16  0  
-5.15  0  
-5.14  0  
-5.13  0  
-5.12  0  
-5.11  0  
-5.1  0  
-5.09  0  
-5.08  0  
-5.07  0  
-5.06  0  
-5.05  0  
-5.04  0  
-5.03  0  
-5.02  0  
-5.01  0  
-5  0  
-4.99  0  
-4.98  0  
-4.97  0  
-4.96  0  
-4.95  0  
-4.94  0  
-4.93  0  
-4.92  0  
-4.91  0  
-4.9  0  
-4.89  0  
-4.88  0  
-4.87  0  
-4.86  0  
-4.85  0  
-4.84  0  
-4.83  0  
-4.82  0  
-4.81  0  
-4.8  0  
-4.79  0  
-4.78  0  
-4.77  0  
-4.76  0  
-4.75  0  
-4.74  0  
-4.73  0  
-4.72  0  
-4.71  0  
-4.7  0  
-4.69  0  
-4.68  0  
-4.67  0  
-4.66  0  
-4.65  0  
-4.64  0  
-4.63  0  
-4.62  0  
-4.61  0  
-4.6  0  
-4.59  0  
-4.58  0  
-4.57  0  
-4.56  0  
-4.55  0  
-4.54  0  
-4.53  0  
-4.52  0  
-4.51  0  
-4.5  0  
-4.49  0  
-4.48  0  
-4.47  0  
-4.46  0  
-4.45  0  
-4.44  0  
-4.43  0  
-4.42  0  
-4.41  0  
-4.4  0  
-4.39  0  
-4.38  0  
-4.37  0  
-4.36  0  
-4.35  0  
-4.34  0  
-4.33  0  
-4.32  0  
-4.31  0  
-4.3  0  
-4.29  0  
-4.28  0  
-4.27  0  
-4.26  0  
-4.25  0  
-4.24  0  
-4.23  0  
-4.22  0  
-4.21  0  
-4.2  0  
-4.19  0  
-4.18  0  
-4.17  0  
-4.16  0  
-4.15  0  
-4.14  0  
-4.13  0  
-4.12  0  
-4.11  0  
-4.1  0  
-4.09  0  
-4.08  0  
-4.07  0  
-4.06  0  
-4.05  0  
-4.04  0  
-4.03  0  
-4.02  0  
-4.01  0  
-4  0  
-3.99  0  
-3.98  0  
-3.97  0  
-3.96  0  
-3.95  0  
-3.94  0  
-3.93  0  
-3.92  0  
-3.91  0  
-3.9  0  
-3.89  0  
-3.88  0  
-3.87  0  
-3.86  0  
-3.85  0  
-3.84  0  
-3.83  0  
-3.82  0  
-3.81  0  
-3.8  0  
-3.79  0  
-3.78  0  
-3.77  0  
-3.76  0  
-3.75  0  
-3.74  0  
-3.73  0  
-3.72  0  
-3.71  0  
-3.7  0  
-3.69  0  
-3.68  0  
-3.67  0  
-3.66  0  
-3.65  0  
-3.64  0  
-3.63  0  
-3.62  0  
-3.61  0  
-3.6  0  
-3.59  0  
-3.58  0  
-3.57  0  
-3.56  0  
-3.55  0  
-3.54  0  
-3.53  0  
-3.52  0  
-3.51  0  
-3.5  0  
-3.49  0  
-3.48  0  
-3.47  0  
-3.46  0  
-3.45  0  
-3.44  0  
-3.43  0  
-3.42  0  
-3.41  0  
-3.4  0  
-3.39  0  
-3.38  0  
-3.37  0  
-3.36  0  
-3.35  0  
-3.34  0  
-3.33  0  
-3.32  0  
-3.31  0  
-3.3  0  
-3.29  0  
-3.28  0  
-3.27  0  
-3.26  0  
-3.25  0  
-3.24  0  
-3.23  0  
-3.22  0  
-3.21  0  
-3.2  0  
-3.19  0  
-3.18  0  
-3.17  0  
-3.16  0  
-3.15  0  
-3.14  0  
-3.13  0  
-3.12  0  
-3.11  0  
-3.1  0  
-3.09  0  
-3.08  0  
-3.07  0  
-3.06  0  
-3.05  0  
-3.04  0  
-3.03  0  
-3.02  0  
-3.01  0  
-3  0  
-2.99  0  
-2.98  0  
-2.97  0  
-2.96  0  
-2.95  0  
-2.94  0  
-2.93  0  
-2.92  0  
-2.91  0  
-2.9  0  
-2.89  0  
-2.88  0  
-2.87  0  
-2.86  0  
-2.85  0  
-2.84  0  
-2.83  0  
-2.82  0  
-2.81  0  
-2.8  0  
-2.79  0  
-2.78  0  
-2.77  0  
-2.76  0  
-2.75  0  
-2.74  0  
-2.73  0  
-2.72  0  
-2.71  0  
-2.7  0  
-2.69  0  
-2.68  0  
-2.67  0  
-2.66  0  
-2.65  0  
-2.64  0  
-2.63  0  
-2.62  0  
-2.61  0  
-2.6  0  
-2.59  0  
-2.58  0  
-2.57  0  
-2.56  0  
-2.55  0  
-2.54  0  
-2.53  0  
-2.52  0  
-2.51  0  
-2.5  0  
-2.49  0  
-2.48  0  
-2.47  0  
-2.46  0  
-2.45  0  
-2.44  0  
-2.43  0  
-2.42  0  
-2.41  0  
-2.4  0  
-2.39  0  
-2.38  0  
-2.37  0  
-2.36  0  
-2.35  0  
-2.34  0  
-2.33  0  
-2.32  0  
-2.31  0  
-2.3  0  
-2.29  0  
-2.28  0  
-2.27  0  
-2.26  0  
-2.25  0  
-2.24  0  
-2.23  0  
-2.22  0  
-2.21  0  
-2.2  0  
-2.19  0  
-2.18  0  
-2.17  0  
-2.16  0  
-2.15  0  
-2.14  0  
-2.13  0  
-2.12  0  
-2.11  0  
-2.1  0  
-2.09  0  
-2.08  0  
-2.07  0  
-2.06  0  
-2.05  0  
-2.04  0  
-2.03  0  
-2.02  0  
-2.01  0  
-2  0  
