10 1002 -12 -2 352  0  127339
-12  1  
-11.99  0  
-11.98  5  
-11.97  4  
-11.96  1  
-11.95  2  
-11.94  2  
-11.93  5  
-11.92  2  
-11.91  2  
-11.9  2  
-11.89  2  
-11.88  2  
-11.87  3  
-11.86  3  
-11.85  2  
-11.84  1  
-11.83  4  
-11.82  4  
-11.81  2  
-11.8  1  
-11.79  5  
-11.78  2  
-11.77  6  
-11.76  2  
-11.75  3  
-11.74  0  
-11.73  4  
-11.72  3  
-11.71  2  
-11.7  3  
-11.69  2  
-11.68  3  
-11.67  2  
-11.66  1  
-11.65  6  
-11.64  1  
-11.63  2  
-11.62  2  
-11.61  5  
-11.6  6  
-11.59  4  
-11.58  6  
-11.57  4  
-11.56  4  
-11.55  3  
-11.54  9  
-11.53  2  
-11.52  6  
-11.51  6  
-11.5  9  
-11.49  4  
-11.48  6  
-11.47  3  
-11.46  3  
-11.45  2  
-11.44  3  
-11.43  5  
-11.42  8  
-11.41  4  
-11.4  3  
-11.39  9  
-11.38  5  
-11.37  6  
-11.36  2  
-11.35  2  
-11.34  6  
-11.33  5  
-11.32  7  
-11.31  5  
-11.3  3  
-11.29  7  
-11.28  8  
-11.27  12  
-11.26  3  
-11.25  5  
-11.24  8  
-11.23  4  
-11.22  2  
-11.21  3  
-11.2  5  
-11.19  4  
-11.18  12  
-11.17  6  
-11.16  6  
-11.15  7  
-11.14  9  
-11.13  2  
-11.12  7  
-11.11  9  
-11.1  6  
-11.09  12  
-11.08  5  
-11.07  6  
-11.06  9  
-11.05  12  
-11.04  8  
-11.03  13  
-11.02  11  
-11.01  8  
-11  10  
-10.99  5  
-10.98  10  
-10.97  4  
-10.96  12  
-10.95  9  
-10.94  13  
-10.93  6  
-10.92  13  
-10.91  8  
-10.9  9  
-10.89  8  
-10.88  20  
-10.87  9  
-10.86  15  
-10.85  8  
-10.84  13  
-10.83  10  
-10.82  10  
-10.81  17  
-10.8  9  
-10.79  10  
-10.78  17  
-10.77  17  
-10.76  11  
-10.75  14  
-10.74  21  
-10.73  15  
-10.72  17  
-10.71  11  
-10.7  18  
-10.69  15  
-10.68  16  
-10.67  19  
-10.66  16  
-10.65  18  
-10.64  15  
-10.63  13  
-10.62  20  
-10.61  20  
-10.6  15  
-10.59  21  
-10.58  14  
-10.57  16  
-10.56  19  
-10.55  24  
-10.54  25  
-10.53  28  
-10.52  19  
-10.51  16  
-10.5  16  
-10.49  23  
-10.48  26  
-10.47  24  
-10.46  23  
-10.45  18  
-10.44  28  
-10.43  33  
-10.42  31  
-10.41  31  
-10.4  21  
-10.39  28  
-10.38  30  
-10.37  27  
-10.36  24  
-10.35  37  
-10.34  29  
-10.33  22  
-10.32  30  
-10.31  29  
-10.3  39  
-10.29  35  
-10.28  40  
-10.27  29  
-10.26  36  
-10.25  29  
-10.24  35  
-10.23  44  
-10.22  40  
-10.21  43  
-10.2  36  
-10.19  42  
-10.18  42  
-10.17  37  
-10.16  30  
-10.15  52  
-10.14  38  
-10.13  45  
-10.12  39  
-10.11  42  
-10.1  33  
-10.09  38  
-10.08  46  
-10.07  55  
-10.06  58  
-10.05  44  
-10.04  53  
-10.03  43  
-10.02  55  
-10.01  49  
-10  43  
-9.99  56  
-9.98  51  
-9.97  58  
-9.96  52  
-9.95  59  
-9.94  39  
-9.93  54  
-9.92  68  
-9.91  62  
-9.9  71  
-9.89  50  
-9.88  68  
-9.87  63  
-9.86  54  
-9.85  54  
-9.84  62  
-9.83  67  
-9.82  77  
-9.81  80  
-9.8  70  
-9.79  59  
-9.78  76  
-9.77  65  
-9.76  75  
-9.75  76  
-9.74  74  
-9.73  70  
-9.72  77  
-9.71  72  
-9.7  95  
-9.69  83  
-9.68  75  
-9.67  79  
-9.66  74  
-9.65  96  
-9.64  79  
-9.63  100  
-9.62  86  
-9.61  87  
-9.6  91  
-9.59  87  
-9.58  86  
-9.57  97  
-9.56  90  
-9.55  101  
-9.54  90  
-9.53  110  
-9.52  110  
-9.51  117  
-9.5  87  
-9.49  98  
-9.48  99  
-9.47  98  
-9.46  108  
-9.45  124  
-9.44  120  
-9.43  115  
-9.42  128  
-9.41  93  
-9.4  95  
-9.39  120  
-9.38  123  
-9.37  122  
-9.36  101  
-9.35  120  
-9.34  125  
-9.33  115  
-9.32  114  
-9.31  121  
-9.3  127  
-9.29  128  
-9.28  132  
-9.27  88  
-9.26  125  
-9.25  113  
-9.24  123  
-9.23  133  
-9.22  140  
-9.21  149  
-9.2  134  
-9.19  144  
-9.18  132  
-9.17  147  
-9.16  139  
-9.15  130  
-9.14  163  
-9.13  157  
-9.12  153  
-9.11  144  
-9.1  152  
-9.09  155  
-9.08  134  
-9.07  153  
-9.06  168  
-9.05  137  
-9.04  160  
-9.03  159  
-9.02  178  
-9.01  153  
-9  165  
-8.99  152  
-8.98  179  
-8.97  182  
-8.96  175  
-8.95  165  
-8.94  185  
-8.93  180  
-8.92  204  
-8.91  197  
-8.9  177  
-8.89  205  
-8.88  208  
-8.87  205  
-8.86  213  
-8.85  212  
-8.84  222  
-8.83  217  
-8.82  223  
-8.81  202  
-8.8  205  
-8.79  209  
-8.78  254  
-8.77  216  
-8.76  237  
-8.75  248  
-8.74  219  
-8.73  235  
-8.72  259  
-8.71  259  
-8.7  222  
-8.69  212  
-8.68  265  
-8.67  229  
-8.66  239  
-8.65  259  
-8.64  253  
-8.63  247  
-8.62  267  
-8.61  246  
-8.6  272  
-8.59  262  
-8.58  234  
-8.57  251  
-8.56  288  
-8.55  270  
-8.54  271  
-8.53  274  
-8.52  276  
-8.51  270  
-8.5  250  
-8.49  291  
-8.48  285  
-8.47  265  
-8.46  273  
-8.45  273  
-8.44  279  
-8.43  283  
-8.42  284  
-8.41  282  
-8.4  289  
-8.39  302  
-8.38  275  
-8.37  299  
-8.36  298  
-8.35  280  
-8.34  263  
-8.33  294  
-8.32  282  
-8.31  283  
-8.3  272  
-8.29  289  
-8.28  311  
-8.27  286  
-8.26  304  
-8.25  280  
-8.24  291  
-8.23  300  
-8.22  326  
-8.21  306  
-8.2  323  
-8.19  302  
-8.18  273  
-8.17  302  
-8.16  271  
-8.15  335  
-8.14  309  
-8.13  310  
-8.12  299  
-8.11  306  
-8.1  320  
-8.09  304  
-8.08  328  
-8.07  338  
-8.06  335  
-8.05  300  
-8.04  358  
-8.03  332  
-8.02  324  
-8.01  310  
-8  318  
-7.99  319  
-7.98  340  
-7.97  339  
-7.96  305  
-7.95  335  
-7.94  315  
-7.93  334  
-7.92  316  
-7.91  339  
-7.9  300  
-7.89  349  
-7.88  339  
-7.87  345  
-7.86  335  
-7.85  336  
-7.84  339  
-7.83  341  
-7.82  320  
-7.81  332  
-7.8  325  
-7.79  354  
-7.78  375  
-7.77  352  
-7.76  323  
-7.75  337  
-7.74  338  
-7.73  340  
-7.72  305  
-7.71  336  
-7.7  328  
-7.69  349  
-7.68  336  
-7.67  349  
-7.66  330  
-7.65  331  
-7.64  347  
-7.63  349  
-7.62  323  
-7.61  336  
-7.6  342  
-7.59  362  
-7.58  352  
-7.57  376  
-7.56  366  
-7.55  361  
-7.54  377  
-7.53  378  
-7.52  396  
-7.51  423  
-7.5  412  
-7.49  434  
-7.48  438  
-7.47  489  
-7.46  448  
-7.45  446  
-7.44  453  
-7.43  433  
-7.42  512  
-7.41  519  
-7.4  552  
-7.39  553  
-7.38  611  
-7.37  574  
-7.36  601  
-7.35  612  
-7.34  565  
-7.33  671  
-7.32  628  
-7.31  677  
-7.3  617  
-7.29  641  
-7.28  643  
-7.27  588  
-7.26  603  
-7.25  630  
-7.24  573  
-7.23  526  
-7.22  574  
-7.21  508  
-7.2  495  
-7.19  465  
-7.18  430  
-7.17  427  
-7.16  430  
-7.15  392  
-7.14  388  
-7.13  374  
-7.12  351  
-7.11  300  
-7.1  277  
-7.09  294  
-7.08  282  
-7.07  248  
-7.06  209  
-7.05  218  
-7.04  163  
-7.03  126  
-7.02  110  
-7.01  101  
-7  84  
-6.99  57  
-6.98  60  
-6.97  46  
-6.96  34  
-6.95  33  
-6.94  21  
-6.93  25  
-6.92  25  
-6.91  18  
-6.9  16  
-6.89  15  
-6.88  14  
-6.87  7  
-6.86  9  
-6.85  11  
-6.84  5  
-6.83  11  
-6.82  8  
-6.81  3  
-6.8  7  
-6.79  6  
-6.78  6  
-6.77  8  
-6.76  5  
-6.75  4  
-6.74  5  
-6.73  2  
-6.72  3  
-6.71  3  
-6.7  3  
-6.69  2  
-6.68  2  
-6.67  0  
-6.66  2  
-6.65  1  
-6.64  1  
-6.63  0  
-6.62  2  
-6.61  2  
-6.6  3  
-6.59  1  
-6.58  1  
-6.57  1  
-6.56  0  
-6.55  1  
-6.54  0  
-6.53  2  
-6.52  0  
-6.51  0  
-6.5  1  
-6.49  0  
-6.48  0  
-6.47  1  
-6.46  1  
-6.45  1  
-6.44  1  
-6.43  2  
-6.42  0  
-6.41  0  
-6.4  0  
-6.39  0  
-6.38  1  
-6.37  0  
-6.36  0  
-6.35  0  
-6.34  0  
-6.33  0  
-6.32  0  
-6.31  0  
-6.3  0  
-6.29  1  
-6.28  0  
-6.27  1  
-6.26  0  
-6.25  0  
-6.24  0  
-6.23  0  
-6.22  0  
-6.21  0  
-6.2  0  
-6.19  0  
-6.18  0  
-6.17  0  
-6.16  0  
-6.15  1  
-6.14  0  
-6.13  0  
-6.12  0  
-6.11  0  
-6.1  0  
-6.09  0  
-6.08  0  
-6.07  0  
-6.06  0  
-6.05  0  
-6.04  0  
-6.03  0  
-6.02  0  
-6.01  0  
-6  0  
-5.99  0  
-5.98  0  
-5.97  0  
-5.96  0  
-5.95  0  
-5.94  0  
-5.93  0  
-5.92  0  
-5.91  0  
-5.9  0  
-5.89  0  
-5.88  0  
-5.87  0  
-5.86  0  
-5.85  0  
-5.84  0  
-5.83  0  
-5.82  0  
-5.81  0  
-5.8  0  
-5.79  0  
-5.78  0  
-5.77  0  
-5.76  0  
-5.75  0  
-5.74  0  
-5.73  0  
-5.72  0  
-5.71  0  
-5.7  0  
-5.69  0  
-5.68  0  
-5.67  0  
-5.66  0  
-5.65  0  
-5.64  0  
-5.63  0  
-5.62  0  
-5.61  0  
-5.6  0  
-5.59  0  
-5.58  0  
-5.57  0  
-5.56  0  
-5.55  0  
-5.54  0  
-5.53  0  
-5.52  0  
-5.51  0  
-5.5  0  
-5.49  0  
-5.48  0  
-5.47  0  
-5.46  0  
-5.45  0  
-5.44  0  
-5.43  0  
-5.42  0  
-5.41  0  
-5.4  0  
-5.39  0  
-5.38  0  
-5.37  0  
-5.36  0  
-5.35  0  
-5.34  0  
-5.33  0  
-5.32  0  
-5.31  0  
-5.3  0  
-5.29  0  
-5.28  0  
-5.27  0  
-5.26  0  
-5.25  0  
-5.24  0  
-5.23  0  
-5.22  0  
-5.21  0  
-5.2  0  
-5.19  0  
-5.18  0  
-5.17  0  
-5.16  0  
-5.15  0  
-5.14  0  
-5.13  0  
-5.12  0  
-5.11  0  
-5.1  0  
-5.09  0  
-5.08  0  
-5.07  0  
-5.06  0  
-5.05  0  
-5.04  0  
-5.03  0  
-5.02  0  
-5.01  0  
-5  0  
-4.99  0  
-4.98  0  
-4.97  0  
-4.96  0  
-4.95  0  
-4.94  0  
-4.93  0  
-4.92  0  
-4.91  0  
-4.9  0  
-4.89  0  
-4.88  0  
-4.87  0  
-4.86  0  
-4.85  0  
-4.84  0  
-4.83  0  
-4.82  0  
-4.81  0  
-4.8  0  
-4.79  0  
-4.78  0  
-4.77  0  
-4.76  0  
-4.75  0  
-4.74  0  
-4.73  0  
-4.72  0  
-4.71  0  
-4.7  0  
-4.69  0  
-4.68  0  
-4.67  0  
-4.66  0  
-4.65  0  
-4.64  0  
-4.63  0  
-4.62  0  
-4.61  0  
-4.6  0  
-4.59  0  
-4.58  0  
-4.57  0  
-4.56  0  
-4.55  0  
-4.54  0  
-4.53  0  
-4.52  0  
-4.51  0  
-4.5  0  
-4.49  0  
-4.48  0  
-4.47  0  
-4.46  0  
-4.45  0  
-4.44  0  
-4.43  0  
-4.42  0  
-4.41  0  
-4.4  0  
-4.39  0  
-4.38  0  
-4.37  0  
-4.36  0  
-4.35  0  
-4.34  0  
-4.33  0  
-4.32  0  
-4.31  0  
-4.3  0  
-4.29  0  
-4.28  0  
-4.27  0  
-4.26  0  
-4.25  0  
-4.24  0  
-4.23  0  
-4.22  0  
-4.21  0  
-4.2  0  
-4.19  0  
-4.18  0  
-4.17  0  
-4.16  0  
-4.15  0  
-4.14  0  
-4.13  0  
-4.12  0  
-4.11  0  
-4.1  0  
-4.09  0  
-4.08  0  
-4.07  0  
-4.06  0  
-4.05  0  
-4.04  0  
-4.03  0  
-4.02  0  
-4.01  0  
-4  0  
-3.99  0  
-3.98  0  
-3.97  0  
-3.96  0  
-3.95  0  
-3.94  0  
-3.93  0  
-3.92  0  
-3.91  0  
-3.9  0  
-3.89  0  
-3.88  0  
-3.87  0  
-3.86  0  
-3.85  0  
-3.84  0  
-3.83  0  
-3.82  0  
-3.81  0  
-3.8  0  
-3.79  0  
-3.78  0  
-3.77  0  
-3.76  0  
-3.75  0  
-3.74  0  
-3.73  0  
-3.72  0  
-3.71  0  
-3.7  0  
-3.69  0  
-3.68  0  
-3.67  0  
-3.66  0  
-3.65  0  
-3.64  0  
-3.63  0  
-3.62  0  
-3.61  0  
-3.6  0  
-3.59  0  
-3.58  0  
-3.57  0  
-3.56  0  
-3.55  0  
-3.54  0  
-3.53  0  
-3.52  0  
-3.51  0  
-3.5  0  
-3.49  0  
-3.48  0  
-3.47  0  
-3.46  0  
-3.45  0  
-3.44  0  
-3.43  0  
-3.42  0  
-3.41  0  
-3.4  0  
-3.39  0  
-3.38  0  
-3.37  0  
-3.36  0  
-3.35  0  
-3.34  0  
-3.33  0  
-3.32  0  
-3.31  0  
-3.3  0  
-3.29  0  
-3.28  0  
-3.27  0  
-3.26  0  
-3.25  0  
-3.24  0  
-3.23  0  
-3.22  0  
-3.21  0  
-3.2  0  
-3.19  0  
-3.18  0  
-3.17  0  
-3.16  0  
-3.15  0  
-3.14  0  
-3.13  0  
-3.12  0  
-3.11  0  
-3.1  0  
-3.09  0  
-3.08  0  
-3.07  0  
-3.06  0  
-3.05  0  
-3.04  0  
-3.03  0  
-3.02  0  
-3.01  0  
-3  0  
-2.99  0  
-2.98  0  
-2.97  0  
-2.96  0  
-2.95  0  
-2.94  0  
-2.93  0  
-2.92  0  
-2.91  0  
-2.9  0  
-2.89  0  
-2.88  0  
-2.87  0  
-2.86  0  
-2.85  0  
-2.84  0  
-2.83  0  
-2.82  0  
-2.81  0  
-2.8  0  
-2.79  0  
-2.78  0  
-2.77  0  
-2.76  0  
-2.75  0  
-2.74  0  
-2.73  0  
-2.72  0  
-2.71  0  
-2.7  0  
-2.69  0  
-2.68  0  
-2.67  0  
-2.66  0  
-2.65  0  
-2.64  0  
-2.63  0  
-2.62  0  
-2.61  0  
-2.6  0  
-2.59  0  
-2.58  0  
-2.57  0  
-2.56  0  
-2.55  0  
-2.54  0  
-2.53  0  
-2.52  0  
-2.51  0  
-2.5  0  
-2.49  0  
-2.48  0  
-2.47  0  
-2.46  0  
-2.45  0  
-2.44  0  
-2.43  0  
-2.42  0  
-2.41  0  
-2.4  0  
-2.39  0  
-2.38  0  
-2.37  0  
-2.36  0  
-2.35  0  
-2.34  0  
-2.33  0  
-2.32  0  
-2.31  0  
-2.3  0  
-2.29  0  
-2.28  0  
-2.27  0  
-2.26  0  
-2.25  0  
-2.24  0  
-2.23  0  
-2.22  0  
-2.21  0  
-2.2  0  
-2.19  0  
-2.18  0  
-2.17  0  
-2.16  0  
-2.15  0  
-2.14  0  
-2.13  0  
-2.12  0  
-2.11  0  
-2.1  0  
-2.09  0  
-2.08  0  
-2.07  0  
-2.06  0  
-2.05  0  
-2.04  0  
-2.03  0  
-2.02  0  
-2.01  0  
-2  0  
