9 isr_2_3__j__j__P__nu_e__e+ 310000 310000 9.80758629285e-10 46
Resonance_Uniform_8041 11788 0.298446770424 0.298446770424 4.00215078009e-05 4.85894767449e-10 2.12032785301e-23 2.36072521756e-19
Resonance_Forward_8041 6730 0.170259505601 0.170259505601 8.77218957145e-05 4.81472210581e-10 2.27125193209e-23 2.31792777043e-19
Resonance_Backward_8041 0 0 0 0 0 0 0
Threshold_Central_12062 15116 0.139283361241 0.139283361241 0.000487875911536 5.47758954769e-10 5.72949921789e-23 2.99982577538e-19
Threshold_Forward_12062 32856 0.298606433122 0.298606433122 0.0024916211474 5.50834903112e-10 5.59083518505e-23 3.03363182134e-19
Threshold_Backward_12062 672 0.00664569003821 0.00664569003821 0.00195083846339 4.99121644555e-10 1.54408378614e-22 2.48968007684e-19
Simple_Pole_Uniform_50 12838 0.0867582395736 0.0867582395736 0.0378451472294 6.04367986875e-10 1.91427667362e-22 3.65069235892e-19
Simple_Pole_Forward_50 0 0 0 0 0 0 0
Simple_Pole_Backward_50 0 0 0 0 0 0 0
