9 isr_2_4__j__j__P__nu_e__e+__j 310000 310000 3.08236637719e-10 46
Threshold_Central_18094 32598 0.356067253684 0.356067253684 0.00362710683364 3.13889184515e-10 3.50929021166e-22 9.81754911343e-20
Threshold_Forward_18094 9023 0.084004633922 0.084004633922 0.0104179378713 3.37194980492e-10 8.05662969112e-22 1.128947919e-19
Threshold_Backward_18094 22883 0.245838468469 0.245838468469 0.00804741783099 2.99023586901e-10 1.00412523768e-22 8.93146929996e-20
Threshold_Central_8241 6389 0.125981060804 0.125981060804 0.00577535412448 2.70941653827e-10 7.13072695008e-23 7.33380725091e-20
Threshold_Forward_8241 533 0.0107516766262 0.0107516766262 0.00377970122455 2.48896367995e-10 3.7763036907e-22 6.15717716321e-20
Threshold_Backward_8241 8574 0.177356906495 0.177356906495 0.0037477122784 2.78405839549e-10 1.69813116935e-22 7.73399983782e-20
Simple_Pole_Uniform_50 0 0 0 0 0 0 0
Simple_Pole_Forward_50 0 0 0 0 0 0 0
Simple_Pole_Backward_50 0 0 0 0 0 0 0
